FiniteElementSpace
FiniteElementCollection: RT_3D_P1
VDim: 1
Ordering: 0

1.36802e-12
3.06484e-12
-2.0636e-12
-1.48718e-12
-0.0238818
-0.0126253
-0.0238818
-0.0126253
0.00273233
0.00709856
0.00273233
0.00709856
0.0130655
0.0209101
0.0130655
0.0209101
-0.00905379
0.00175442
-0.00905379
0.00175442
-1.49512e-16
-1.49512e-16
1.07345e-17
1.07345e-17
-1.47225e-12
-2.23584e-12
1.55833e-12
-3.32637e-12
-0.0853934
-0.0320217
-0.0853934
-0.0320217
-0.00396123
-0.000151266
-0.00396123
-0.000151266
0.0293296
0.0556909
0.0293296
0.0556909
-1.60247e-16
-1.60247e-16
1.60247e-16
1.60247e-16
3.55314e-12
1.42147e-12
-5.87789e-13
-5.02183e-12
0.000524511
-0.00173143
0.000524511
-0.00173143
0.0296243
0.0493037
0.0296243
0.0493037
-1.49512e-16
-1.49512e-16
1.07345e-17
1.07345e-17
-8.37062e-13
-2.9158e-13
-1.25216e-12
-3.67467e-12
-0.0105522
-0.00024634
-0.0105522
-0.00024634
0.00329432
0.0141608
0.00329432
0.0141608
0.00930042
0.0180185
0.00930042
0.0180185
-1.60247e-16
0
0
1.60247e-16
-6.0432e-12
-5.28841e-12
1.70482e-12
-8.2051e-12
0.00039135
-0.000217654
0.00039135
-0.000217654
0.0273415
0.0406143
0.0273415
0.0406143
-1.60247e-16
-1.60247e-16
1.60247e-16
1.60247e-16
6.97828e-12
5.39105e-12
7.02677e-12
7.59656e-12
0.0038264
-0.00110528
0.0038264
-0.00110528
0.0288966
0.063657
0.0288966
0.063657
-1.49512e-16
-1.49512e-16
1.07345e-17
1.07345e-17
1.14797e-13
2.11798e-12
8.58807e-13
8.78049e-13
0.0115282
0.0249173
0.0115282
0.0249173
-0.0202394
-0.00658185
-0.0202394
-0.00658185
0.00245496
0.00537604
0.00245496
0.00537604
-1.60247e-16
0
0
1.60247e-16
1.24895e-12
6.6995e-14
1.73171e-12
-1.64815e-12
0.0211466
0.108245
0.0211466
0.108245
-0.00117405
0.000781728
-0.00117405
0.000781728
-1.60247e-16
-1.60247e-16
1.60247e-16
1.60247e-16
-2.05262e-13
1.46929e-12
-4.24091e-12
4.38271e-12
0.000370671
0.0106405
0.000370671
0.0106405
-0.00369507
0.000122579
-0.00369507
0.000122579
-1.49512e-16
-1.49512e-16
1.07345e-17
1.07345e-17
-6.89723e-13
4.58219e-12
-7.85735e-13
8.42036e-13
-0.00200147
-0.000884044
-0.00200147
-0.000884044
-0.00891738
-0.0051875
-0.00891738
-0.0051875
-1.70981e-16
-1.07345e-17
1.49512e-16
3.09759e-16
1.05019e-12
-2.68533e-12
1.73175e-12
-2.92734e-12
-0.00305859
0.000132569
-0.00305859
0.000132569
-0.00250598
-0.00102601
-0.00250598
-0.00102601
-1.60247e-16
-1.60247e-16
1.60247e-16
1.60247e-16
-1.15372e-12
1.30547e-12
-4.75132e-14
-4.4658e-13
-0.0160824
-0.00566693
-0.0160824
-0.00566693
-1.49512e-16
-1.49512e-16
1.07345e-17
1.07345e-17
1.9988e-12
6.51557e-12
2.97014e-12
-5.12308e-12
-0.0238818
-0.0126253
-0.0238818
-0.0126253
0.00273233
0.00709856
0.00273233
0.00709856
0.0130655
0.0209101
0.0130655
0.0209101
-0.00905379
0.00175442
-0.00905379
0.00175442
-3.84074e-12
-4.7341e-12
-9.5615e-12
-2.5756e-12
-0.0853934
-0.0320217
-0.0853934
-0.0320217
-0.00396123
-0.000151266
-0.00396123
-0.000151266
0.0293296
0.0556909
0.0293296
0.0556909
5.81377e-12
-1.86861e-12
7.30002e-12
-1.55384e-12
0.000524511
-0.00173143
0.000524511
-0.00173143
0.0296243
0.0493037
0.0296243
0.0493037
-2.03257e-12
1.94818e-12
2.0199e-12
5.60085e-12
-0.0105522
-0.00024634
-0.0105522
-0.00024634
0.00329432
0.0141608
0.00329432
0.0141608
0.00930042
0.0180185
0.00930042
0.0180185
6.43475e-12
5.31658e-12
9.37984e-13
1.09164e-11
0.00039135
-0.000217654
0.00039135
-0.000217654
0.0273415
0.0406143
0.0273415
0.0406143
-8.01724e-12
-1.38286e-12
-8.76612e-12
4.07835e-12
0.0038264
-0.00110528
0.0038264
-0.00110528
0.0288966
0.063657
0.0288966
0.063657
-2.75741e-13
-3.86767e-13
9.71974e-13
-3.96625e-12
0.0115282
0.0249173
0.0115282
0.0249173
-0.0202394
-0.00658185
-0.0202394
-0.00658185
0.00245496
0.00537604
0.00245496
0.00537604
-1.12099e-12
-9.09997e-13
2.37528e-12
-1.17323e-11
0.0211466
0.108245
0.0211466
0.108245
-0.00117405
0.000781728
-0.00117405
0.000781728
-1.11704e-12
6.67882e-12
-1.39496e-12
-2.67436e-12
0.000370671
0.0106405
0.000370671
0.0106405
-0.00369507
0.000122579
-0.00369507
0.000122579
3.26752e-14
5.85941e-12
-1.81153e-12
-1.91234e-12
-0.00200147
-0.000884044
-0.00200147
-0.000884044
-0.00891738
-0.0051875
-0.00891738
-0.0051875
7.89069e-13
1.71113e-12
-4.92448e-12
7.92301e-13
-0.00305859
0.000132569
-0.00305859
0.000132569
-0.00250598
-0.00102601
-0.00250598
-0.00102601
-2.49968e-12
1.15297e-12
-2.45587e-12
-9.08774e-14
-0.0160824
-0.00566693
-0.0160824
-0.00566693
1.07345e-17
1.07345e-17
-1.49512e-16
-1.49512e-16
-0.0238818
-0.0126253
-0.0238818
-0.0126253
0.00273233
0.00709856
0.00273233
0.00709856
0.0130655
0.0209101
0.0130655
0.0209101
-0.00905379
0.00175442
-0.00905379
0.00175442
1.60247e-16
1.60247e-16
-1.60247e-16
-1.60247e-16
-0.0853934
-0.0320217
-0.0853934
-0.0320217
-0.00396123
-0.000151266
-0.00396123
-0.000151266
0.0293296
0.0556909
0.0293296
0.0556909
1.07345e-17
1.07345e-17
-1.49512e-16
-1.49512e-16
0.000524511
-0.00173143
0.000524511
-0.00173143
0.0296243
0.0493037
0.0296243
0.0493037
0
1.60247e-16
-1.60247e-16
0
-0.0105522
-0.00024634
-0.0105522
-0.00024634
0.00329432
0.0141608
0.00329432
0.0141608
0.00930042
0.0180185
0.00930042
0.0180185
1.60247e-16
1.60247e-16
-1.60247e-16
-1.60247e-16
0.00039135
-0.000217654
0.00039135
-0.000217654
0.0273415
0.0406143
0.0273415
0.0406143
1.07345e-17
1.07345e-17
-1.49512e-16
-1.49512e-16
0.0038264
-0.00110528
0.0038264
-0.00110528
0.0288966
0.063657
0.0288966
0.063657
0
1.60247e-16
-1.60247e-16
0
0.0115282
0.0249173
0.0115282
0.0249173
-0.0202394
-0.00658185
-0.0202394
-0.00658185
0.00245496
0.00537604
0.00245496
0.00537604
1.60247e-16
1.60247e-16
-1.60247e-16
-1.60247e-16
0.0211466
0.108245
0.0211466
0.108245
-0.00117405
0.000781728
-0.00117405
0.000781728
1.07345e-17
1.07345e-17
-1.49512e-16
-1.49512e-16
0.000370671
0.0106405
0.000370671
0.0106405
-0.00369507
0.000122579
-0.00369507
0.000122579
1.49512e-16
3.09759e-16
-1.70981e-16
-1.07345e-17
-0.00200147
-0.000884044
-0.00200147
-0.000884044
-0.00891738
-0.0051875
-0.00891738
-0.0051875
1.60247e-16
1.60247e-16
-1.60247e-16
-1.60247e-16
-0.00305859
0.000132569
-0.00305859
0.000132569
-0.00250598
-0.00102601
-0.00250598
-0.00102601
1.07345e-17
1.07345e-17
-1.49512e-16
-1.49512e-16
-0.0160824
-0.00566693
-0.0160824
-0.00566693
-9.28834e-13
-4.53931e-13
-2.15502e-13
-3.77833e-12
0.00232724
0.0044372
0.00232724
0.0044372
0.00711906
0.0148535
0.00711906
0.0148535
-0.0113534
-0.00584207
-0.0113534
-0.00584207
-0.00812515
-0.0034164
-0.00812515
-0.0034164
-1.49512e-16
-1.49512e-16
1.07345e-17
1.07345e-17
-9.37063e-13
6.0001e-13
-1.49924e-12
1.73437e-12
-0.000132569
0.00305859
-0.000132569
0.00305859
0.0014749
0.00406252
0.0014749
0.00406252
-0.00199057
0.000291564
-0.00199057
0.000291564
-1.60247e-16
-1.60247e-16
1.60247e-16
1.60247e-16
2.70301e-14
4.70747e-12
-5.03253e-12
2.60605e-13
-0.00274089
0.000511516
-0.00274089
0.000511516
0
0
0
0
-9.05286e-13
-2.13478e-12
-1.93066e-12
-5.39997e-13
-0.0318918
-0.0124449
-0.0318918
-0.0124449
0.0129739
0.0209959
0.0129739
0.0209959
-0.00910122
0.0022726
-0.00910122
0.0022726
-1.60247e-16
0
0
1.60247e-16
5.60978e-13
1.82546e-12
1.13478e-12
5.3496e-13
0.0293434
0.053482
0.0293434
0.053482
-1.07345e-17
-1.07345e-17
1.49512e-16
1.49512e-16
-1.21328e-12
9.2794e-12
-2.50388e-12
-1.39504e-12
0.000944812
-0.00372221
0.000944812
-0.00372221
0.0295511
0.049223
0.0295511
0.049223
-1.49512e-16
-1.49512e-16
1.07345e-17
1.07345e-17
-6.29496e-12
-8.51984e-12
5.98062e-12
-5.05548e-12
-0.0105764
-0.000212035
-0.0105764
-0.000212035
0.00337148
0.0139698
0.00337148
0.0139698
0.00941036
0.0180066
0.00941036
0.0180066
-1.60247e-16
0
0
1.60247e-16
6.84518e-12
-1.66069e-12
-2.96016e-12
4.78919e-12
0.000245811
-0.000335586
0.000245811
-0.000335586
0.027346
0.0407295
0.027346
0.0407295
-1.60247e-16
-1.60247e-16
1.60247e-16
1.60247e-16
-1.38325e-11
-1.16467e-11
-7.67807e-12
2.34012e-12
0.00184891
-0.000669631
0.00184891
-0.000669631
0.0282158
0.0660974
0.0282158
0.0660974
-1.49512e-16
-1.49512e-16
1.07345e-17
1.07345e-17
-1.25564e-12
-4.60911e-12
-2.05003e-13
-4.1387e-12
0.0106857
0.0168832
0.0106857
0.0168832
0.00438436
0.0073606
0.00438436
0.0073606
-1.70981e-16
-1.07345e-17
1.49512e-16
3.09759e-16
-2.89075e-12
-1.60792e-12
6.06186e-13
-9.15912e-12
0.0320217
0.0853934
0.0320217
0.0853934
0.000998964
0.00346802
0.000998964
0.00346802
-1.60247e-16
-1.60247e-16
1.60247e-16
1.60247e-16
-3.15305e-12
5.94196e-13
-2.68063e-12
-1.37175e-12
0.00566693
0.0160824
0.00566693
0.0160824
-1.49512e-16
-1.49512e-16
1.07345e-17
1.07345e-17
-2.7576e-12
1.06609e-12
-9.41398e-13
-8.07881e-13
0.00232724
0.0044372
0.00232724
0.0044372
0.00711906
0.0148535
0.00711906
0.0148535
-0.0113534
-0.00584207
-0.0113534
-0.00584207
-0.00812515
-0.0034164
-0.00812515
-0.0034164
-1.30611e-12
-5.7254e-12
2.72868e-12
8.70918e-13
-0.000132569
0.00305859
-0.000132569
0.00305859
0.0014749
0.00406252
0.0014749
0.00406252
-0.00199057
0.000291564
-0.00199057
0.000291564
-3.09253e-12
2.49694e-12
-2.0155e-12
-8.31991e-12
-0.00274089
0.000511516
-0.00274089
0.000511516
-1.31906e-13
-2.5306e-12
-1.77691e-12
-1.90547e-12
-0.0318918
-0.0124449
-0.0318918
-0.0124449
0.0129739
0.0209959
0.0129739
0.0209959
-0.00910122
0.0022726
-0.00910122
0.0022726
-3.41663e-12
6.40549e-13
8.73338e-12
-1.11245e-12
0.0293434
0.053482
0.0293434
0.053482
-7.21198e-13
5.4734e-12
4.0785e-12
-9.44632e-13
0.000944812
-0.00372221
0.000944812
-0.00372221
0.0295511
0.049223
0.0295511
0.049223
-4.34314e-12
6.50121e-13
-6.54348e-12
3.23436e-12
-0.0105764
-0.000212035
-0.0105764
-0.000212035
0.00337148
0.0139698
0.00337148
0.0139698
0.00941036
0.0180066
0.00941036
0.0180066
2.96342e-12
-2.32798e-12
-9.77088e-12
3.46551e-13
0.000245811
-0.000335586
0.000245811
-0.000335586
0.027346
0.0407295
0.027346
0.0407295
-1.26049e-11
-4.39487e-12
-1.59238e-11
-2.3857e-11
0.00184891
-0.000669631
0.00184891
-0.000669631
0.0282158
0.0660974
0.0282158
0.0660974
-1.7101e-12
1.28565e-12
2.16934e-12
-7.83183e-12
0.0106857
0.0168832
0.0106857
0.0168832
0.00438436
0.0073606
0.00438436
0.0073606
-2.4483e-12
-2.39991e-12
-9.09074e-12
-1.22339e-11
0.0320217
0.0853934
0.0320217
0.0853934
0.000998964
0.00346802
0.000998964
0.00346802
1.13255e-12
-4.70705e-12
-3.00937e-12
3.99476e-12
0.00566693
0.0160824
0.00566693
0.0160824
1.07345e-17
1.07345e-17
-1.49512e-16
-1.49512e-16
0.00232724
0.0044372
0.00232724
0.0044372
0.00711906
0.0148535
0.00711906
0.0148535
-0.0113534
-0.00584207
-0.0113534
-0.00584207
-0.00812515
-0.0034164
-0.00812515
-0.0034164
1.60247e-16
1.60247e-16
-1.60247e-16
-1.60247e-16
-0.000132569
0.00305859
-0.000132569
0.00305859
0.0014749
0.00406252
0.0014749
0.00406252
-0.00199057
0.000291564
-0.00199057
0.000291564
0
0
0
0
-0.00274089
0.000511516
-0.00274089
0.000511516
0
1.60247e-16
-1.60247e-16
0
-0.0318918
-0.0124449
-0.0318918
-0.0124449
0.0129739
0.0209959
0.0129739
0.0209959
-0.00910122
0.0022726
-0.00910122
0.0022726
1.49512e-16
1.49512e-16
-1.07345e-17
-1.07345e-17
0.0293434
0.053482
0.0293434
0.053482
1.07345e-17
1.07345e-17
-1.49512e-16
-1.49512e-16
0.000944812
-0.00372221
0.000944812
-0.00372221
0.0295511
0.049223
0.0295511
0.049223
0
1.60247e-16
-1.60247e-16
0
-0.0105764
-0.000212035
-0.0105764
-0.000212035
0.00337148
0.0139698
0.00337148
0.0139698
0.00941036
0.0180066
0.00941036
0.0180066
1.60247e-16
1.60247e-16
-1.60247e-16
-1.60247e-16
0.000245811
-0.000335586
0.000245811
-0.000335586
0.027346
0.0407295
0.027346
0.0407295
1.07345e-17
1.07345e-17
-1.49512e-16
-1.49512e-16
0.00184891
-0.000669631
0.00184891
-0.000669631
0.0282158
0.0660974
0.0282158
0.0660974
1.49512e-16
3.09759e-16
-1.70981e-16
-1.07345e-17
0.0106857
0.0168832
0.0106857
0.0168832
0.00438436
0.0073606
0.00438436
0.0073606
1.60247e-16
1.60247e-16
-1.60247e-16
-1.60247e-16
0.0320217
0.0853934
0.0320217
0.0853934
0.000998964
0.00346802
0.000998964
0.00346802
1.07345e-17
1.07345e-17
-1.49512e-16
-1.49512e-16
0.00566693
0.0160824
0.00566693
0.0160824
-8.26515e-13
3.46876e-12
-5.70438e-12
-4.89511e-13
-0.0238818
-0.0126253
-0.0238818
-0.0126253
0.00273233
0.00709856
0.00273233
0.00709856
0.0130655
0.0209101
0.0130655
0.0209101
-0.00905379
0.00175442
-0.00905379
0.00175442
-1.49512e-16
-1.49512e-16
1.07345e-17
1.07345e-17
7.05333e-13
3.20184e-12
-3.46632e-12
-4.05693e-12
-0.00396123
-0.000151266
-0.00396123
-0.000151266
0.0293296
0.0556909
0.0293296
0.0556909
-1.07345e-17
-1.07345e-17
1.49512e-16
1.49512e-16
1.80002e-12
6.36006e-12
-1.22962e-12
-7.12672e-12
0.000524511
-0.00173143
0.000524511
-0.00173143
0.0296243
0.0493037
0.0296243
0.0493037
-1.49512e-16
-1.49512e-16
1.07345e-17
1.07345e-17
1.07174e-12
-7.05962e-12
-3.0696e-12
-2.49141e-12
-0.0105522
-0.00024634
-0.0105522
-0.00024634
0.00329432
0.0141608
0.00329432
0.0141608
0.00930042
0.0180185
0.00930042
0.0180185
-1.60247e-16
0
0
1.60247e-16
-8.39867e-12
-3.92605e-12
7.42952e-13
-3.2616e-12
0.00039135
-0.000217654
0.00039135
-0.000217654
0.0273415
0.0406143
0.0273415
0.0406143
-1.60247e-16
-1.60247e-16
1.60247e-16
1.60247e-16
-3.893e-12
2.09067e-12
2.24146e-12
-2.05312e-12
0.0038264
-0.00110528
0.0038264
-0.00110528
0.0288966
0.063657
0.0288966
0.063657
-1.49512e-16
-1.49512e-16
1.07345e-17
1.07345e-17
3.63967e-13
4.47328e-12
8.21788e-13
8.35383e-13
0.0115282
0.0249173
0.0115282
0.0249173
-0.0202394
-0.00658185
-0.0202394
-0.00658185
0.00245496
0.00537604
0.00245496
0.00537604
-1.60247e-16
0
0
1.60247e-16
-1.43721e-12
-1.3133e-12
3.39463e-12
-2.61551e-12
0.0211466
0.108245
0.0211466
0.108245
-0.00117405
0.000781728
-0.00117405
0.000781728
-1.60247e-16
-1.60247e-16
1.60247e-16
1.60247e-16
-1.09401e-12
1.95121e-12
-5.28467e-12
7.23604e-13
0.000370671
0.0106405
0.000370671
0.0106405
-0.00369507
0.000122579
-0.00369507
0.000122579
-1.49512e-16
-1.49512e-16
1.07345e-17
1.07345e-17
-1.05583e-12
-4.68289e-14
9.03233e-13
1.04095e-12
-0.00200147
-0.000884044
-0.00200147
-0.000884044
-0.00891738
-0.0051875
-0.00891738
-0.0051875
-1.70981e-16
-1.07345e-17
1.49512e-16
3.09759e-16
-2.50638e-14
-2.4592e-12
4.52826e-12
-1.77907e-12
-0.00250598
-0.00102601
-0.00250598
-0.00102601
-1.07345e-17
-1.07345e-17
1.49512e-16
1.49512e-16
-2.23106e-12
3.77452e-12
-2.35179e-12
3.42482e-12
0
0
0
0
1.97091e-12
-5.91255e-12
-1.3268e-12
-1.57913e-12
-0.0238818
-0.0126253
-0.0238818
-0.0126253
0.00273233
0.00709856
0.00273233
0.00709856
0.0130655
0.0209101
0.0130655
0.0209101
-0.00905379
0.00175442
-0.00905379
0.00175442
-1.11599e-12
-8.5847e-12
-1.45485e-11
-6.0314e-12
-0.00396123
-0.000151266
-0.00396123
-0.000151266
0.0293296
0.0556909
0.0293296
0.0556909
-7.4822e-12
-3.09712e-12
2.35112e-12
-1.68397e-11
0.000524511
-0.00173143
0.000524511
-0.00173143
0.0296243
0.0493037
0.0296243
0.0493037
7.05104e-12
4.36407e-12
-1.97913e-12
3.4242e-12
-0.0105522
-0.00024634
-0.0105522
-0.00024634
0.00329432
0.0141608
0.00329432
0.0141608
0.00930042
0.0180185
0.00930042
0.0180185
4.17015e-12
2.97842e-12
-7.14272e-12
3.879e-12
0.00039135
-0.000217654
0.00039135
-0.000217654
0.0273415
0.0406143
0.0273415
0.0406143
2.35272e-12
-1.66157e-12
1.95111e-12
3.12698e-12
0.0038264
-0.00110528
0.0038264
-0.00110528
0.0288966
0.063657
0.0288966
0.063657
4.49902e-13
4.48931e-12
-1.54027e-13
4.25273e-12
0.0115282
0.0249173
0.0115282
0.0249173
-0.0202394
-0.00658185
-0.0202394
-0.00658185
0.00245496
0.00537604
0.00245496
0.00537604
3.68477e-12
5.17758e-12
-1.50034e-12
1.16402e-11
0.0211466
0.108245
0.0211466
0.108245
-0.00117405
0.000781728
-0.00117405
0.000781728
-1.59333e-12
3.43005e-14
3.48785e-12
3.32271e-12
0.000370671
0.0106405
0.000370671
0.0106405
-0.00369507
0.000122579
-0.00369507
0.000122579
1.07062e-12
2.80878e-12
-3.24443e-12
-1.8339e-12
-0.00200147
-0.000884044
-0.00200147
-0.000884044
-0.00891738
-0.0051875
-0.00891738
-0.0051875
2.88483e-13
1.9471e-12
-1.03799e-12
-1.54139e-12
-0.00250598
-0.00102601
-0.00250598
-0.00102601
3.14747e-12
-9.94506e-13
-5.87977e-12
-2.00634e-12
1.07345e-17
1.07345e-17
-1.49512e-16
-1.49512e-16
-0.0238818
-0.0126253
-0.0238818
-0.0126253
0.00273233
0.00709856
0.00273233
0.00709856
0.0130655
0.0209101
0.0130655
0.0209101
-0.00905379
0.00175442
-0.00905379
0.00175442
1.49512e-16
1.49512e-16
-1.07345e-17
-1.07345e-17
-0.00396123
-0.000151266
-0.00396123
-0.000151266
0.0293296
0.0556909
0.0293296
0.0556909
1.07345e-17
1.07345e-17
-1.49512e-16
-1.49512e-16
0.000524511
-0.00173143
0.000524511
-0.00173143
0.0296243
0.0493037
0.0296243
0.0493037
0
1.60247e-16
-1.60247e-16
0
-0.0105522
-0.00024634
-0.0105522
-0.00024634
0.00329432
0.0141608
0.00329432
0.0141608
0.00930042
0.0180185
0.00930042
0.0180185
1.60247e-16
1.60247e-16
-1.60247e-16
-1.60247e-16
0.00039135
-0.000217654
0.00039135
-0.000217654
0.0273415
0.0406143
0.0273415
0.0406143
1.07345e-17
1.07345e-17
-1.49512e-16
-1.49512e-16
0.0038264
-0.00110528
0.0038264
-0.00110528
0.0288966
0.063657
0.0288966
0.063657
0
1.60247e-16
-1.60247e-16
0
0.0115282
0.0249173
0.0115282
0.0249173
-0.0202394
-0.00658185
-0.0202394
-0.00658185
0.00245496
0.00537604
0.00245496
0.00537604
1.60247e-16
1.60247e-16
-1.60247e-16
-1.60247e-16
0.0211466
0.108245
0.0211466
0.108245
-0.00117405
0.000781728
-0.00117405
0.000781728
1.07345e-17
1.07345e-17
-1.49512e-16
-1.49512e-16
0.000370671
0.0106405
0.000370671
0.0106405
-0.00369507
0.000122579
-0.00369507
0.000122579
1.49512e-16
3.09759e-16
-1.70981e-16
-1.07345e-17
-0.00200147
-0.000884044
-0.00200147
-0.000884044
-0.00891738
-0.0051875
-0.00891738
-0.0051875
1.49512e-16
1.49512e-16
-1.07345e-17
-1.07345e-17
-0.00250598
-0.00102601
-0.00250598
-0.00102601
0
0
0
0
5.32452e-12
-2.41596e-12
5.80128e-13
-2.97998e-12
0.00232724
0.0044372
0.00232724
0.0044372
0.00711906
0.0148535
0.00711906
0.0148535
-0.0113534
-0.00584207
-0.0113534
-0.00584207
-0.00812515
-0.0034164
-0.00812515
-0.0034164
-1.49512e-16
-1.49512e-16
1.07345e-17
1.07345e-17
-3.59156e-12
-3.05923e-13
3.1963e-12
2.39863e-12
0.0014749
0.00406252
0.0014749
0.00406252
-0.00199057
0.000291564
-0.00199057
0.000291564
-1.07345e-17
-1.07345e-17
1.49512e-16
1.49512e-16
4.80824e-13
2.37581e-12
1.44114e-12
-4.82378e-12
-0.00274089
0.000511516
-0.00274089
0.000511516
0
0
0
0
3.20982e-12
1.18681e-12
-9.41758e-14
2.14865e-12
-0.0318918
-0.0124449
-0.0318918
-0.0124449
0.0129739
0.0209959
0.0129739
0.0209959
-0.00910122
0.0022726
-0.00910122
0.0022726
-1.60247e-16
0
0
1.60247e-16
-2.09901e-12
1.366e-12
-1.11399e-11
5.38691e-12
0.0293434
0.053482
0.0293434
0.053482
-1.07345e-17
-1.07345e-17
1.49512e-16
1.49512e-16
2.34409e-12
4.02717e-12
5.90766e-12
-8.75754e-13
0.000944812
-0.00372221
0.000944812
-0.00372221
0.0295511
0.049223
0.0295511
0.049223
-1.49512e-16
-1.49512e-16
1.07345e-17
1.07345e-17
-7.68584e-13
-1.01929e-12
7.44469e-12
-2.57088e-12
-0.0105764
-0.000212035
-0.0105764
-0.000212035
0.00337148
0.0139698
0.00337148
0.0139698
0.00941036
0.0180066
0.00941036
0.0180066
-1.60247e-16
0
0
1.60247e-16
1.51577e-11
4.64203e-12
-3.26402e-14
1.39265e-11
0.000245811
-0.000335586
0.000245811
-0.000335586
0.027346
0.0407295
0.027346
0.0407295
-1.60247e-16
-1.60247e-16
1.60247e-16
1.60247e-16
-8.33595e-12
-6.07777e-12
-5.71655e-12
6.51163e-12
0.00184891
-0.000669631
0.00184891
-0.000669631
0.0282158
0.0660974
0.0282158
0.0660974
-1.49512e-16
-1.49512e-16
1.07345e-17
1.07345e-17
1.16635e-13
-1.51073e-13
-2.22183e-12
1.62942e-12
0.0106857
0.0168832
0.0106857
0.0168832
0.00438436
0.0073606
0.00438436
0.0073606
-1.70981e-16
-1.07345e-17
1.49512e-16
3.09759e-16
1.25968e-13
-1.62437e-12
2.14173e-12
3.17779e-12
0.000998964
0.00346802
0.000998964
0.00346802
-1.07345e-17
-1.07345e-17
1.49512e-16
1.49512e-16
-1.4355e-12
6.50157e-13
-3.21934e-12
-7.36338e-13
0
0
0
0
9.04444e-13
1.69194e-12
9.51721e-13
4.34674e-12
0.00232724
0.0044372
0.00232724
0.0044372
0.00711906
0.0148535
0.00711906
0.0148535
-0.0113534
-0.00584207
-0.0113534
-0.00584207
-0.00812515
-0.0034164
-0.00812515
-0.0034164
-9.12682e-14
-2.18615e-12
1.99115e-12
-9.194e-13
0.0014749
0.00406252
0.0014749
0.00406252
-0.00199057
0.000291564
-0.00199057
0.000291564
4.37195e-12
6.68167e-12
-8.17229e-12
-2.26715e-12
-0.00274089
0.000511516
-0.00274089
0.000511516
9.08613e-12
3.88474e-12
8.53158e-12
2.9888e-12
-0.0318918
-0.0124449
-0.0318918
-0.0124449
0.0129739
0.0209959
0.0129739
0.0209959
-0.00910122
0.0022726
-0.00910122
0.0022726
1.51909e-12
6.50724e-13
1.50752e-11
2.92736e-12
0.0293434
0.053482
0.0293434
0.053482
1.97477e-11
1.73631e-11
1.85253e-11
7.46424e-12
0.000944812
-0.00372221
0.000944812
-0.00372221
0.0295511
0.049223
0.0295511
0.049223
-4.73799e-12
-6.55589e-12
-1.92324e-13
3.95547e-12
-0.0105764
-0.000212035
-0.0105764
-0.000212035
0.00337148
0.0139698
0.00337148
0.0139698
0.00941036
0.0180066
0.00941036
0.0180066
4.11376e-12
3.19381e-12
4.21519e-12
3.40587e-11
0.000245812
-0.000335586
0.000245812
-0.000335586
0.027346
0.0407295
0.027346
0.0407295
-7.47721e-12
-1.24925e-12
-1.14605e-11
-1.66112e-11
0.00184891
-0.000669631
0.00184891
-0.000669631
0.0282158
0.0660974
0.0282158
0.0660974
-5.90845e-13
-3.87715e-12
4.11146e-12
-6.26445e-12
0.0106857
0.0168832
0.0106857
0.0168832
0.00438436
0.0073606
0.00438436
0.0073606
-1.50562e-12
1.28961e-12
-5.4685e-12
-8.52098e-12
0.000998964
0.00346802
0.000998964
0.00346802
2.82177e-12
-3.58374e-12
-7.05166e-13
-1.08028e-12
1.07345e-17
1.07345e-17
-1.49512e-16
-1.49512e-16
0.00232724
0.0044372
0.00232724
0.0044372
0.00711906
0.0148535
0.00711906
0.0148535
-0.0113534
-0.00584207
-0.0113534
-0.00584207
-0.00812515
-0.0034164
-0.00812515
-0.0034164
1.49512e-16
1.49512e-16
-1.07345e-17
-1.07345e-17
0.0014749
0.00406252
0.0014749
0.00406252
-0.00199057
0.000291564
-0.00199057
0.000291564
0
0
0
0
-0.00274089
0.000511516
-0.00274089
0.000511516
0
1.60247e-16
-1.60247e-16
0
-0.0318918
-0.0124449
-0.0318918
-0.0124449
0.0129739
0.0209959
0.0129739
0.0209959
-0.00910122
0.0022726
-0.00910122
0.0022726
1.49512e-16
1.49512e-16
-1.07345e-17
-1.07345e-17
0.0293434
0.053482
0.0293434
0.053482
1.07345e-17
1.07345e-17
-1.49512e-16
-1.49512e-16
0.000944812
-0.00372221
0.000944812
-0.00372221
0.0295511
0.049223
0.0295511
0.049223
0
1.60247e-16
-1.60247e-16
0
-0.0105764
-0.000212035
-0.0105764
-0.000212035
0.00337148
0.0139698
0.00337148
0.0139698
0.00941036
0.0180066
0.00941036
0.0180066
1.60247e-16
1.60247e-16
-1.60247e-16
-1.60247e-16
0.000245812
-0.000335586
0.000245812
-0.000335586
0.027346
0.0407295
0.027346
0.0407295
1.07345e-17
1.07345e-17
-1.49512e-16
-1.49512e-16
0.00184891
-0.000669631
0.00184891
-0.000669631
0.0282158
0.0660974
0.0282158
0.0660974
1.49512e-16
3.09759e-16
-1.70981e-16
-1.07345e-17
0.0106857
0.0168832
0.0106857
0.0168832
0.00438436
0.0073606
0.00438436
0.0073606
1.49512e-16
1.49512e-16
-1.07345e-17
-1.07345e-17
0.000998964
0.00346802
0.000998964
0.00346802
0
0
0
0
0.0988488
0.117574
0.0988488
0.117574
-5.49658e-12
-4.68655e-12
-3.33205e-12
-1.73235e-11
0
0
0
3.69779e-32
-0.0295902
-0.0295902
0.0297648
0.0297648
-0.0986705
-0.116748
-0.0986705
-0.116748
0.078208
0.0889347
0.078208
0.0889347
-1.41843e-11
-7.32392e-12
-1.09563e-11
-1.06579e-11
0
0
0
3.69779e-32
-0.0298796
-0.0298796
0.0299229
0.0299229
-0.0781712
-0.0888403
-0.0781712
-0.0888403
0.0645767
0.0716964
0.0645767
0.0716964
-2.94076e-11
-2.08162e-11
-3.2499e-11
-1.99414e-11
0
0
0
3.69779e-32
5.55112e-16
0
-6.10623e-16
3.67761e-16
-0.0645593
-0.0716705
-0.0645593
-0.0716705
0.0988488
0.117574
0.0988488
0.117574
-1.2841e-11
-3.24027e-11
-1.69474e-11
-3.64345e-11
-0.0295902
-0.0295902
0.0297648
0.0297648
-0.0986705
-0.116748
-0.0986705
-0.116748
0.078208
0.0889347
0.078208
0.0889347
-1.26312e-11
-1.4435e-11
-1.37464e-11
-2.60062e-11
-0.0298796
-0.0298796
0.0299229
0.0299229
-0.0781712
-0.0888403
-0.0781712
-0.0888403
0.0645767
0.0716964
0.0645767
0.0716964
-1.7771e-11
-2.33548e-11
-1.41177e-11
-2.05562e-11
-1.11022e-16
0
-4.16334e-17
-4.85723e-17
-0.0645593
-0.0716705
-0.0645593
-0.0716705
0.0988488
0.117574
0.0988488
0.117574
0
0
0
-3.69779e-32
-0.0295902
-0.0295902
0.0297648
0.0297648
-0.0986705
-0.116748
-0.0986705
-0.116748
0.078208
0.0889347
0.078208
0.0889347
0
0
0
-3.69779e-32
-0.0298796
-0.0298796
0.0299229
0.0299229
-0.0781712
-0.0888403
-0.0781712
-0.0888403
0.0645767
0.0716964
0.0645767
0.0716964
0
0
0
-3.69779e-32
-3.33067e-16
4.44089e-16
4.996e-16
-6.245e-16
-0.0645593
-0.0716705
-0.0645593
-0.0716705
-6.32297e-12
-1.13635e-11
1.24109e-12
1.05463e-11
0
0
0
3.69779e-32
-0.0297342
-0.0297342
0.0297044
0.0297044
-0.0986339
-0.116844
-0.0986339
-0.116844
-1.1138e-11
-1.01756e-11
-1.90283e-12
-1.54181e-12
0
0
0
3.69779e-32
-0.0298999
-0.0298999
0.0298789
0.0298789
-0.078179
-0.0888412
-0.078179
-0.0888412
-2.65547e-11
-2.00381e-11
-1.50921e-11
-1.22297e-11
0
0
0
3.69779e-32
9.99201e-16
-5.55112e-16
-2.84495e-16
1.59595e-16
-0.06457
-0.0716807
-0.06457
-0.0716807
-1.96034e-11
-1.19035e-11
-4.08738e-13
2.81355e-12
-0.0297342
-0.0297342
0.0297044
0.0297044
-0.0986339
-0.116844
-0.0986339
-0.116844
-8.68457e-12
-1.76723e-11
-9.2566e-15
-1.30471e-11
-0.0298999
-0.0298999
0.0298789
0.0298789
-0.078179
-0.0888412
-0.078179
-0.0888412
-7.59541e-12
-1.62339e-11
-2.92496e-12
-1.08601e-11
1.11022e-16
0
-6.93889e-18
6.93889e-18
-0.06457
-0.0716807
-0.06457
-0.0716807
0
0
0
-3.69779e-32
-0.0297342
-0.0297342
0.0297044
0.0297044
-0.0986339
-0.116844
-0.0986339
-0.116844
0
0
0
-3.69779e-32
-0.0298999
-0.0298999
0.0298789
0.0298789
-0.078179
-0.0888412
-0.078179
-0.0888412
0
0
0
-3.69779e-32
-4.44089e-16
9.99201e-16
1.73472e-16
-4.996e-16
-0.06457
-0.0716807
-0.06457
-0.0716807
-4.63881e-12
-1.84724e-12
2.11343e-12
4.54171e-12
0
0
0
3.69779e-32
-0.0298806
-0.0298806
0.0294569
0.0294569
-0.0990303
-0.118802
-0.0990303
-0.118802
-2.52236e-13
-2.62477e-12
-1.26245e-12
-2.17171e-12
0
0
0
3.69779e-32
-0.0299766
-0.0299766
0.0298677
0.0298677
-0.0782691
-0.0890659
-0.0782691
-0.0890659
-4.82565e-13
-7.90193e-12
-6.48818e-13
-9.46874e-13
0
0
0
3.69779e-32
5.55112e-16
-2.22045e-16
-2.63678e-16
6.93889e-17
-0.0646146
-0.0717451
-0.0646146
-0.0717451
1.27731e-12
1.02209e-11
7.53674e-12
8.08677e-12
-0.0298806
-0.0298806
0.0294569
0.0294569
-0.0990303
-0.118802
-0.0990303
-0.118802
4.46039e-12
2.22824e-12
3.85073e-13
5.09993e-12
-0.0299766
-0.0299766
0.0298677
0.0298677
-0.0782691
-0.0890659
-0.0782691
-0.0890659
-1.27959e-12
4.213e-12
-1.10845e-11
1.6835e-12
2.22045e-16
1.11022e-16
-2.15106e-16
-7.63278e-17
-0.0646146
-0.0717451
-0.0646146
-0.0717451
0
0
0
-3.69779e-32
-0.0298806
-0.0298806
0.0294569
0.0294569
-0.0990303
-0.118802
-0.0990303
-0.118802
0
0
0
-3.69779e-32
-0.0299766
-0.0299766
0.0298677
0.0298677
-0.0782691
-0.0890659
-0.0782691
-0.0890659
0
0
0
-3.69779e-32
-1.11022e-16
6.66134e-16
2.22045e-16
-5.20417e-16
-0.0646146
-0.0717451
-0.0646146
-0.0717451
0.098671
0.11671
0.098671
0.11671
-2.5956e-12
5.0914e-14
-7.48273e-12
-3.79354e-12
0
0
0
3.69779e-32
-0.0297804
-0.0297804
0.0296156
0.0296156
0.078174
0.0888424
0.078174
0.0888424
-6.80013e-12
-8.38722e-12
-1.40266e-11
-2.95552e-12
0
0
0
3.69779e-32
-0.0299257
-0.0299257
0.0298872
0.0298872
0.0645616
0.0716731
0.0645616
0.0716731
-1.91605e-11
-2.00874e-11
-2.50717e-11
-1.73108e-11
0
0
0
3.69779e-32
4.44089e-16
0
-1.66533e-16
-5.55112e-17
0.098671
0.11671
0.098671
0.11671
-3.99689e-12
-6.31758e-12
-1.15919e-11
-2.12149e-11
-0.0297804
-0.0297804
0.0296156
0.0296156
0.078174
0.0888424
0.078174
0.0888424
-1.45132e-11
-1.13741e-11
-2.18162e-11
-1.13438e-11
-0.0299257
-0.0299257
0.0298872
0.0298872
0.0645616
0.0716731
0.0645616
0.0716731
-2.63566e-11
-2.28975e-11
-3.06735e-11
-1.92193e-11
0
1.11022e-16
-2.01228e-16
1.52656e-16
0.098671
0.11671
0.098671
0.11671
0
0
0
-3.69779e-32
-0.0297804
-0.0297804
0.0296156
0.0296156
0.078174
0.0888424
0.078174
0.0888424
0
0
0
-3.69779e-32
-0.0299257
-0.0299257
0.0298872
0.0298872
0.0645616
0.0716731
0.0645616
0.0716731
0
0
0
-3.69779e-32
-1.11022e-16
7.77156e-16
4.16334e-17
-2.35922e-16
0.0986373
0.116898
0.0986373
0.116898
3.29981e-13
-1.04928e-11
-7.13652e-12
-1.02929e-11
0
0
0
3.69779e-32
-0.0297097
-0.0297097
0.0297285
0.0297285
0.0781783
0.0888423
0.0781783
0.0888423
3.78636e-12
-1.61374e-12
-6.09313e-12
-1.00904e-11
0
0
0
3.69779e-32
-0.0298826
-0.0298826
0.0298972
0.0298972
0.0645693
0.0716799
0.0645693
0.0716799
-4.00755e-12
-8.35205e-12
-2.02078e-11
-8.57994e-12
0
0
0
3.69779e-32
8.88178e-16
-4.44089e-16
-3.40006e-16
1.45717e-16
0.0986373
0.116898
0.0986373
0.116898
-1.86232e-12
9.49204e-13
-9.69506e-12
-8.46229e-12
-0.0297097
-0.0297097
0.0297285
0.0297285
0.0781783
0.0888423
0.0781783
0.0888423
-1.25428e-12
-1.04441e-11
-2.04393e-11
-9.09787e-12
-0.0298826
-0.0298826
0.0298972
0.0298972
0.0645693
0.0716799
0.0645693
0.0716799
-6.30818e-12
-1.29664e-11
-2.95732e-11
-2.11278e-11
-1.11022e-16
2.22045e-16
5.55112e-17
-2.08167e-16
0.0986373
0.116898
0.0986373
0.116898
0
0
0
-3.69779e-32
-0.0297097
-0.0297097
0.0297285
0.0297285
0.0781783
0.0888423
0.0781783
0.0888423
0
0
0
-3.69779e-32
-0.0298826
-0.0298826
0.0298972
0.0298972
0.0645693
0.0716799
0.0645693
0.0716799
0
0
0
-3.69779e-32
-2.22045e-16
6.66134e-16
1.8735e-16
-5.13478e-16
0.0990303
0.118802
0.0990303
0.118802
1.18911e-11
6.61682e-13
2.35618e-12
6.86343e-12
0
0
0
3.69779e-32
-0.0294383
-0.0294383
0.029863
0.029863
0.0782691
0.0890659
0.0782691
0.0890659
1.11756e-11
1.73964e-11
6.24776e-12
5.72066e-12
0
0
0
3.69779e-32
-0.0298629
-0.0298629
0.0299733
0.0299733
0.0646146
0.0717451
0.0646146
0.0717451
2.10096e-11
1.7044e-11
6.13537e-12
5.22367e-12
0
0
0
3.69779e-32
7.77156e-16
-3.33067e-16
-5.13478e-16
2.91434e-16
0.0990303
0.118802
0.0990303
0.118802
2.46385e-11
1.88847e-11
-3.07909e-12
-1.0203e-11
-0.0294383
-0.0294383
0.029863
0.029863
0.0782691
0.0890659
0.0782691
0.0890659
2.71845e-11
1.7389e-11
6.97771e-12
1.19536e-13
-0.0298629
-0.0298629
0.0299733
0.0299733
0.0646146
0.0717451
0.0646146
0.0717451
3.45856e-11
2.69545e-11
1.3309e-11
1.13805e-11
0
-1.11022e-16
2.08167e-17
3.19189e-16
0.0990303
0.118802
0.0990303
0.118802
0
0
0
-3.69779e-32
-0.0294383
-0.0294383
0.029863
0.029863
0.0782691
0.0890659
0.0782691
0.0890659
0
0
0
-3.69779e-32
-0.0298629
-0.0298629
0.0299733
0.0299733
0.0646146
0.0717451
0.0646146
0.0717451
0
0
0
-3.69779e-32
-1.11022e-16
5.55112e-16
-2.08167e-17
-3.33067e-16
-1.49512e-16
-1.49512e-16
1.07345e-17
1.07345e-17
-6.66134e-16
0
2.22045e-16
2.08167e-17
-3.01603e-11
-3.83829e-11
-2.48411e-11
-2.04155e-11
-0.0298677
-0.0298677
0.0299766
0.0299766
0.0716807
0.06457
0.0716807
0.06457
-1.49512e-16
-1.49512e-16
1.07345e-17
1.07345e-17
-2.71245e-11
-2.69605e-11
-2.29053e-11
-2.00735e-11
-0.0294569
-0.0294569
0.0298806
0.0298806
0.0888412
0.078179
0.0888412
0.078179
0
-1.60247e-16
1.60247e-16
0
-2.77504e-11
-3.48609e-11
-2.77205e-11
-4.55146e-11
0.116844
0.0986339
0.116844
0.0986339
1.11022e-16
0
1.38778e-17
-1.31839e-16
-2.37711e-11
-2.65395e-11
-2.17095e-11
-1.67723e-11
-0.0298677
-0.0298677
0.0299766
0.0299766
0.0716807
0.06457
0.0716807
0.06457
-1.91651e-11
-1.79537e-11
-1.84967e-11
-1.90639e-11
-0.0294569
-0.0294569
0.0298806
0.0298806
0.0888412
0.078179
0.0888412
0.078179
-1.49516e-11
-8.491e-13
-1.58226e-11
-1.67153e-11
0.116844
0.0986339
0.116844
0.0986339
0
-4.44089e-16
1.52656e-16
6.93889e-17
1.49512e-16
1.49512e-16
-1.07345e-17
-1.07345e-17
-0.0298677
-0.0298677
0.0299766
0.0299766
0.0716807
0.06457
0.0716807
0.06457
1.49512e-16
1.49512e-16
-1.07345e-17
-1.07345e-17
-0.0294569
-0.0294569
0.0298806
0.0298806
0.0888412
0.078179
0.0888412
0.078179
1.38778e-16
2.99025e-16
-2.1469e-17
1.38778e-16
0.116844
0.0986339
0.116844
0.0986339
0
0
0
-3.69779e-32
-6.66134e-16
2.22045e-16
2.77556e-16
-4.85723e-17
-1.36872e-11
-1.89519e-11
-8.27068e-12
1.39376e-12
-0.0298789
-0.0298789
0.0298999
0.0298999
0.0716705
0.0645593
0.0716705
0.0645593
0
0
0
-3.69779e-32
-1.26948e-11
-2.12814e-11
-1.09001e-11
4.60609e-12
-0.0297044
-0.0297044
0.0297342
0.0297342
0.0888403
0.0781712
0.0888403
0.0781712
1.49512e-16
-1.07345e-17
1.49512e-16
-1.07345e-17
-3.03198e-11
-5.57574e-11
-9.65207e-12
-3.02499e-12
0.116748
0.0986705
0.116748
0.0986705
-2.22045e-16
1.11022e-16
6.245e-17
7.63278e-17
-1.23386e-11
-1.9213e-11
3.84171e-13
-8.15552e-13
-0.0298789
-0.0298789
0.0298999
0.0298999
0.0716705
0.0645593
0.0716705
0.0645593
-1.0036e-11
-2.17415e-11
-1.33181e-11
-5.39288e-12
-0.0297044
-0.0297044
0.0297342
0.0297342
0.0888403
0.0781712
0.0888403
0.0781712
-1.17748e-11
-1.21487e-11
-1.74939e-11
-1.22955e-11
0.116748
0.0986705
0.116748
0.0986705
-1.11022e-16
-3.33067e-16
-2.77556e-17
2.22045e-16
0
0
0
3.69779e-32
-0.0298789
-0.0298789
0.0298999
0.0298999
0.0716705
0.0645593
0.0716705
0.0645593
0
0
0
3.69779e-32
-0.0297044
-0.0297044
0.0297342
0.0297342
0.0888403
0.0781712
0.0888403
0.0781712
-1.07345e-17
1.49512e-16
-1.07345e-17
1.49512e-16
0.116748
0.0986705
0.116748
0.0986705
0
0
0
-3.69779e-32
-5.55112e-16
3.33067e-16
3.46945e-16
-2.498e-16
7.92763e-12
8.98686e-12
1.38243e-11
1.19691e-11
-0.0299229
-0.0299229
0.0298796
0.0298796
0.0716964
0.0645767
0.0716964
0.0645767
0
0
0
-3.69779e-32
9.06524e-12
3.09924e-12
6.85632e-12
6.21622e-12
-0.0297648
-0.0297648
0.0295902
0.0295902
0.0889347
0.078208
0.0889347
0.078208
1.49512e-16
-1.07345e-17
1.49512e-16
-1.07345e-17
-5.14051e-12
1.23559e-12
4.00032e-12
2.88975e-11
0.117574
0.0988488
0.117574
0.0988488
0
1.11022e-16
-2.77556e-17
4.85723e-17
2.06046e-11
-1.17842e-12
1.72103e-12
1.22429e-11
-0.0299229
-0.0299229
0.0298796
0.0298796
0.0716964
0.0645767
0.0716964
0.0645767
1.16132e-13
-1.32992e-11
-2.62858e-12
4.61188e-12
-0.0297648
-0.0297648
0.0295902
0.0295902
0.0889347
0.078208
0.0889347
0.078208
-4.94713e-12
3.46969e-12
-6.9107e-12
-1.11104e-11
0.117574
0.0988488
0.117574
0.0988488
0
-4.44089e-16
-6.93889e-18
2.28983e-16
0
0
0
3.69779e-32
-0.0299229
-0.0299229
0.0298796
0.0298796
0.0716964
0.0645767
0.0716964
0.0645767
0
0
0
3.69779e-32
-0.0297648
-0.0297648
0.0295902
0.0295902
0.0889347
0.078208
0.0889347
0.078208
-1.07345e-17
1.49512e-16
-1.07345e-17
1.49512e-16
0.117574
0.0988488
0.117574
0.0988488
-2.57779e-12
2.20728e-12
-9.23279e-12
2.54231e-13
0.0296156
0.0296156
-0.0297804
-0.0297804
-1.07345e-17
1.49512e-16
-1.07345e-17
1.49512e-16
0.11671
0.098671
0.11671
0.098671
-2.20017e-12
1.9148e-12
-3.40088e-12
1.22114e-11
0.0298872
0.0298872
-0.0299257
-0.0299257
0
0
0
3.69779e-32
0.0888424
0.078174
0.0888424
0.078174
-4.42848e-12
-8.09132e-13
6.93233e-12
1.00556e-11
0
-4.44089e-16
2.77556e-17
2.15106e-16
0
0
0
3.69779e-32
0.0716731
0.0645616
0.0716731
0.0645616
-4.41265e-12
5.92378e-12
8.21477e-12
3.96466e-12
0.0296156
0.0296156
-0.0297804
-0.0297804
0.11671
0.098671
0.11671
0.098671
-8.28768e-14
-5.04287e-12
8.86307e-12
5.59836e-12
0.0298872
0.0298872
-0.0299257
-0.0299257
0.0888424
0.078174
0.0888424
0.078174
-4.83126e-12
-1.1819e-11
4.61169e-12
1.18457e-12
-2.22045e-16
1.11022e-16
1.04083e-16
-7.63278e-17
0.0716731
0.0645616
0.0716731
0.0645616
1.49512e-16
-1.07345e-17
1.49512e-16
-1.07345e-17
0.0296156
0.0296156
-0.0297804
-0.0297804
0.11671
0.098671
0.11671
0.098671
0
0
0
-3.69779e-32
0.0298872
0.0298872
-0.0299257
-0.0299257
0.0888424
0.078174
0.0888424
0.078174
0
0
0
-3.69779e-32
-7.77156e-16
5.55112e-16
2.498e-16
-2.77556e-16
0.0716731
0.0645616
0.0716731
0.0645616
-1.69538e-11
-2.26116e-12
-7.59905e-12
4.64803e-12
0.0297285
0.0297285
-0.0297097
-0.0297097
-1.07345e-17
1.49512e-16
-1.07345e-17
1.49512e-16
0.116898
0.0986373
0.116898
0.0986373
4.2098e-12
5.97727e-13
4.64521e-12
5.08325e-12
0.0298972
0.0298972
-0.0298826
-0.0298826
0
0
0
3.69779e-32
0.0888423
0.0781783
0.0888423
0.0781783
-1.76096e-12
4.66226e-12
4.77772e-12
2.59758e-12
-1.11022e-16
-5.55112e-16
-4.85723e-17
4.85723e-16
0
0
0
3.69779e-32
0.0716799
0.0645693
0.0716799
0.0645693
6.31147e-12
9.0754e-12
1.88988e-11
2.73538e-12
0.0297285
0.0297285
-0.0297097
-0.0297097
0.116898
0.0986373
0.116898
0.0986373
1.33993e-11
-1.429e-12
4.10122e-12
1.05244e-11
0.0298972
0.0298972
-0.0298826
-0.0298826
0.0888423
0.0781783
0.0888423
0.0781783
4.18717e-12
-6.54601e-13
5.766e-12
5.99054e-12
0
0
8.32667e-17
1.38778e-17
0.0716799
0.0645693
0.0716799
0.0645693
1.49512e-16
-1.07345e-17
1.49512e-16
-1.07345e-17
0.0297285
0.0297285
-0.0297097
-0.0297097
0.116898
0.0986373
0.116898
0.0986373
0
0
0
-3.69779e-32
0.0298972
0.0298972
-0.0298826
-0.0298826
0.0888423
0.0781783
0.0888423
0.0781783
0
0
0
-3.69779e-32
-5.55112e-16
1.11022e-16
2.08167e-16
-6.245e-17
0.0716799
0.0645693
0.0716799
0.0645693
3.65166e-11
7.85575e-12
7.15767e-12
3.27625e-12
0.029863
0.029863
-0.0294383
-0.0294383
0
1.60247e-16
-1.60247e-16
3.69779e-32
9.84256e-12
-5.08616e-13
3.23591e-12
5.54577e-12
0.0299733
0.0299733
-0.0298629
-0.0298629
1.07345e-17
1.07345e-17
-1.49512e-16
-1.49512e-16
8.54459e-12
8.52337e-13
9.7239e-12
6.15326e-12
3.33067e-16
-8.88178e-16
-1.38778e-16
4.09395e-16
1.07345e-17
1.07345e-17
-1.49512e-16
-1.49512e-16
-5.24086e-12
3.71894e-12
-1.22437e-11
-1.84726e-12
0.029863
0.029863
-0.0294383
-0.0294383
6.25939e-12
-5.82834e-13
-2.8534e-14
3.6653e-12
0.0299733
0.0299733
-0.0298629
-0.0298629
6.99986e-12
3.41858e-12
-1.258e-12
-1.77299e-13
-1.11022e-16
0
-1.38778e-17
-5.55112e-17
1.38778e-16
-2.1469e-17
2.99025e-16
1.38778e-16
0.029863
0.029863
-0.0294383
-0.0294383
-1.07345e-17
-1.07345e-17
1.49512e-16
1.49512e-16
0.0299733
0.0299733
-0.0298629
-0.0298629
-1.07345e-17
-1.07345e-17
1.49512e-16
1.49512e-16
-5.55112e-16
1.11022e-16
4.44089e-16
-1.8735e-16
0.00151446
0.00852806
0.00151446
0.00852806
0.0207144
0.0117375
0.0207144
0.0117375
-2.89399e-12
-8.0114e-13
-8.78892e-13
9.01418e-13
-0.0185502
-0.00777981
-0.0185502
-0.00777981
0.0475975
0.0195986
0.0475975
0.0195986
2.66421e-12
1.43876e-12
2.10047e-12
3.44642e-12
-0.0577565
-0.0298747
-0.0577565
-0.0298747
0.0081421
-0.00099557
0.0081421
-0.00099557
1.04853e-12
-1.34586e-14
1.86158e-12
3.77677e-12
-0.0197169
-0.0111731
-0.0197169
-0.0111731
0.0122986
0.00144999
0.0122986
0.00144999
-3.17695e-12
3.03471e-12
-9.27903e-13
-6.69769e-12
-0.047957
-0.0302112
-0.047957
-0.0302112
0.00710236
0.000984196
0.00710236
0.000984196
-2.708e-12
-1.01215e-12
-5.00862e-12
-5.53081e-12
-0.0575798
-0.0285854
-0.0575798
-0.0285854
-0.00872669
-0.0155978
-0.00872669
-0.0155978
9.21275e-13
-2.36134e-12
4.86761e-13
3.16628e-12
-0.00913388
-0.00362544
-0.00913388
-0.00362544
-0.00802744
-0.0201655
-0.00802744
-0.0201655
-1.42777e-12
-3.07107e-12
-1.32959e-12
-5.69926e-13
-0.0110099
-0.00315386
-0.0110099
-0.00315386
-0.014486
-0.0542276
-0.014486
-0.0542276
-2.69765e-12
4.70069e-13
9.81217e-13
-1.43879e-12
0.00181251
0.003352
0.00181251
0.003352
-0.00248954
-0.00773777
-0.00248954
-0.00773777
-1.09976e-12
-8.84992e-13
-2.42499e-12
4.7978e-13
0.00585281
0.0132035
0.00585281
0.0132035
0.00111246
-0.000286328
0.00111246
-0.000286328
6.46223e-13
1.19999e-12
-9.11298e-13
-1.67435e-12
0.00127616
0.00317403
0.00127616
0.00317403
0.00266068
0.00125733
0.00266068
0.00125733
3.34812e-13
3.39876e-13
1.78679e-12
-2.48155e-12
0.000358848
0.00224586
0.000358848
0.00224586
0.0116165
0.00530173
0.0116165
0.00530173
-6.65616e-14
7.41681e-13
-6.46316e-13
1.18744e-12
0.00151446
0.00852806
0.00151446
0.00852806
0.0207144
0.0117375
0.0207144
0.0117375
-1.67407e-12
-9.75199e-13
8.60895e-13
3.24749e-12
-0.0185502
-0.00777981
-0.0185502
-0.00777981
0.0475975
0.0195986
0.0475975
0.0195986
8.95799e-12
2.8632e-12
2.1763e-12
-6.41395e-13
-0.0577565
-0.0298747
-0.0577565
-0.0298747
0.0081421
-0.00099557
0.0081421
-0.00099557
-6.36475e-13
1.35124e-12
-1.00964e-12
5.11311e-12
-0.0197169
-0.0111731
-0.0197169
-0.0111731
0.0122986
0.00144999
0.0122986
0.00144999
-1.84082e-12
-2.3151e-12
-4.0357e-13
-2.50407e-12
-0.047957
-0.0302112
-0.047957
-0.0302112
0.00710236
0.000984196
0.00710236
0.000984196
-7.81025e-13
4.94084e-13
-4.73263e-12
7.12053e-12
-0.0575798
-0.0285854
-0.0575798
-0.0285854
-0.00872669
-0.0155978
-0.00872669
-0.0155978
-6.28651e-12
-1.44121e-12
-3.62516e-12
-1.9867e-12
-0.00913388
-0.00362544
-0.00913388
-0.00362544
-0.00802744
-0.0201655
-0.00802744
-0.0201655
-3.14096e-12
-1.314e-12
3.2827e-12
-1.88025e-12
-0.0110099
-0.00315386
-0.0110099
-0.00315386
-0.014486
-0.0542276
-0.014486
-0.0542276
-2.58907e-12
1.22797e-12
1.70939e-12
-2.67499e-12
0.00181251
0.003352
0.00181251
0.003352
-0.00248954
-0.00773777
-0.00248954
-0.00773777
2.88127e-12
-4.23641e-13
-1.06155e-12
-2.95397e-13
0.00585281
0.0132035
0.00585281
0.0132035
0.00111246
-0.000286328
0.00111246
-0.000286328
-4.40587e-13
-1.21056e-12
3.72838e-13
3.84229e-13
0.00127616
0.00317403
0.00127616
0.00317403
0.00266068
0.00125733
0.00266068
0.00125733
-6.04597e-13
-2.84547e-12
3.05993e-13
2.03152e-12
0.000358848
0.00224586
0.000358848
0.00224586
0.0116165
0.00530173
0.0116165
0.00530173
-1.04961e-12
8.96854e-13
-2.01405e-12
1.32401e-12
0.00151446
0.00852806
0.00151446
0.00852806
0.0207144
0.0117375
0.0207144
0.0117375
1.52135e-12
-3.16755e-12
-2.46277e-12
2.07534e-13
-0.0185502
-0.00777981
-0.0185502
-0.00777981
0.0475975
0.0195986
0.0475975
0.0195986
-6.96419e-13
-1.29969e-12
2.08516e-12
2.66991e-13
-0.0577565
-0.0298747
-0.0577565
-0.0298747
0.0081421
-0.00099557
0.0081421
-0.00099557
-4.31148e-12
4.80455e-12
7.50798e-13
5.2604e-12
-0.0197169
-0.0111731
-0.0197169
-0.0111731
0.0122986
0.00144999
0.0122986
0.00144999
-6.64537e-12
-4.69659e-13
-2.51343e-12
-4.38606e-12
-0.047957
-0.0302112
-0.047957
-0.0302112
0.00710236
0.000984196
0.00710236
0.000984196
-2.60117e-12
1.49233e-13
-6.60266e-12
-1.34066e-11
-0.0575798
-0.0285854
-0.0575798
-0.0285854
-0.00872669
-0.0155978
-0.00872669
-0.0155978
3.65885e-12
-3.00338e-12
3.81368e-12
5.67807e-12
-0.00913388
-0.00362544
-0.00913388
-0.00362544
-0.00802744
-0.0201655
-0.00802744
-0.0201655
7.50821e-13
-1.89153e-13
-1.64684e-12
-4.99672e-12
-0.0110099
-0.00315386
-0.0110099
-0.00315386
-0.014486
-0.0542276
-0.014486
-0.0542276
1.4868e-12
6.28163e-12
3.8067e-12
-6.55603e-12
0.00181251
0.003352
0.00181251
0.003352
-0.00248954
-0.00773777
-0.00248954
-0.00773777
-1.08289e-12
2.02359e-12
2.58682e-12
-1.5475e-14
0.00585281
0.0132035
0.00585281
0.0132035
0.00111246
-0.000286328
0.00111246
-0.000286328
-1.36585e-12
1.70682e-12
-2.54868e-12
-1.10487e-13
0.00127616
0.00317403
0.00127616
0.00317403
0.00266068
0.00125733
0.00266068
0.00125733
6.22369e-13
1.66068e-12
1.30703e-12
-5.45996e-12
0.000358848
0.00224586
0.000358848
0.00224586
0.0116165
0.00530173
0.0116165
0.00530173
7.91476e-13
-5.54485e-13
2.34914e-13
1.80279e-12
0.00458259
0.0107016
0.00458259
0.0107016
-0.00348085
-0.00718894
-0.00348085
-0.00718894
3.46585e-12
-1.30905e-12
4.2006e-13
-1.94077e-13
0.00110005
0.00298634
0.00110005
0.00298634
-0.00130549
-0.00340746
-0.00130549
-0.00340746
-1.32564e-14
2.16127e-12
9.88983e-13
-4.04434e-12
0.00147238
0.00289983
0.00147238
0.00289983
0.00850284
0.00235337
0.00850284
0.00235337
3.76029e-12
1.33241e-12
-2.43264e-14
-1.17479e-12
0.00496338
0.0119959
0.00496338
0.0119959
0.0244695
0.0121452
0.0244695
0.0121452
-2.59911e-12
-7.56071e-13
-6.95689e-13
1.52846e-12
-0.00856655
-0.00243762
-0.00856655
-0.00243762
0.061763
0.016057
0.061763
0.016057
2.99659e-12
-1.49988e-13
-1.5266e-12
2.95779e-13
-0.0576767
-0.030069
-0.0576767
-0.030069
0.00789653
-0.00115939
0.00789653
-0.00115939
3.97938e-12
-1.73588e-12
-1.5359e-12
-3.07644e-12
-0.0196762
-0.0111185
-0.0196762
-0.0111185
0.0122731
0.0015431
0.0122731
0.0015431
2.20227e-12
2.51836e-12
-2.35379e-12
1.81271e-12
-0.0479471
-0.0302174
-0.0479471
-0.0302174
0.00712778
0.00103426
0.00712778
0.00103426
2.43401e-12
5.3201e-13
8.28331e-12
6.20551e-12
-0.0576312
-0.0283759
-0.0576312
-0.0283759
-0.00912222
-0.0157839
-0.00912222
-0.0157839
-4.47585e-12
4.61919e-12
-2.67294e-12
-5.92067e-12
-0.0104511
-0.00475755
-0.0104511
-0.00475755
-0.00779902
-0.0136713
-0.00779902
-0.0136713
-2.9036e-12
-9.06908e-13
1.50801e-12
1.85176e-12
-0.0207385
-0.00822454
-0.0207385
-0.00822454
-0.0175173
-0.0396406
-0.0175173
-0.0396406
-9.45064e-13
2.72848e-12
2.13011e-12
-6.67685e-14
0.000886988
0.00286953
0.000886988
0.00286953
-0.00532421
-0.0114743
-0.00532421
-0.0114743
-8.45121e-13
1.99398e-12
1.21838e-13
-8.23449e-13
0.00458259
0.0107016
0.00458259
0.0107016
-0.00348085
-0.00718894
-0.00348085
-0.00718894
1.28351e-12
-1.08967e-12
2.71997e-12
3.37924e-12
0.00110005
0.00298634
0.00110005
0.00298634
-0.00130549
-0.00340746
-0.00130549
-0.00340746
3.1459e-12
5.88485e-13
9.55922e-13
3.72253e-12
0.00147238
0.00289983
0.00147238
0.00289983
0.00850284
0.00235337
0.00850284
0.00235337
9.33331e-13
-2.14272e-12
1.17522e-12
9.03377e-13
0.00496338
0.0119959
0.00496338
0.0119959
0.0244695
0.0121452
0.0244695
0.0121452
-6.35333e-13
5.5284e-12
4.58527e-13
-1.06862e-12
-0.00856655
-0.00243762
-0.00856655
-0.00243762
0.061763
0.016057
0.061763
0.016057
-1.02419e-13
2.16577e-12
-2.28322e-12
1.80935e-13
-0.0576767
-0.030069
-0.0576767
-0.030069
0.00789653
-0.00115939
0.00789653
-0.00115939
5.15488e-12
-4.43196e-12
4.95253e-12
9.87392e-13
-0.0196762
-0.0111185
-0.0196762
-0.0111185
0.0122731
0.0015431
0.0122731
0.0015431
2.24192e-12
3.27198e-12
3.96879e-12
2.23375e-12
-0.0479471
-0.0302174
-0.0479471
-0.0302174
0.00712778
0.00103426
0.00712778
0.00103426
4.68894e-12
-9.05099e-14
-2.77009e-13
9.20145e-12
-0.0576312
-0.0283759
-0.0576312
-0.0283759
-0.00912222
-0.0157839
-0.00912222
-0.0157839
7.69561e-12
2.20511e-12
6.39275e-12
3.45388e-12
-0.0104511
-0.00475755
-0.0104511
-0.00475755
-0.00779902
-0.0136713
-0.00779902
-0.0136713
5.27658e-13
3.22497e-12
3.35301e-12
-5.0117e-13
-0.0207385
-0.00822454
-0.0207385
-0.00822454
-0.0175173
-0.0396406
-0.0175173
-0.0396406
2.81389e-12
7.80828e-12
2.64619e-13
3.20753e-12
0.000886988
0.00286953
0.000886988
0.00286953
-0.00532421
-0.0114743
-0.00532421
-0.0114743
-2.91391e-12
1.53307e-12
-1.89862e-13
1.49079e-12
0.00458259
0.0107016
0.00458259
0.0107016
-0.00348085
-0.00718894
-0.00348085
-0.00718894
-5.627e-13
-4.04468e-12
-2.08685e-12
5.74756e-12
0.00110005
0.00298634
0.00110005
0.00298634
-0.00130549
-0.00340746
-0.00130549
-0.00340746
-1.35559e-12
-4.98707e-12
3.13545e-12
3.12246e-12
0.00147238
0.00289983
0.00147238
0.00289983
0.00850284
0.00235337
0.00850284
0.00235337
3.81813e-12
3.11543e-12
-2.63222e-12
-7.5782e-14
0.00496338
0.0119959
0.00496338
0.0119959
0.0244695
0.0121452
0.0244695
0.0121452
-1.63898e-12
-1.70965e-12
1.16658e-12
-1.982e-12
-0.00856655
-0.00243762
-0.00856655
-0.00243762
0.061763
0.016057
0.061763
0.016057
4.54873e-13
-3.18611e-12
3.81597e-12
4.76768e-12
-0.0576767
-0.030069
-0.0576767
-0.030069
0.00789653
-0.00115939
0.00789653
-0.00115939
-5.01613e-13
6.46014e-12
-2.38109e-12
2.66259e-12
-0.0196762
-0.0111185
-0.0196762
-0.0111185
0.0122731
0.0015431
0.0122731
0.0015431
6.75543e-12
1.37212e-12
2.82486e-12
5.20328e-12
-0.0479471
-0.0302174
-0.0479471
-0.0302174
0.00712778
0.00103426
0.00712778
0.00103426
3.38697e-12
-4.44679e-12
1.00017e-11
4.67135e-12
-0.0576312
-0.0283759
-0.0576312
-0.0283759
-0.00912222
-0.0157839
-0.00912222
-0.0157839
-1.01171e-12
8.04553e-12
9.4293e-13
2.93335e-12
-0.0104511
-0.00475755
-0.0104511
-0.00475755
-0.00779902
-0.0136713
-0.00779902
-0.0136713
6.85617e-12
-1.08265e-12
-4.0008e-12
9.85542e-14
-0.0207385
-0.00822454
-0.0207385
-0.00822454
-0.0175173
-0.0396406
-0.0175173
-0.0396406
5.88838e-12
7.63425e-12
9.86522e-12
-6.16494e-12
0.000886988
0.00286953
0.000886988
0.00286953
-0.00532421
-0.0114743
-0.00532421
-0.0114743
4.90337e-12
3.21871e-12
-2.12227e-12
2.45316e-12
0.00151446
0.00852806
0.00151446
0.00852806
0.0207144
0.0117375
0.0207144
0.0117375
4.6448e-13
2.31477e-12
1.1744e-12
-7.14457e-12
-0.0185502
-0.00777981
-0.0185502
-0.00777981
0.0475975
0.0195986
0.0475975
0.0195986
5.85036e-12
3.67725e-12
1.37061e-12
1.06666e-13
-0.0577565
-0.0298747
-0.0577565
-0.0298747
0.0081421
-0.00099557
0.0081421
-0.00099557
8.50979e-14
3.16695e-12
-5.32412e-12
7.71003e-13
-0.0197169
-0.0111731
-0.0197169
-0.0111731
0.0122986
0.00144999
0.0122986
0.00144999
-2.80278e-12
-6.03855e-13
4.12868e-12
8.42796e-13
-0.047957
-0.0302112
-0.047957
-0.0302112
0.00710236
0.000984196
0.00710236
0.000984196
-2.87543e-12
-5.2374e-12
-1.94428e-12
-1.03648e-12
-0.0575798
-0.0285854
-0.0575798
-0.0285854
-0.00872669
-0.0155978
-0.00872669
-0.0155978
4.59375e-12
-2.02058e-13
4.81268e-12
4.1171e-12
-0.00913388
-0.00362544
-0.00913388
-0.00362544
-0.00802744
-0.0201655
-0.00802744
-0.0201655
-1.15754e-12
1.73426e-12
-1.30339e-14
9.57011e-13
-0.0110099
-0.00315386
-0.0110099
-0.00315386
-0.014486
-0.0542276
-0.014486
-0.0542276
-4.35669e-12
6.38894e-12
1.5273e-12
4.54464e-12
0.00181251
0.003352
0.00181251
0.003352
-0.00248954
-0.00773777
-0.00248954
-0.00773777
1.89725e-12
4.61319e-13
1.77475e-12
-1.98962e-12
0.00585281
0.0132035
0.00585281
0.0132035
0.00111246
-0.000286328
0.00111246
-0.000286328
-1.14954e-12
-5.56958e-13
1.9338e-12
2.05236e-13
0.00127616
0.00317403
0.00127616
0.00317403
0.00266068
0.00125733
0.00266068
0.00125733
-3.45809e-13
-2.73429e-13
4.16097e-12
-3.83099e-13
0.000358848
0.00224586
0.000358848
0.00224586
0.0116165
0.00530173
0.0116165
0.00530173
4.40961e-12
1.56397e-12
3.16194e-12
-4.95981e-13
0.00151446
0.00852806
0.00151446
0.00852806
0.0207144
0.0117375
0.0207144
0.0117375
3.53965e-12
3.00179e-12
-3.03049e-14
-2.91215e-14
-0.0185502
-0.00777981
-0.0185502
-0.00777981
0.0475975
0.0195986
0.0475975
0.0195986
1.04674e-11
5.57029e-12
2.60738e-12
1.23086e-12
-0.0577565
-0.0298747
-0.0577565
-0.0298747
0.0081421
-0.00099557
0.0081421
-0.00099557
3.26884e-12
8.09913e-12
-1.04043e-12
5.87747e-12
-0.0197169
-0.0111731
-0.0197169
-0.0111731
0.0122986
0.00144999
0.0122986
0.00144999
2.71383e-12
-4.19698e-13
3.71952e-14
1.6448e-12
-0.047957
-0.0302112
-0.047957
-0.0302112
0.00710236
0.000984196
0.00710236
0.000984196
-2.65875e-13
9.92762e-13
3.07323e-12
4.06696e-12
-0.0575798
-0.0285854
-0.0575798
-0.0285854
-0.00872669
-0.0155978
-0.00872669
-0.0155978
-6.73738e-12
5.49495e-14
-1.21553e-12
-3.41e-12
-0.00913388
-0.00362544
-0.00913388
-0.00362544
-0.00802744
-0.0201655
-0.00802744
-0.0201655
1.14642e-12
1.52047e-12
1.4411e-12
-1.33384e-13
-0.0110099
-0.00315386
-0.0110099
-0.00315386
-0.014486
-0.0542276
-0.014486
-0.0542276
-1.21768e-12
-5.7754e-12
-1.86015e-12
-2.27043e-12
0.00181251
0.003352
0.00181251
0.003352
-0.00248954
-0.00773777
-0.00248954
-0.00773777
1.44845e-12
-4.42872e-12
-1.84013e-12
3.9433e-13
0.00585281
0.0132035
0.00585281
0.0132035
0.00111246
-0.000286328
0.00111246
-0.000286328
-5.95232e-13
8.9816e-13
2.3211e-12
3.57478e-12
0.00127616
0.00317403
0.00127616
0.00317403
0.00266068
0.00125733
0.00266068
0.00125733
1.16766e-12
-2.01632e-12
-4.63476e-13
-2.13954e-12
0.000358848
0.00224586
0.000358848
0.00224586
0.0116165
0.00530173
0.0116165
0.00530173
3.38397e-12
4.62378e-12
2.05845e-12
-5.44247e-13
0.00151446
0.00852806
0.00151446
0.00852806
0.0207144
0.0117375
0.0207144
0.0117375
3.66047e-12
-3.84541e-13
-2.13542e-12
6.50181e-13
-0.0185502
-0.00777981
-0.0185502
-0.00777981
0.0475975
0.0195986
0.0475975
0.0195986
1.5712e-12
2.75517e-12
3.59817e-12
3.15868e-12
-0.0577565
-0.0298747
-0.0577565
-0.0298747
0.0081421
-0.00099557
0.0081421
-0.00099557
-5.23742e-13
9.62734e-12
6.38477e-13
7.5038e-12
-0.0197169
-0.0111731
-0.0197169
-0.0111731
0.0122986
0.00144999
0.0122986
0.00144999
-2.04368e-13
1.14124e-12
-1.87378e-12
-2.99446e-12
-0.047957
-0.0302112
-0.047957
-0.0302112
0.00710236
0.000984196
0.00710236
0.000984196
6.44997e-13
3.87267e-12
-2.96959e-12
-7.53946e-12
-0.0575798
-0.0285854
-0.0575798
-0.0285854
-0.00872669
-0.0155978
-0.00872669
-0.0155978
8.47076e-13
-3.48145e-12
7.09282e-13
4.9338e-12
-0.00913388
-0.00362544
-0.00913388
-0.00362544
-0.00802744
-0.0201655
-0.00802744
-0.0201655
3.40008e-13
4.3405e-13
-1.82109e-12
-3.07107e-12
-0.0110099
-0.00315386
-0.0110099
-0.00315386
-0.014486
-0.0542276
-0.014486
-0.0542276
-2.05535e-12
-3.80414e-12
-9.73885e-13
-3.23597e-12
0.00181251
0.003352
0.00181251
0.003352
-0.00248954
-0.00773777
-0.00248954
-0.00773777
-1.61647e-12
1.20102e-12
2.80249e-13
-8.99598e-13
0.00585281
0.0132035
0.00585281
0.0132035
0.00111246
-0.000286328
0.00111246
-0.000286328
1.87652e-13
3.08478e-12
-2.49393e-12
-1.15464e-12
0.00127616
0.00317403
0.00127616
0.00317403
0.00266068
0.00125733
0.00266068
0.00125733
9.32026e-13
2.89944e-12
-1.21901e-12
-5.02805e-12
0.000358848
0.00224586
0.000358848
0.00224586
0.0116165
0.00530173
0.0116165
0.00530173
-3.3404e-13
-1.32176e-12
3.35837e-13
2.22792e-12
0.00458259
0.0107016
0.00458259
0.0107016
-0.00348085
-0.00718894
-0.00348085
-0.00718894
9.63013e-13
1.25129e-12
1.63736e-12
-2.22384e-12
0.00110005
0.00298634
0.00110005
0.00298634
-0.00130549
-0.00340746
-0.00130549
-0.00340746
-2.5661e-12
-3.96708e-14
1.92453e-12
-3.63918e-12
0.00147238
0.00289983
0.00147238
0.00289983
0.00850284
0.00235337
0.00850284
0.00235337
1.32378e-12
3.37569e-12
6.22757e-13
7.77024e-14
0.00496338
0.0119959
0.00496338
0.0119959
0.0244695
0.0121452
0.0244695
0.0121452
-9.31566e-13
-4.03354e-12
-1.55461e-12
4.84298e-12
-0.00856655
-0.00243762
-0.00856655
-0.00243762
0.061763
0.016057
0.061763
0.016057
5.14051e-12
-1.19307e-12
1.02481e-12
9.0285e-13
-0.0576767
-0.030069
-0.0576767
-0.030069
0.00789653
-0.00115939
0.00789653
-0.00115939
1.02333e-12
2.49604e-12
-2.2284e-12
1.17505e-12
-0.0196762
-0.0111185
-0.0196762
-0.0111185
0.0122731
0.0015431
0.0122731
0.0015431
1.98375e-12
-2.09483e-12
5.63856e-13
-1.45566e-12
-0.0479471
-0.0302174
-0.0479471
-0.0302174
0.00712778
0.00103426
0.00712778
0.00103426
-3.8092e-13
-1.19197e-12
5.37786e-12
-2.05376e-12
-0.0576312
-0.0283759
-0.0576312
-0.0283759
-0.00912222
-0.0157839
-0.00912222
-0.0157839
-9.80192e-12
2.18756e-12
-6.34213e-12
-4.3324e-12
-0.0104511
-0.00475755
-0.0104511
-0.00475755
-0.00779902
-0.0136713
-0.00779902
-0.0136713
-1.7915e-12
-8.35144e-13
-4.87241e-13
-1.81603e-12
-0.0207385
-0.00822454
-0.0207385
-0.00822454
-0.0175173
-0.0396406
-0.0175173
-0.0396406
2.09571e-12
1.51888e-12
-1.3369e-12
-8.43879e-13
0.000886988
0.00286953
0.000886987
0.00286953
-0.00532421
-0.0114743
-0.00532421
-0.0114743
5.28057e-13
-1.27702e-12
-1.03526e-12
-1.56295e-13
0.00458259
0.0107016
0.00458259
0.0107016
-0.00348085
-0.00718894
-0.00348085
-0.00718894
-3.94389e-12
4.2408e-12
7.71883e-13
-1.42376e-12
0.00110005
0.00298634
0.00110005
0.00298634
-0.00130549
-0.00340746
-0.00130549
-0.00340746
-2.50016e-14
3.60282e-12
2.86383e-14
4.38895e-12
0.00147238
0.00289983
0.00147238
0.00289983
0.00850284
0.00235337
0.00850284
0.00235337
-3.52243e-12
-2.07493e-12
-5.33198e-13
-1.05489e-12
0.00496338
0.0119959
0.00496338
0.0119959
0.0244695
0.0121452
0.0244695
0.0121452
-9.27582e-12
1.9807e-12
-8.25436e-12
-1.65477e-12
-0.00856655
-0.00243762
-0.00856655
-0.00243762
0.061763
0.016057
0.061763
0.016057
-1.59214e-11
-6.71849e-13
-4.64187e-12
-2.05895e-12
-0.0576767
-0.030069
-0.0576767
-0.030069
0.00789653
-0.00115939
0.00789653
-0.00115939
-1.02503e-11
-1.49722e-11
-6.91047e-12
-7.46037e-12
-0.0196762
-0.0111185
-0.0196762
-0.0111185
0.0122731
0.0015431
0.0122731
0.0015431
-7.93567e-12
1.40749e-12
5.8138e-12
-3.79408e-12
-0.0479471
-0.0302174
-0.0479471
-0.0302174
0.00712778
0.00103426
0.00712778
0.00103426
-3.41971e-12
-1.58708e-11
-8.03534e-12
-7.48063e-12
-0.0576312
-0.0283759
-0.0576312
-0.0283759
-0.00912222
-0.0157839
-0.00912222
-0.0157839
9.97003e-13
-5.86256e-12
8.81939e-13
4.07172e-12
-0.0104511
-0.00475755
-0.0104511
-0.00475755
-0.00779902
-0.0136713
-0.00779902
-0.0136713
2.34137e-13
3.18016e-12
-2.31856e-14
-2.19082e-12
-0.0207385
-0.00822454
-0.0207385
-0.00822454
-0.0175173
-0.0396406
-0.0175173
-0.0396406
5.32765e-12
7.30627e-12
-1.21781e-12
2.86317e-12
0.000886987
0.00286953
0.000886988
0.00286953
-0.00532421
-0.0114743
-0.00532421
-0.0114743
-7.83517e-13
1.90204e-12
1.50317e-12
1.11197e-12
0.00458259
0.0107016
0.00458259
0.0107016
-0.00348085
-0.00718894
-0.00348085
-0.00718894
-2.35541e-12
-1.66614e-12
2.20202e-13
1.17563e-12
0.00110005
0.00298634
0.00110005
0.00298634
-0.00130549
-0.00340746
-0.00130549
-0.00340746
-2.02115e-12
-1.28464e-12
2.6043e-12
2.32121e-12
0.00147238
0.00289983
0.00147238
0.00289983
0.00850284
0.00235337
0.00850284
0.00235337
1.02016e-12
3.52055e-12
-3.28371e-12
-3.81618e-13
0.00496338
0.0119959
0.00496338
0.0119959
0.0244695
0.0121452
0.0244695
0.0121452
-6.60872e-12
-2.39293e-12
-4.01018e-12
-4.49303e-12
-0.00856655
-0.00243762
-0.00856655
-0.00243762
0.061763
0.016057
0.061763
0.016057
-8.8967e-12
-2.96167e-12
-3.1067e-12
5.59592e-13
-0.0576767
-0.030069
-0.0576767
-0.030069
0.00789653
-0.00115939
0.00789653
-0.00115939
-6.63835e-12
-4.27559e-12
-1.33486e-11
-7.35178e-12
-0.0196762
-0.0111185
-0.0196762
-0.0111185
0.0122731
0.0015431
0.0122731
0.0015431
-2.0193e-12
-2.33438e-12
4.0434e-12
1.92663e-12
-0.0479471
-0.0302174
-0.0479471
-0.0302174
0.00712778
0.00103426
0.00712778
0.00103426
-4.59278e-13
-1.54295e-11
2.40155e-12
-1.53643e-12
-0.0576312
-0.0283759
-0.0576312
-0.0283759
-0.00912222
-0.0157839
-0.00912222
-0.0157839
-1.51055e-12
-6.21712e-13
-7.44416e-13
5.33493e-12
-0.0104511
-0.00475755
-0.0104511
-0.00475755
-0.00779902
-0.0136713
-0.00779902
-0.0136713
8.15452e-12
-1.80539e-12
-4.52408e-12
1.89691e-12
-0.0207385
-0.00822454
-0.0207385
-0.00822454
-0.0175173
-0.0396406
-0.0175173
-0.0396406
4.22462e-12
4.58047e-12
1.16882e-11
-3.76482e-12
0.000886988
0.00286953
0.000886987
0.00286953
-0.00532421
-0.0114743
-0.00532421
-0.0114743
5.73623e-12
3.29272e-12
-2.42408e-12
2.76774e-12
0.0165373
0.0165373
-0.0169337
-0.0169337
9.73762e-13
8.65836e-12
1.95657e-12
-9.55711e-12
-0.08789
-0.101239
-0.08789
-0.101239
0.0297455
0.0297455
-0.0298296
-0.0298296
4.8882e-12
5.09756e-12
9.27937e-12
1.04526e-12
-0.0780908
-0.0887925
-0.0780908
-0.0887925
0.0134605
0.0134605
-0.0134785
-0.0134785
2.04201e-11
1.40479e-11
2.08922e-11
8.18009e-12
-0.0760345
-0.0861121
-0.0760345
-0.0861121
0.0165373
0.0165373
-0.0169337
-0.0169337
1.2478e-11
2.45137e-11
1.49615e-11
1.02192e-11
-0.08789
-0.101239
-0.08789
-0.101239
0.0297455
0.0297455
-0.0298296
-0.0298296
2.1129e-11
1.47285e-11
1.97701e-11
1.3287e-11
-0.0780908
-0.0887925
-0.0780908
-0.0887925
0.0134605
0.0134605
-0.0134785
-0.0134785
3.2004e-11
2.30341e-11
2.65977e-11
2.15022e-11
-0.0760345
-0.0861121
-0.0760345
-0.0861121
0.0165373
0.0165373
-0.0169337
-0.0169337
8.37061e-12
1.94959e-12
1.08419e-11
1.44709e-11
-0.08789
-0.101239
-0.08789
-0.101239
0.0297455
0.0297455
-0.0298296
-0.0298296
8.05413e-12
1.21028e-11
6.4993e-12
1.13826e-11
-0.0780908
-0.0887925
-0.0780908
-0.0887925
0.0134605
0.0134605
-0.0134785
-0.0134785
7.72941e-12
9.21702e-12
5.70389e-12
7.34634e-12
-0.0760345
-0.0861121
-0.0760345
-0.0861121
0.016972
0.016972
-0.0169698
-0.0169698
2.86743e-12
6.84132e-12
3.04042e-12
1.82893e-11
-0.0879141
-0.101545
-0.0879141
-0.101545
0.0297954
0.0297954
-0.029767
-0.029767
6.11453e-12
5.25448e-12
5.71505e-12
7.57378e-13
-0.0780783
-0.0887903
-0.0780783
-0.0887903
0.0134679
0.0134679
-0.0134572
-0.0134572
2.30998e-11
1.88802e-11
8.53961e-12
2.3221e-12
-0.076025
-0.0861002
-0.076025
-0.0861002
0.016972
0.016972
-0.0169698
-0.0169698
1.72028e-11
7.63429e-12
-1.66102e-12
1.28893e-11
-0.0879141
-0.101545
-0.0879141
-0.101545
0.0297954
0.0297954
-0.029767
-0.029767
1.8596e-11
1.56459e-11
5.80281e-13
5.39488e-12
-0.0780783
-0.0887903
-0.0780783
-0.0887903
0.0134679
0.0134679
-0.0134572
-0.0134572
2.3907e-11
2.29668e-11
6.70112e-12
5.12043e-12
-0.076025
-0.0861002
-0.076025
-0.0861002
0.016972
0.016972
-0.0169698
-0.0169698
8.34225e-12
1.75079e-11
1.01228e-12
3.37115e-12
-0.0879141
-0.101545
-0.0879141
-0.101545
0.0297954
0.0297954
-0.029767
-0.029767
7.90394e-12
1.14944e-11
-4.21421e-13
4.94732e-12
-0.0780783
-0.0887903
-0.0780783
-0.0887903
0.0134679
0.0134679
-0.0134572
-0.0134572
3.6343e-12
7.65482e-12
5.3125e-13
2.87995e-12
-0.076025
-0.0861002
-0.076025
-0.0861002
0.0170975
0.0170975
-0.0161728
-0.0161728
3.29818e-12
2.32236e-13
-1.07049e-12
-8.46747e-12
-0.0879423
-0.100998
-0.0879423
-0.100998
0.0299139
0.0299139
-0.0297059
-0.0297059
-9.31648e-13
-2.21917e-13
-4.39352e-13
-4.65497e-12
-0.0781288
-0.0888293
-0.0781288
-0.0888293
0.0135026
0.0135026
-0.0134567
-0.0134567
3.43883e-12
3.98206e-12
-2.83781e-12
-2.71654e-12
-0.0760676
-0.0861509
-0.0760676
-0.0861509
0.0170975
0.0170975
-0.0161728
-0.0161728
4.94653e-12
9.7875e-12
-6.02261e-12
-1.21991e-11
-0.0879423
-0.100998
-0.0879423
-0.100998
0.0299139
0.0299139
-0.0297059
-0.0297059
1.07978e-12
-1.46298e-12
-1.1848e-12
-8.88651e-12
-0.0781288
-0.0888293
-0.0781288
-0.0888293
0.0135026
0.0135026
-0.0134567
-0.0134567
1.81203e-12
-3.62767e-13
1.65959e-12
-5.02244e-12
-0.0760676
-0.0861509
-0.0760676
-0.0861509
0.0170975
0.0170975
-0.0161728
-0.0161728
-1.75209e-12
-2.46699e-12
-2.81016e-13
1.01638e-11
-0.0879423
-0.100998
-0.0879423
-0.100998
0.0299139
0.0299139
-0.0297059
-0.0297059
2.31523e-12
2.15309e-12
5.10682e-12
-5.38977e-12
-0.0781288
-0.0888293
-0.0781288
-0.0888293
0.0135026
0.0135026
-0.0134567
-0.0134567
2.07826e-12
1.25568e-12
6.90111e-12
-1.58853e-12
-0.0760676
-0.0861509
-0.0760676
-0.0861509
0.0169746
0.0169746
-0.016586
-0.016586
2.84334e-12
-2.30103e-12
-1.20892e-12
1.49411e-11
-0.0879072
-0.101299
-0.0879072
-0.101299
0.0298355
0.0298355
-0.0297592
-0.0297592
4.97314e-12
5.49078e-12
6.68155e-12
5.69941e-12
-0.0780959
-0.0888032
-0.0780959
-0.0888032
0.0134795
0.0134795
-0.0134637
-0.0134637
7.76323e-12
6.11846e-12
9.161e-12
5.7364e-12
-0.0760374
-0.0861162
-0.0760374
-0.0861162
0.0169746
0.0169746
-0.016586
-0.016586
3.68994e-12
4.20771e-12
1.17809e-11
2.41153e-11
-0.0879072
-0.101299
-0.0879072
-0.101299
0.0298355
0.0298355
-0.0297592
-0.0297592
1.2624e-11
9.76292e-12
2.0616e-11
1.23447e-11
-0.0780959
-0.0888032
-0.0780959
-0.0888032
0.0134795
0.0134795
-0.0134637
-0.0134637
3.07462e-11
2.07788e-11
3.39725e-11
2.52891e-11
-0.0760374
-0.0861162
-0.0760374
-0.0861162
0.0169746
0.0169746
-0.016586
-0.016586
-1.97022e-12
9.90576e-12
7.84984e-12
1.58283e-11
-0.0879072
-0.101299
-0.0879072
-0.101299
0.0298355
0.0298355
-0.0297592
-0.0297592
6.51431e-12
1.25788e-11
9.9812e-12
4.98366e-12
-0.0780959
-0.0888032
-0.0780959
-0.0888032
0.0134795
0.0134795
-0.0134637
-0.0134637
1.49282e-11
1.49871e-11
1.74346e-11
1.17209e-11
-0.0760374
-0.0861162
-0.0760374
-0.0861162
0.0169688
0.0169688
-0.0169689
-0.0169689
2.8888e-13
-3.41705e-12
1.25324e-12
-1.12909e-11
-0.0879151
-0.101542
-0.0879151
-0.101542
0.0297723
0.0297723
-0.0297909
-0.0297909
-6.72387e-12
-2.54037e-12
1.56155e-12
9.52721e-13
-0.0780793
-0.0887913
-0.0780793
-0.0887913
0.0134589
0.0134589
-0.0134667
-0.0134667
-1.48482e-12
-5.16591e-12
1.49794e-11
1.34672e-11
-0.076026
-0.0861013
-0.076026
-0.0861013
0.0169688
0.0169688
-0.0169689
-0.0169689
-4.67552e-12
-1.20719e-12
1.1888e-11
1.29213e-11
-0.0879151
-0.101542
-0.0879151
-0.101542
0.0297723
0.0297723
-0.0297909
-0.0297909
-2.47023e-12
4.94901e-12
2.17093e-11
1.30426e-11
-0.0780793
-0.0887913
-0.0780793
-0.0887913
0.0134589
0.0134589
-0.0134667
-0.0134667
3.31305e-12
4.34219e-12
3.50611e-11
3.03078e-11
-0.076026
-0.0861013
-0.076026
-0.0861013
0.0169688
0.0169688
-0.0169689
-0.0169689
-4.4096e-12
-2.00908e-12
1.15541e-11
-5.94477e-13
-0.0879151
-0.101542
-0.0879151
-0.101542
0.0297723
0.0297723
-0.0297909
-0.0297909
2.82589e-12
3.6063e-12
1.38118e-11
6.00417e-12
-0.0780793
-0.0887913
-0.0780793
-0.0887913
0.0134589
0.0134589
-0.0134667
-0.0134667
5.14702e-12
9.92694e-12
1.87528e-11
1.49479e-11
-0.076026
-0.0861013
-0.076026
-0.0861013
0.0161343
0.0161343
-0.0170533
-0.0170533
-3.63288e-12
1.09207e-11
-8.87201e-12
8.8994e-12
-0.0879283
-0.100942
-0.0879283
-0.100942
0.0296968
0.0296968
-0.0299069
-0.0299069
-7.28926e-12
-1.2524e-11
-3.41566e-12
5.13213e-12
-0.0781254
-0.0888209
-0.0781254
-0.0888209
0.0134548
0.0134548
-0.0135014
-0.0135014
-1.19995e-11
-1.278e-11
-1.97891e-12
1.99276e-12
-0.0760659
-0.0861483
-0.0760659
-0.0861483
0.0161343
0.0161343
-0.0170533
-0.0170533
-2.26692e-11
-2.70742e-11
1.23274e-12
8.59472e-12
-0.0879283
-0.100942
-0.0879283
-0.100942
0.0296968
0.0296968
-0.0299069
-0.0299069
-3.07203e-11
-1.84186e-11
-7.74011e-12
-2.43284e-12
-0.0781254
-0.0888209
-0.0781254
-0.0888209
0.0134548
0.0134548
-0.0135014
-0.0135014
-3.76279e-11
-2.96779e-11
-9.87341e-12
-3.78797e-12
-0.0760659
-0.0861483
-0.0760659
-0.0861483
0.0161343
0.0161343
-0.0170533
-0.0170533
-1.49712e-11
-7.73263e-12
4.78874e-12
8.92288e-12
-0.0879283
-0.100942
-0.0879283
-0.100942
0.0296968
0.0296968
-0.0299069
-0.0299069
-2.51432e-11
-1.72946e-12
-1.36687e-12
-3.27049e-12
-0.0781254
-0.0888209
-0.0781254
-0.0888209
0.0134548
0.0134548
-0.0135014
-0.0135014
-2.63606e-11
-1.6367e-11
-8.5749e-12
-8.6591e-12
-0.0760659
-0.0861483
-0.0760659
-0.0861483
0.0134567
0.0134567
-0.0135026
-0.0135026
-2.06948e-11
-1.83793e-11
-1.4519e-11
-1.16483e-11
0.0861509
0.0760676
0.0861509
0.0760676
0.0297059
0.0297059
-0.0299139
-0.0299139
-1.73714e-11
-2.30172e-11
-1.77648e-11
-1.10992e-11
0.0888293
0.0781288
0.0888293
0.0781288
0.0161728
0.0161728
-0.0170975
-0.0170975
-6.25172e-12
-1.97518e-11
-2.4822e-11
-1.27696e-11
0.100998
0.0879423
0.100998
0.0879423
0.0134567
0.0134567
-0.0135026
-0.0135026
-2.78443e-11
-3.4437e-11
-2.65232e-11
-2.741e-11
0.0861509
0.0760676
0.0861509
0.0760676
0.0297059
0.0297059
-0.0299139
-0.0299139
-2.53719e-11
-2.72895e-11
-2.43802e-11
-2.43241e-11
0.0888293
0.0781288
0.0888293
0.0781288
0.0161728
0.0161728
-0.0170975
-0.0170975
-3.1983e-11
-2.42626e-11
-2.94689e-11
-2.59075e-11
0.100998
0.0879423
0.100998
0.0879423
0.0134567
0.0134567
-0.0135026
-0.0135026
-1.0634e-11
-1.33113e-11
-8.76692e-12
-1.16515e-11
0.0861509
0.0760676
0.0861509
0.0760676
0.0297059
0.0297059
-0.0299139
-0.0299139
-2.62801e-12
-1.98058e-12
-6.92609e-12
-1.00466e-11
0.0888293
0.0781288
0.0888293
0.0781288
0.0161728
0.0161728
-0.0170975
-0.0170975
7.14746e-12
-3.12755e-12
-1.4543e-12
-4.92571e-12
0.100998
0.0879423
0.100998
0.0879423
0.0134572
0.0134572
-0.0134679
-0.0134679
-7.09432e-12
-1.17425e-11
-2.7654e-12
-7.50383e-12
0.0861002
0.076025
0.0861002
0.076025
0.029767
0.029767
-0.0297954
-0.0297954
-1.05424e-11
-1.01686e-11
-5.40688e-13
-4.23264e-12
0.0887903
0.0780783
0.0887903
0.0780783
0.0169698
0.0169698
-0.016972
-0.016972
-2.64732e-11
-2.03884e-11
5.0265e-12
-2.14704e-12
0.101545
0.0879141
0.101545
0.0879141
0.0134572
0.0134572
-0.0134679
-0.0134679
-2.27201e-11
-2.40458e-11
-3.49412e-12
-1.79372e-12
0.0861002
0.076025
0.0861002
0.076025
0.029767
0.029767
-0.0297954
-0.0297954
-2.14509e-11
-2.28218e-11
-7.10676e-12
-2.76324e-12
0.0887903
0.0780783
0.0887903
0.0780783
0.0169698
0.0169698
-0.016972
-0.016972
-4.66835e-11
-3.09935e-11
-8.21703e-12
-4.31969e-12
0.101545
0.0879141
0.101545
0.0879141
0.0134572
0.0134572
-0.0134679
-0.0134679
-1.59401e-11
-8.46342e-12
-1.38679e-12
7.51215e-12
0.0861002
0.076025
0.0861002
0.076025
0.029767
0.029767
-0.0297954
-0.0297954
-1.31221e-11
-6.06626e-12
-8.37379e-12
-2.28458e-12
0.0887903
0.0780783
0.0887903
0.0780783
0.0169698
0.0169698
-0.016972
-0.016972
6.32568e-12
2.1229e-12
-3.72439e-12
-6.86761e-12
0.101545
0.0879141
0.101545
0.0879141
0.0134785
0.0134785
-0.0134605
-0.0134605
4.65316e-12
2.63645e-12
4.70921e-12
1.00214e-11
0.0861121
0.0760345
0.0861121
0.0760345
0.0298296
0.0298296
-0.0297455
-0.0297455
-8.92517e-14
-1.41759e-12
2.25796e-12
9.41553e-12
0.0887925
0.0780908
0.0887925
0.0780908
0.0169337
0.0169337
-0.0165373
-0.0165373
8.54719e-12
-2.17404e-12
-4.97461e-12
7.27541e-12
0.101239
0.08789
0.101239
0.08789
0.0134785
0.0134785
-0.0134605
-0.0134605
6.78206e-12
1.07946e-11
1.01168e-11
1.55607e-11
0.0861121
0.0760345
0.0861121
0.0760345
0.0298296
0.0298296
-0.0297455
-0.0297455
4.95048e-12
5.17536e-12
3.40084e-12
1.22184e-11
0.0887925
0.0780908
0.0887925
0.0780908
0.0169337
0.0169337
-0.0165373
-0.0165373
-1.02733e-11
-1.09765e-11
2.77896e-11
8.0832e-12
0.101239
0.08789
0.101239
0.08789
0.0134785
0.0134785
-0.0134605
-0.0134605
-4.63412e-12
6.86261e-12
2.82411e-12
2.67414e-12
0.0861121
0.0760345
0.0861121
0.0760345
0.0298296
0.0298296
-0.0297455
-0.0297455
-1.10345e-11
-1.03688e-12
9.83908e-14
-4.18373e-12
0.0887925
0.0780908
0.0887925
0.0780908
0.0169337
0.0169337
-0.0165373
-0.0165373
-1.59322e-11
-2.08944e-12
-4.34973e-12
-7.16433e-12
0.101239
0.08789
0.101239
0.08789
0.016586
0.016586
-0.0169746
-0.0169746
1.03578e-11
-1.49983e-12
9.73359e-13
-8.40495e-13
0.101299
0.0879072
0.101299
0.0879072
0.0297592
0.0297592
-0.0298355
-0.0298355
5.05752e-12
9.47572e-13
2.03995e-12
-3.35464e-12
0.0888032
0.0780959
0.0888032
0.0780959
0.0134637
0.0134637
-0.0134795
-0.0134795
4.14559e-13
-2.56415e-12
-2.13755e-12
-5.19638e-12
0.0861162
0.0760374
0.0861162
0.0760374
0.016586
0.016586
-0.0169746
-0.0169746
6.94088e-12
-4.4682e-12
-4.41821e-12
-1.34916e-12
0.101299
0.0879072
0.101299
0.0879072
0.0297592
0.0297592
-0.0298355
-0.0298355
6.06203e-12
1.26442e-12
-6.35119e-13
-3.1233e-12
0.0888032
0.0780959
0.0888032
0.0780959
0.0134637
0.0134637
-0.0134795
-0.0134795
5.23354e-12
4.94485e-12
-3.89374e-12
-2.38272e-12
0.0861162
0.0760374
0.0861162
0.0760374
0.016586
0.016586
-0.0169746
-0.0169746
5.96831e-12
7.31781e-13
-2.4066e-12
-4.68933e-12
0.101299
0.0879072
0.101299
0.0879072
0.0297592
0.0297592
-0.0298355
-0.0298355
1.29146e-13
1.80051e-12
-3.14498e-12
-2.15645e-12
0.0888032
0.0780959
0.0888032
0.0780959
0.0134637
0.0134637
-0.0134795
-0.0134795
3.57604e-12
5.35229e-12
-1.88191e-12
-5.33697e-13
0.0861162
0.0760374
0.0861162
0.0760374
0.0169689
0.0169689
-0.0169688
-0.0169688
-1.50104e-11
-2.6858e-12
-6.54209e-12
-5.03428e-12
0.101542
0.0879151
0.101542
0.0879151
0.0297909
0.0297909
-0.0297723
-0.0297723
-3.18745e-12
-1.66426e-12
-5.41978e-12
6.02869e-13
0.0887913
0.0780793
0.0887913
0.0780793
0.0134667
0.0134667
-0.0134589
-0.0134589
-3.42347e-12
-3.71428e-12
-3.52631e-12
1.03088e-12
0.0861013
0.076026
0.0861013
0.076026
0.0169689
0.0169689
-0.0169688
-0.0169688
5.46157e-12
-6.30882e-12
-5.88377e-12
-8.86978e-13
0.101542
0.0879151
0.101542
0.0879151
0.0297909
0.0297909
-0.0297723
-0.0297723
-5.01037e-12
-6.57139e-12
-5.30633e-12
-1.81752e-12
0.0887913
0.0780793
0.0887913
0.0780793
0.0134667
0.0134667
-0.0134589
-0.0134589
-3.34112e-12
-2.85916e-12
-7.59393e-12
-3.01879e-12
0.0861013
0.076026
0.0861013
0.076026
0.0169689
0.0169689
-0.0169688
-0.0169688
-3.0953e-11
-7.59962e-12
-3.94381e-12
-3.16585e-12
0.101542
0.0879151
0.101542
0.0879151
0.0297909
0.0297909
-0.0297723
-0.0297723
-9.37525e-12
-7.55063e-12
-3.52495e-12
-3.56519e-12
0.0887913
0.0780793
0.0887913
0.0780793
0.0134667
0.0134667
-0.0134589
-0.0134589
-2.96012e-12
-2.24055e-12
-4.88265e-12
-4.27238e-12
0.0861013
0.076026
0.0861013
0.076026
0.0170533
0.0170533
-0.0161343
-0.0161343
-1.041e-12
-6.36754e-12
3.25147e-13
-1.88014e-12
0.100942
0.0879283
0.100942
0.0879283
0.0299069
0.0299069
-0.0296968
-0.0296968
-2.05951e-12
-1.8957e-12
-5.61366e-12
-2.48403e-12
0.0888209
0.0781254
0.0888209
0.0781254
0.0135014
0.0135014
-0.0134548
-0.0134548
-1.80713e-12
-6.97244e-13
-2.86207e-12
-2.24671e-12
0.0861483
0.0760659
0.0861483
0.0760659
0.0170533
0.0170533
-0.0161343
-0.0161343
-1.26562e-11
-7.95299e-12
-1.16279e-12
-1.84088e-12
0.100942
0.0879283
0.100942
0.0879283
0.0299069
0.0299069
-0.0296968
-0.0296968
-7.04309e-12
-8.30275e-12
-7.05078e-12
-9.29524e-13
0.0888209
0.0781254
0.0888209
0.0781254
0.0135014
0.0135014
-0.0134548
-0.0134548
-3.31432e-12
-4.33483e-12
-6.3452e-12
-8.09302e-13
0.0861483
0.0760659
0.0861483
0.0760659
0.0170533
0.0170533
-0.0161343
-0.0161343
1.09052e-11
7.23484e-13
1.52769e-11
3.13594e-12
0.100942
0.0879283
0.100942
0.0879283
0.0299069
0.0299069
-0.0296968
-0.0296968
-4.9142e-13
-5.44989e-12
3.01571e-12
4.0295e-12
0.0888209
0.0781254
0.0888209
0.0781254
0.0135014
0.0135014
-0.0134548
-0.0134548
-1.4704e-12
-3.97749e-12
-2.77874e-12
1.47312e-12
0.0861483
0.0760659
0.0861483
0.0760659
