FiniteElementSpace
FiniteElementCollection: ND_3D_P2
VDim: 1
Ordering: 0

1.44364e-11
5.04398e-12
1.12903e-11
2.0023e-11
-1.14851e-11
-1.00417e-11
1.411e-11
1.42748e-11
8.88178e-16
-7.49401e-16
8.88178e-16
-7.49401e-16
8.88178e-16
-7.49401e-16
8.88178e-16
-7.49401e-16
-0.0608939
-0.0608939
-0.0243867
-0.0243867
-0.0342176
-0.0342176
-0.0681932
-0.0681932
2.95349e-11
1.42282e-11
1.30154e-11
1.27342e-12
4.35558e-12
-1.98256e-11
8.88178e-16
-7.49401e-16
7.49401e-16
-8.88178e-16
7.49401e-16
-8.88178e-16
-0.145914
-0.145914
-0.0284992
-0.0284992
2.14045e-11
1.31036e-11
-1.38885e-11
3.90664e-12
7.49401e-16
-8.88178e-16
7.49401e-16
-8.88178e-16
-0.147121
-0.147121
1.74546e-11
5.95663e-11
1.57589e-12
-3.18258e-12
-2.2622e-11
-2.84232e-11
7.49401e-16
-8.88178e-16
8.88178e-16
-7.49401e-16
8.88178e-16
-7.49401e-16
-0.0789917
-0.0789917
-0.0516728
-0.0516728
1.65981e-11
1.57401e-10
5.6247e-11
1.29177e-11
7.49401e-16
-8.88178e-16
7.49401e-16
-8.88178e-16
-0.146948
-0.146948
-2.07832e-10
-1.26051e-11
-5.09857e-11
-2.22483e-11
7.49401e-16
-8.88178e-16
7.49401e-16
-8.88178e-16
-0.144226
-0.144226
-8.2033e-12
3.21205e-12
-1.4062e-11
1.74564e-11
-2.57181e-13
6.27986e-12
7.49401e-16
-8.88178e-16
8.88178e-16
-7.49401e-16
8.88178e-16
-7.49401e-16
-0.0152273
-0.0152273
-0.00739634
-0.00739634
4.84159e-11
-4.09996e-12
-2.68684e-11
4.34112e-12
7.49401e-16
-8.88178e-16
7.49401e-16
-8.88178e-16
-0.014835
-0.014835
-4.02316e-12
-2.39353e-13
-2.54783e-11
-5.92829e-12
7.49401e-16
-8.88178e-16
7.49401e-16
-8.88178e-16
-0.00382385
-0.00382385
-9.69649e-12
-2.34271e-12
2.39991e-11
2.61819e-12
7.49401e-16
-8.88178e-16
7.49401e-16
-8.88178e-16
-0.0102819
-0.0102819
3.87492e-12
1.74337e-12
-1.41628e-11
-2.417e-12
7.49401e-16
-8.88178e-16
7.49401e-16
-8.88178e-16
-0.00674987
-0.00674987
-3.42927e-12
-1.16444e-12
8.88178e-16
-7.49401e-16
-4.46368e-12
1.6591e-11
9.74689e-12
-6.35129e-12
6.14426e-12
1.02295e-11
1.43525e-11
1.11827e-11
0.0608939
0.0608939
0.0243867
0.0243867
0.0342176
0.0342176
0.0681932
0.0681932
-3.96039e-11
-2.21566e-11
-1.77438e-11
4.53163e-12
1.60337e-11
2.39301e-11
0.145914
0.145914
0.0284992
0.0284992
-1.38818e-11
3.19781e-12
-5.67327e-12
1.91092e-11
0.147121
0.147121
-1.97752e-11
-4.61992e-11
-1.34535e-12
1.04056e-11
3.06385e-11
2.04862e-11
0.0789917
0.0789917
0.0516728
0.0516728
-3.6733e-11
-1.05861e-10
-1.63975e-11
-2.31808e-11
0.146948
0.146948
9.19572e-11
4.40896e-11
2.23415e-11
8.9143e-12
0.144226
0.144226
6.45228e-12
2.14398e-11
7.73091e-12
9.50606e-12
-1.65487e-11
4.90126e-13
0.0152273
0.0152273
0.00739634
0.00739634
-1.24435e-11
5.03673e-12
-1.26372e-11
-2.79379e-12
0.014835
0.014835
-1.5184e-11
1.78625e-11
7.05481e-12
-2.25626e-12
0.00382385
0.00382385
5.80243e-12
-1.08276e-11
1.31614e-11
4.61423e-12
0.0102819
0.0102819
1.79464e-11
-3.06343e-11
-4.73384e-12
2.37646e-13
0.00674987
0.00674987
4.72167e-12
1.78765e-11
-8.88178e-16
7.49401e-16
-8.88178e-16
7.49401e-16
-8.88178e-16
7.49401e-16
-8.88178e-16
7.49401e-16
0.0608939
0.0608939
0.0243867
0.0243867
0.0342176
0.0342176
0.0681932
0.0681932
-8.88178e-16
7.49401e-16
-7.49401e-16
8.88178e-16
-7.49401e-16
8.88178e-16
0.145914
0.145914
0.0284992
0.0284992
-7.49401e-16
8.88178e-16
-7.49401e-16
8.88178e-16
0.147121
0.147121
-7.49401e-16
8.88178e-16
-8.88178e-16
7.49401e-16
-8.88178e-16
7.49401e-16
0.0789917
0.0789917
0.0516728
0.0516728
-7.49401e-16
8.88178e-16
-7.49401e-16
8.88178e-16
0.146948
0.146948
-7.49401e-16
8.88178e-16
-7.49401e-16
8.88178e-16
0.144226
0.144226
-7.49401e-16
8.88178e-16
-8.88178e-16
7.49401e-16
-8.88178e-16
7.49401e-16
0.0152273
0.0152273
0.00739634
0.00739634
-7.49401e-16
8.88178e-16
-7.49401e-16
8.88178e-16
0.014835
0.014835
-7.49401e-16
8.88178e-16
-7.49401e-16
8.88178e-16
0.00382385
0.00382385
-7.49401e-16
8.88178e-16
-7.49401e-16
8.88178e-16
0.0102819
0.0102819
-7.49401e-16
8.88178e-16
-7.49401e-16
8.88178e-16
0.00674987
0.00674987
-8.88178e-16
7.49401e-16
-9.13749e-12
1.6333e-11
-8.34881e-12
-2.26885e-11
3.00531e-11
1.58798e-12
-1.85582e-12
1.50317e-11
8.88178e-16
-7.49401e-16
8.88178e-16
-7.49401e-16
8.88178e-16
-7.49401e-16
8.88178e-16
-7.49401e-16
-0.00552285
-0.00552285
-0.0122873
-0.0122873
-0.0342599
-0.0342599
-0.0170644
-0.0170644
6.59539e-12
1.05537e-11
2.60053e-12
1.73034e-11
-3.33185e-12
-6.51668e-12
8.88178e-16
-7.49401e-16
7.49401e-16
-8.88178e-16
8.88178e-16
-7.49401e-16
-0.00674987
-0.00674987
-2.74705e-12
1.84936e-12
8.88178e-16
-7.49401e-16
2.48685e-12
-2.81569e-12
-2.73327e-12
-9.23356e-12
-1.37259e-11
-2.40425e-11
7.49401e-16
-8.88178e-16
8.88178e-16
-7.49401e-16
8.88178e-16
-7.49401e-16
-0.0614011
-0.0614011
-0.0682297
-0.0682297
2.80269e-11
1.10064e-11
8.88178e-16
-7.49401e-16
2.63445e-11
-1.6537e-11
9.03917e-12
3.67054e-12
7.49401e-16
-8.88178e-16
7.49401e-16
-8.88178e-16
-0.147004
-0.147004
-2.98075e-11
-5.66516e-12
2.3138e-11
1.48881e-11
7.65448e-11
2.28103e-11
7.49401e-16
-8.88178e-16
8.88178e-16
-7.49401e-16
8.88178e-16
-7.49401e-16
-0.0790181
-0.0790181
-0.0516012
-0.0516012
-6.61964e-11
1.65877e-11
-1.88997e-11
2.44867e-11
7.49401e-16
-8.88178e-16
7.49401e-16
-8.88178e-16
-0.147094
-0.147094
1.7867e-10
-4.32852e-11
2.77136e-11
-1.6914e-11
7.49401e-16
-8.88178e-16
7.49401e-16
-8.88178e-16
-0.145914
-0.145914
-1.73015e-12
1.37541e-11
7.3183e-12
1.48589e-12
7.49401e-16
-8.88178e-16
7.49401e-16
-8.88178e-16
-0.0240323
-0.0240323
1.11903e-11
1.58456e-11
9.62671e-12
3.13325e-12
7.49401e-16
-8.88178e-16
7.49401e-16
-8.88178e-16
-0.0284992
-0.0284992
-4.5333e-12
-4.17728e-13
8.88178e-16
-7.49401e-16
-4.77801e-12
-1.11726e-11
-1.40894e-11
7.76655e-13
-8.07983e-13
9.48025e-12
-1.51058e-11
-2.04449e-12
0.00552285
0.00552285
0.0122873
0.0122873
0.0342599
0.0342599
0.0170644
0.0170644
-1.0202e-12
-2.13395e-11
2.85594e-12
5.67826e-12
6.48905e-12
-1.80004e-11
0.00674987
0.00674987
-9.45842e-12
-5.59367e-12
-6.80954e-12
3.89899e-12
-2.2134e-11
-8.41584e-12
-2.50503e-11
-4.91636e-12
0.0614011
0.0614011
0.0682297
0.0682297
-1.73264e-13
-3.0041e-11
-2.53113e-11
-8.80956e-11
-2.21348e-11
-2.32052e-11
0.147004
0.147004
-1.25491e-11
-4.64734e-11
-2.89444e-11
-2.47182e-11
2.04228e-11
2.24891e-11
0.0790181
0.0790181
0.0516012
0.0516012
1.36844e-11
-1.12177e-10
-5.2131e-11
-4.14683e-11
0.147094
0.147094
2.29123e-10
9.16047e-11
6.71035e-11
6.03321e-11
0.145914
0.145914
-1.8485e-12
4.31336e-11
3.03485e-12
-3.4812e-11
0.0240323
0.0240323
-3.0459e-11
-1.42051e-11
-1.93819e-11
3.46954e-11
0.0284992
0.0284992
-2.15831e-11
-6.0039e-12
-8.88178e-16
7.49401e-16
-8.88178e-16
7.49401e-16
-8.88178e-16
7.49401e-16
-8.88178e-16
7.49401e-16
0.00552285
0.00552285
0.0122873
0.0122873
0.0342599
0.0342599
0.0170644
0.0170644
-8.88178e-16
7.49401e-16
-7.49401e-16
8.88178e-16
-8.88178e-16
7.49401e-16
0.00674987
0.00674987
-8.88178e-16
7.49401e-16
-7.49401e-16
8.88178e-16
-8.88178e-16
7.49401e-16
-8.88178e-16
7.49401e-16
0.0614011
0.0614011
0.0682297
0.0682297
-8.88178e-16
7.49401e-16
-7.49401e-16
8.88178e-16
-7.49401e-16
8.88178e-16
0.147004
0.147004
-7.49401e-16
8.88178e-16
-8.88178e-16
7.49401e-16
-8.88178e-16
7.49401e-16
0.0790181
0.0790181
0.0516012
0.0516012
-7.49401e-16
8.88178e-16
-7.49401e-16
8.88178e-16
0.147094
0.147094
-7.49401e-16
8.88178e-16
-7.49401e-16
8.88178e-16
0.145914
0.145914
-7.49401e-16
8.88178e-16
-7.49401e-16
8.88178e-16
0.0240323
0.0240323
-7.49401e-16
8.88178e-16
-7.49401e-16
8.88178e-16
0.0284992
0.0284992
-8.88178e-16
7.49401e-16
1.50994e-11
1.23983e-11
-2.2204e-11
-2.30586e-11
-2.07648e-11
-5.49358e-12
-7.83766e-12
-3.26339e-11
8.88178e-16
-7.49401e-16
8.88178e-16
-7.49401e-16
8.88178e-16
-7.49401e-16
8.88178e-16
-7.49401e-16
-0.0608939
-0.0608939
-0.0243867
-0.0243867
-0.0342176
-0.0342176
-0.0681932
-0.0681932
-2.10858e-12
-7.26713e-12
1.58955e-11
-2.21169e-11
8.88178e-16
-7.49401e-16
8.88178e-16
-7.49401e-16
8.53129e-12
-8.12511e-11
-1.24098e-11
-1.38133e-11
7.49401e-16
-8.88178e-16
7.49401e-16
-8.88178e-16
-0.147121
-0.147121
2.15566e-11
5.83049e-11
2.31101e-11
6.41434e-12
-1.90549e-11
6.52497e-12
7.49401e-16
-8.88178e-16
8.88178e-16
-7.49401e-16
8.88178e-16
-7.49401e-16
-0.0789917
-0.0789917
-0.0516728
-0.0516728
5.83377e-11
1.02616e-10
4.44372e-11
-4.41197e-12
7.49401e-16
-8.88178e-16
7.49401e-16
-8.88178e-16
-0.146948
-0.146948
-9.20229e-11
4.54202e-11
-1.9076e-11
2.34145e-11
7.49401e-16
-8.88178e-16
7.49401e-16
-8.88178e-16
-0.144226
-0.144226
1.70196e-12
5.8468e-12
4.07214e-11
6.22698e-12
7.99716e-12
-4.61634e-12
7.49401e-16
-8.88178e-16
8.88178e-16
-7.49401e-16
8.88178e-16
-7.49401e-16
-0.0152273
-0.0152273
-0.00739634
-0.00739634
7.25287e-12
-5.65423e-12
4.41281e-12
-7.99583e-12
7.49401e-16
-8.88178e-16
7.49401e-16
-8.88178e-16
-0.014835
-0.014835
-6.24688e-12
3.8103e-12
3.69619e-12
4.53493e-12
8.88178e-16
-7.49401e-16
8.88178e-16
-7.49401e-16
1.03152e-11
1.10555e-12
1.60341e-12
1.23448e-11
7.49401e-16
-8.88178e-16
7.49401e-16
-8.88178e-16
-0.0102819
-0.0102819
1.01569e-11
-7.91899e-12
8.88178e-16
-7.49401e-16
1.29487e-11
-8.65992e-12
1.88369e-11
1.4366e-11
6.10826e-12
-5.05258e-12
2.32571e-11
2.21378e-11
0.0608939
0.0608939
0.0243867
0.0243867
0.0342176
0.0342176
0.0681932
0.0681932
1.21756e-11
1.64142e-11
-3.75557e-12
1.36731e-11
5.38706e-11
3.19114e-11
-3.1717e-12
8.57333e-12
0.147121
0.147121
2.14007e-11
-2.59519e-11
-6.66682e-12
-1.06848e-11
-1.59426e-11
-1.07737e-11
0.0789917
0.0789917
0.0516728
0.0516728
3.39513e-11
-4.22399e-11
-5.79941e-12
1.13484e-11
0.146948
0.146948
4.64016e-12
-8.77445e-12
1.49632e-11
1.89371e-11
0.144226
0.144226
-1.36552e-12
-1.13332e-11
-1.33178e-11
3.40696e-12
5.25324e-12
5.84829e-12
0.0152273
0.0152273
0.00739634
0.00739634
-4.96488e-11
-2.10094e-11
-5.98372e-12
9.26693e-13
0.014835
0.014835
-1.31671e-12
-1.49311e-11
1.17764e-11
-1.71171e-11
9.76003e-12
-1.19221e-11
8.08625e-12
1.18447e-11
0.0102819
0.0102819
-1.05593e-11
2.576e-11
-8.88178e-16
7.49401e-16
-8.88178e-16
7.49401e-16
-8.88178e-16
7.49401e-16
-8.88178e-16
7.49401e-16
0.0608939
0.0608939
0.0243867
0.0243867
0.0342176
0.0342176
0.0681932
0.0681932
-8.88178e-16
7.49401e-16
-8.88178e-16
7.49401e-16
-7.49401e-16
8.88178e-16
-7.49401e-16
8.88178e-16
0.147121
0.147121
-7.49401e-16
8.88178e-16
-8.88178e-16
7.49401e-16
-8.88178e-16
7.49401e-16
0.0789917
0.0789917
0.0516728
0.0516728
-7.49401e-16
8.88178e-16
-7.49401e-16
8.88178e-16
0.146948
0.146948
-7.49401e-16
8.88178e-16
-7.49401e-16
8.88178e-16
0.144226
0.144226
-7.49401e-16
8.88178e-16
-8.88178e-16
7.49401e-16
-8.88178e-16
7.49401e-16
0.0152273
0.0152273
0.00739634
0.00739634
-7.49401e-16
8.88178e-16
-7.49401e-16
8.88178e-16
0.014835
0.014835
-8.88178e-16
7.49401e-16
-8.88178e-16
7.49401e-16
-7.49401e-16
8.88178e-16
-7.49401e-16
8.88178e-16
0.0102819
0.0102819
-8.88178e-16
7.49401e-16
-1.57877e-11
1.48438e-11
7.19963e-12
7.2821e-12
9.46417e-12
-1.36988e-11
-9.50876e-13
9.74537e-12
8.88178e-16
-7.49401e-16
8.88178e-16
-7.49401e-16
8.88178e-16
-7.49401e-16
8.88178e-16
-7.49401e-16
-0.00552285
-0.00552285
-0.0122873
-0.0122873
-0.0342599
-0.0342599
-0.0170644
-0.0170644
-1.41026e-11
6.56944e-12
-4.36256e-12
1.69413e-12
8.88178e-16
-7.49401e-16
8.88178e-16
-7.49401e-16
-4.66278e-12
1.37514e-11
8.88178e-16
-7.49401e-16
1.64859e-11
2.98334e-12
2.73727e-11
-2.27002e-11
-9.95181e-12
-7.06132e-12
7.49401e-16
-8.88178e-16
8.88178e-16
-7.49401e-16
8.88178e-16
-7.49401e-16
-0.0614011
-0.0614011
-0.0682297
-0.0682297
1.23426e-11
2.43e-11
8.88178e-16
-7.49401e-16
6.05006e-11
-4.71643e-11
-4.70352e-12
9.81357e-12
7.49401e-16
-8.88178e-16
7.49401e-16
-8.88178e-16
-0.147004
-0.147004
-6.99861e-12
-5.21744e-11
-7.19381e-12
1.1146e-11
4.44994e-11
1.08674e-11
7.49401e-16
-8.88178e-16
8.88178e-16
-7.49401e-16
8.88178e-16
-7.49401e-16
-0.0790181
-0.0790181
-0.0516012
-0.0516012
-2.27603e-11
-1.24637e-10
-3.26665e-11
-1.67539e-11
7.49401e-16
-8.88178e-16
7.49401e-16
-8.88178e-16
-0.147094
-0.147094
9.20459e-11
-1.61928e-10
5.24728e-11
-3.94934e-12
8.88178e-16
-7.49401e-16
8.88178e-16
-7.49401e-16
1.07709e-11
-1.16518e-11
1.89482e-12
1.50315e-11
7.49401e-16
-8.88178e-16
7.49401e-16
-8.88178e-16
-0.0240323
-0.0240323
7.92535e-12
-7.86694e-12
8.88178e-16
-7.49401e-16
-2.76516e-11
-1.38345e-11
-4.60423e-12
-9.81147e-12
7.73543e-12
8.94734e-12
-3.31695e-11
-1.39444e-11
0.00552285
0.00552285
0.0122873
0.0122873
0.0342599
0.0342599
0.0170644
0.0170644
-6.76198e-12
-4.25619e-12
3.51704e-11
-1.61847e-11
-5.57636e-12
-6.91824e-12
7.75923e-12
3.18545e-11
-2.32636e-11
-1.31228e-11
-6.03805e-11
-5.67936e-11
0.0614011
0.0614011
0.0682297
0.0682297
-2.42894e-11
-3.9422e-11
-6.18918e-11
-1.75054e-10
-2.11878e-11
2.82275e-11
0.147004
0.147004
-1.88284e-11
-1.79188e-11
-2.57617e-11
-1.42972e-11
1.86757e-11
2.19298e-11
0.0790181
0.0790181
0.0516012
0.0516012
-1.30982e-10
-1.06906e-11
-1.9739e-11
-3.25652e-11
0.147094
0.147094
-1.38942e-10
-1.18795e-10
-7.452e-11
-5.3509e-11
-3.47434e-12
4.45754e-11
1.39055e-12
-2.13851e-11
0.0240323
0.0240323
-1.34737e-11
2.51176e-12
-8.88178e-16
7.49401e-16
-8.88178e-16
7.49401e-16
-8.88178e-16
7.49401e-16
-8.88178e-16
7.49401e-16
0.00552285
0.00552285
0.0122873
0.0122873
0.0342599
0.0342599
0.0170644
0.0170644
-8.88178e-16
7.49401e-16
-8.88178e-16
7.49401e-16
-8.88178e-16
7.49401e-16
-7.49401e-16
8.88178e-16
-8.88178e-16
7.49401e-16
-8.88178e-16
7.49401e-16
0.0614011
0.0614011
0.0682297
0.0682297
-8.88178e-16
7.49401e-16
-7.49401e-16
8.88178e-16
-7.49401e-16
8.88178e-16
0.147004
0.147004
-7.49401e-16
8.88178e-16
-8.88178e-16
7.49401e-16
-8.88178e-16
7.49401e-16
0.0790181
0.0790181
0.0516012
0.0516012
-7.49401e-16
8.88178e-16
-7.49401e-16
8.88178e-16
0.147094
0.147094
-8.88178e-16
7.49401e-16
-8.88178e-16
7.49401e-16
-7.49401e-16
8.88178e-16
-7.49401e-16
8.88178e-16
0.0240323
0.0240323
-8.88178e-16
7.49401e-16
-7.54645e-11
-3.14691e-11
8.88178e-16
-7.49401e-16
-0.362337
-0.362337
1.67435e-10
-1.10201e-10
8.88178e-16
-7.49401e-16
-0.362512
-0.362512
-9.67111e-11
9.46546e-11
8.88178e-16
-7.49401e-16
4.04027e-11
1.57241e-10
8.88178e-16
-7.49401e-16
-0.52948
-0.52948
-5.10296e-12
2.54907e-10
8.88178e-16
-7.49401e-16
-0.529523
-0.529523
-2.00044e-10
2.07025e-10
8.88178e-16
-7.49401e-16
-7.51112e-12
4.34937e-10
8.88178e-16
-7.49401e-16
-0.665753
-0.665753
7.58958e-11
3.77718e-10
8.88178e-16
-7.49401e-16
-0.665753
-0.665753
-8.60716e-10
7.9122e-10
8.88178e-16
-7.49401e-16
8.38169e-11
-2.22066e-11
0.362337
0.362337
3.99485e-10
-4.93287e-11
0.362512
0.362512
-3.23993e-10
1.93185e-10
-2.2673e-10
3.70298e-11
0.52948
0.52948
-2.8644e-10
1.29389e-10
0.529523
0.529523
-2.94223e-10
1.29246e-10
9.89234e-11
3.15353e-10
0.665753
0.665753
-3.27449e-11
-3.60894e-11
0.665753
0.665753
-8.85411e-10
1.61523e-10
-7.49401e-16
8.88178e-16
0.362337
0.362337
-7.49401e-16
8.88178e-16
0.362512
0.362512
-8.88178e-16
7.49401e-16
-7.49401e-16
8.88178e-16
0.52948
0.52948
-7.49401e-16
8.88178e-16
0.529523
0.529523
-8.88178e-16
7.49401e-16
-7.49401e-16
8.88178e-16
0.665753
0.665753
-7.49401e-16
8.88178e-16
0.665753
0.665753
-8.88178e-16
7.49401e-16
1.01678e-10
1.74486e-10
8.88178e-16
-7.49401e-16
-0.362482
-0.362482
5.47661e-11
2.07875e-10
8.88178e-16
-7.49401e-16
-7.68597e-11
9.86588e-11
8.88178e-16
-7.49401e-16
-0.529502
-0.529502
-1.48123e-10
1.58001e-10
8.88178e-16
-7.49401e-16
3.52243e-11
-1.29246e-10
8.88178e-16
-7.49401e-16
-0.665753
-0.665753
-1.10112e-10
-5.0156e-10
8.88178e-16
-7.49401e-16
1.49825e-10
2.00495e-10
0.362482
0.362482
-9.9924e-11
1.69479e-10
8.71349e-12
8.55534e-11
0.529502
0.529502
1.16723e-10
1.64736e-10
5.30846e-11
-1.59715e-10
0.665753
0.665753
5.30003e-10
-3.23955e-10
-7.49401e-16
8.88178e-16
0.362482
0.362482
-8.88178e-16
7.49401e-16
-7.49401e-16
8.88178e-16
0.529502
0.529502
-8.88178e-16
7.49401e-16
-7.49401e-16
8.88178e-16
0.665753
0.665753
-8.88178e-16
7.49401e-16
2.87947e-11
1.61128e-10
8.88178e-16
-7.49401e-16
-0.362058
-0.362058
-2.24824e-10
1.28943e-10
8.88178e-16
-7.49401e-16
1.59137e-10
-1.16327e-10
8.88178e-16
-7.49401e-16
-0.529393
-0.529393
-1.19233e-10
3.80521e-11
8.88178e-16
-7.49401e-16
-1.6733e-12
1.84219e-10
8.88178e-16
-7.49401e-16
-0.665753
-0.665753
3.31068e-10
-1.45662e-10
8.88178e-16
-7.49401e-16
-9.95401e-12
2.50032e-10
0.362058
0.362058
-1.03084e-10
1.33371e-10
1.63246e-10
-1.77325e-11
0.529393
0.529393
-1.7511e-11
1.11218e-10
1.2174e-10
2.24084e-10
0.665753
0.665753
1.16166e-09
-6.21961e-10
-7.49401e-16
8.88178e-16
0.362058
0.362058
-8.88178e-16
7.49401e-16
-7.49401e-16
8.88178e-16
0.529393
0.529393
-8.88178e-16
7.49401e-16
-7.49401e-16
8.88178e-16
0.665753
0.665753
-8.88178e-16
7.49401e-16
1.98244e-10
-4.65782e-10
8.88178e-16
-7.49401e-16
-0.362502
-0.362502
-1.47659e-11
-2.04737e-10
7.49401e-16
-8.88178e-16
1.45039e-10
1.01918e-10
8.88178e-16
-7.49401e-16
-0.529518
-0.529518
-1.26522e-10
-1.1498e-11
7.49401e-16
-8.88178e-16
3.14801e-11
5.72943e-10
8.88178e-16
-7.49401e-16
-0.665753
-0.665753
-1.2285e-09
1.3491e-09
7.49401e-16
-8.88178e-16
-1.81936e-10
-3.36032e-10
0.362502
0.362502
-3.25551e-10
-1.25123e-10
-3.54022e-11
-1.29225e-10
0.529518
0.529518
-1.713e-10
-1.95254e-10
-6.98917e-11
-2.25033e-10
0.665753
0.665753
2.89235e-10
-1.26584e-09
-7.49401e-16
8.88178e-16
0.362502
0.362502
-7.49401e-16
8.88178e-16
-7.49401e-16
8.88178e-16
0.529518
0.529518
-7.49401e-16
8.88178e-16
-7.49401e-16
8.88178e-16
0.665753
0.665753
-7.49401e-16
8.88178e-16
-3.18169e-10
1.72184e-10
8.88178e-16
-7.49401e-16
-0.362483
-0.362483
2.12522e-10
9.75758e-11
7.49401e-16
-8.88178e-16
-1.61177e-11
1.04867e-11
8.88178e-16
-7.49401e-16
-0.529504
-0.529504
-1.49604e-11
8.64809e-11
7.49401e-16
-8.88178e-16
-7.31116e-11
2.77638e-10
8.88178e-16
-7.49401e-16
-0.665753
-0.665753
-9.52675e-10
6.65447e-10
7.49401e-16
-8.88178e-16
-3.23426e-10
2.04316e-10
0.362483
0.362483
1.07601e-10
3.02039e-10
4.31414e-12
-3.41282e-10
0.529504
0.529504
2.56899e-10
2.16354e-11
1.69924e-10
1.2203e-10
0.665753
0.665753
7.28215e-10
2.07174e-10
-7.49401e-16
8.88178e-16
0.362483
0.362483
-7.49401e-16
8.88178e-16
-7.49401e-16
8.88178e-16
0.529504
0.529504
-7.49401e-16
8.88178e-16
-7.49401e-16
8.88178e-16
0.665753
0.665753
-7.49401e-16
8.88178e-16
5.50386e-11
2.56535e-10
8.88178e-16
-7.49401e-16
-0.362058
-0.362058
-5.60378e-11
4.45222e-10
7.49401e-16
-8.88178e-16
-9.25263e-11
-8.65602e-11
8.88178e-16
-7.49401e-16
-0.529393
-0.529393
5.46193e-11
1.20569e-10
7.49401e-16
-8.88178e-16
-3.90226e-11
-5.0705e-11
8.88178e-16
-7.49401e-16
-0.665753
-0.665753
-5.4781e-10
3.79332e-10
7.49401e-16
-8.88178e-16
-1.92617e-10
1.02479e-10
0.362058
0.362058
-1.42267e-10
1.36863e-10
1.13127e-11
-4.21845e-11
0.529393
0.529393
1.02426e-10
1.46595e-10
3.36866e-11
1.26265e-10
0.665753
0.665753
4.07324e-11
-9.94305e-12
-7.49401e-16
8.88178e-16
0.362058
0.362058
-7.49401e-16
8.88178e-16
-7.49401e-16
8.88178e-16
0.529393
0.529393
-7.49401e-16
8.88178e-16
-7.49401e-16
8.88178e-16
0.665753
0.665753
-7.49401e-16
8.88178e-16
-8.88178e-16
7.49401e-16
-0.665753
-0.665753
-3.82448e-10
-2.28457e-10
-0.529502
-0.529502
-8.88178e-16
7.49401e-16
-8.88178e-16
7.49401e-16
5.01051e-10
-1.06444e-11
-2.5375e-11
1.78629e-10
-7.49401e-16
8.88178e-16
-4.48526e-11
-3.02952e-10
-0.362482
-0.362482
-8.88178e-16
7.49401e-16
6.83932e-11
-1.96752e-10
-8.88178e-16
7.49401e-16
1.77999e-10
-2.37033e-11
-0.665753
-0.665753
1.0499e-09
-2.77813e-11
-0.529502
-0.529502
1.12129e-10
-1.10043e-09
-1.22593e-10
1.55477e-10
-1.43591e-10
-5.4737e-11
-0.362482
-0.362482
-4.63831e-10
1.93981e-10
1.56068e-10
-7.9342e-11
-0.665753
-0.665753
8.88178e-16
-7.49401e-16
-0.529502
-0.529502
8.88178e-16
-7.49401e-16
8.88178e-16
-7.49401e-16
8.88178e-16
-7.49401e-16
-0.362482
-0.362482
8.88178e-16
-7.49401e-16
7.49401e-16
-8.88178e-16
-8.88178e-16
7.49401e-16
-0.665753
-0.665753
-4.05731e-10
-2.36861e-10
-0.529523
-0.529523
-8.88178e-16
7.49401e-16
-8.88178e-16
7.49401e-16
-8.47218e-10
6.54556e-10
-3.27771e-10
1.42937e-10
-7.49401e-16
8.88178e-16
-1.4123e-10
-2.1209e-10
-0.362512
-0.362512
-8.88178e-16
7.49401e-16
-7.49059e-11
-7.5173e-11
-8.88178e-16
7.49401e-16
7.90684e-11
1.65575e-10
-0.665753
-0.665753
1.46491e-10
-4.08532e-10
-0.529523
-0.529523
3.24936e-09
-2.02352e-09
2.85998e-11
-5.49346e-11
-3.48084e-10
9.46424e-11
-0.362512
-0.362512
-1.71396e-10
1.40436e-10
2.30049e-10
1.68263e-11
-0.665753
-0.665753
8.88178e-16
-7.49401e-16
-0.529523
-0.529523
8.88178e-16
-7.49401e-16
8.88178e-16
-7.49401e-16
8.88178e-16
-7.49401e-16
-0.362512
-0.362512
8.88178e-16
-7.49401e-16
7.49401e-16
-8.88178e-16
-8.88178e-16
7.49401e-16
-0.665753
-0.665753
1.06559e-09
2.65564e-10
-0.52948
-0.52948
-8.88178e-16
7.49401e-16
-8.88178e-16
7.49401e-16
-1.27036e-09
-1.04096e-09
-2.42112e-10
-1.38171e-10
-7.49401e-16
8.88178e-16
1.41894e-10
1.63732e-10
-0.362337
-0.362337
-8.88178e-16
7.49401e-16
-1.29925e-10
3.83351e-10
-8.88178e-16
7.49401e-16
4.45014e-11
1.66838e-10
-0.665753
-0.665753
-7.58013e-10
-3.76048e-10
-0.52948
-0.52948
3.49533e-10
5.6138e-10
-2.44035e-12
7.94305e-12
-1.81095e-10
4.38997e-11
-0.362337
-0.362337
-1.71044e-10
3.03993e-10
5.15052e-11
2.77935e-10
-0.665753
-0.665753
8.88178e-16
-7.49401e-16
-0.52948
-0.52948
8.88178e-16
-7.49401e-16
8.88178e-16
-7.49401e-16
8.88178e-16
-7.49401e-16
-0.362337
-0.362337
8.88178e-16
-7.49401e-16
7.49401e-16
-8.88178e-16
-2.97264e-11
1.93517e-10
-0.362502
-0.362502
7.49401e-16
-8.88178e-16
-2.33767e-10
1.11975e-10
8.88178e-16
-7.49401e-16
-1.41692e-10
1.10405e-10
-0.529518
-0.529518
7.49401e-16
-8.88178e-16
-1.83183e-10
-1.15618e-10
8.88178e-16
-7.49401e-16
-4.76054e-11
2.21209e-10
-0.665753
-0.665753
7.49401e-16
-8.88178e-16
-1.36981e-09
9.88019e-11
8.88178e-16
-7.49401e-16
6.12348e-12
2.36669e-10
0.362502
0.362502
-2.61207e-10
2.68285e-10
-1.40264e-10
-6.54924e-11
0.529518
0.529518
1.35233e-10
-3.76203e-11
1.1812e-10
-2.23629e-10
0.665753
0.665753
1.75591e-09
-4.21803e-10
-8.88178e-16
7.49401e-16
0.362502
0.362502
-8.88178e-16
7.49401e-16
-8.88178e-16
7.49401e-16
0.529518
0.529518
-8.88178e-16
7.49401e-16
-8.88178e-16
7.49401e-16
0.665753
0.665753
-8.88178e-16
7.49401e-16
-1.77591e-10
2.40002e-10
-0.362483
-0.362483
7.49401e-16
-8.88178e-16
2.66781e-11
6.81068e-11
8.88178e-16
-7.49401e-16
-1.78154e-12
4.46809e-11
-0.529504
-0.529504
7.49401e-16
-8.88178e-16
7.76326e-11
7.68032e-11
8.88178e-16
-7.49401e-16
8.66047e-11
7.99656e-10
-0.665753
-0.665753
7.49401e-16
-8.88178e-16
6.18979e-11
7.94919e-10
8.88178e-16
-7.49401e-16
1.05623e-10
2.6073e-10
0.362483
0.362483
-1.17234e-10
6.1179e-11
2.68507e-10
-1.13918e-10
0.529504
0.529504
2.77709e-10
-1.5545e-14
1.87591e-11
1.37659e-10
0.665753
0.665753
5.11404e-10
1.2928e-11
-8.88178e-16
7.49401e-16
0.362483
0.362483
-8.88178e-16
7.49401e-16
-8.88178e-16
7.49401e-16
0.529504
0.529504
-8.88178e-16
7.49401e-16
-8.88178e-16
7.49401e-16
0.665753
0.665753
-8.88178e-16
7.49401e-16
-8.79763e-11
2.35707e-10
7.49401e-16
-8.88178e-16
2.75707e-11
1.38365e-10
7.49401e-16
-8.88178e-16
-7.58166e-10
1.65309e-09
7.49401e-16
-8.88178e-16
-7.09742e-11
4.55898e-11
-1.67178e-10
1.60182e-10
-4.89247e-10
3.01828e-10
-7.49401e-16
8.88178e-16
-7.49401e-16
8.88178e-16
-7.49401e-16
8.88178e-16
1.42701e-11
5.98047e-12
-1.19106e-11
-1.22621e-11
-2.89122e-12
-5.4689e-12
-0.0377661
-0.0377661
1.28457e-11
1.30627e-12
-0.0274116
-0.0274116
1.08371e-11
2.46775e-12
-0.0478086
-0.0478086
-1.72905e-12
-1.3695e-11
-0.0598635
-0.0598635
7.49401e-16
-8.88178e-16
8.88178e-16
-7.49401e-16
1.27225e-11
1.26728e-11
3.48539e-12
-3.96083e-12
-1.74332e-12
-1.25366e-11
-0.0640962
-0.0640962
8.45053e-12
5.46658e-12
-0.0247932
-0.0247932
-1.96982e-11
2.05099e-12
-0.0919893
-0.0919893
7.49401e-16
-8.88178e-16
8.88178e-16
-7.49401e-16
-2.03914e-11
1.17044e-11
-2.19386e-11
1.00353e-11
-3.53951e-11
-2.62037e-11
-0.147495
-0.147495
5.76256e-12
1.60915e-11
-0.0991358
-0.0991358
7.49401e-16
-8.88178e-16
8.88178e-16
-7.49401e-16
-1.28159e-11
-2.63835e-11
1.46797e-11
-2.10286e-11
4.71603e-11
2.28373e-11
-0.0691299
-0.0691299
-3.12732e-11
-1.43203e-11
-0.0382399
-0.0382399
1.36072e-13
-3.46752e-12
-0.0615572
-0.0615572
7.49401e-16
-8.88178e-16
8.88178e-16
-7.49401e-16
-1.21449e-10
-3.2621e-11
1.45365e-12
-1.85611e-11
1.1217e-10
5.1909e-11
-0.147298
-0.147298
-4.43671e-11
-1.36008e-11
-0.107222
-0.107222
7.49401e-16
-8.88178e-16
8.88178e-16
-7.49401e-16
5.6776e-11
1.09195e-10
-2.04334e-11
-6.90893e-11
-6.35303e-12
-7.21377e-11
-0.147722
-0.147722
6.82926e-12
8.14909e-12
-0.0828979
-0.0828979
7.49401e-16
-8.88178e-16
8.88178e-16
-7.49401e-16
-6.05239e-12
1.19567e-11
4.59679e-12
1.16916e-12
-6.65044e-12
-1.36089e-11
-0.0276524
-0.0276524
-1.29418e-11
-1.17682e-11
-0.0148931
-0.0148931
1.48805e-12
4.28624e-12
-0.010047
-0.010047
7.49401e-16
-8.88178e-16
8.88178e-16
-7.49401e-16
1.27491e-11
-3.08073e-11
-1.40942e-11
-8.07866e-12
-6.70166e-12
9.00009e-12
-0.0418161
-0.0418161
-6.14613e-12
1.25187e-12
-0.0141843
-0.0141843
7.49401e-16
-8.88178e-16
8.88178e-16
-7.49401e-16
1.12611e-11
-1.67039e-11
-8.28943e-12
-1.3026e-11
-6.63769e-12
-3.89977e-12
-0.00488247
-0.00488247
7.13092e-12
8.21655e-12
-0.00395701
-0.00395701
7.49401e-16
-8.88178e-16
8.88178e-16
-7.49401e-16
1.56705e-12
-1.13577e-12
1.29229e-11
5.66766e-12
-7.49758e-12
5.94659e-12
-0.00835524
-0.00835524
-7.00133e-12
-1.26635e-12
-0.0157192
-0.0157192
7.49401e-16
-8.88178e-16
8.88178e-16
-7.49401e-16
3.19043e-12
-3.54962e-12
-1.47089e-11
-8.81204e-12
5.8572e-12
1.14561e-11
-0.00390505
-0.00390505
9.69232e-13
-4.46594e-12
-0.00787502
-0.00787502
7.49401e-16
-8.88178e-16
8.88178e-16
-7.49401e-16
4.62189e-12
-3.50097e-12
-5.34587e-12
-5.14646e-12
4.19978e-12
-3.2633e-12
-0.0131145
-0.0131145
7.49401e-16
-8.88178e-16
8.88178e-16
-7.49401e-16
-1.15203e-12
9.24606e-12
-3.04796e-12
-2.03141e-11
-7.27645e-12
-1.0089e-11
-0.0377661
-0.0377661
-1.15291e-11
1.38836e-11
-0.0274116
-0.0274116
-5.21596e-12
-5.75986e-12
-0.0478086
-0.0478086
1.11954e-11
1.33322e-11
-0.0598635
-0.0598635
-2.93787e-11
-1.21743e-13
-5.46387e-12
2.30398e-11
1.32306e-11
-7.42568e-12
-0.0640962
-0.0640962
4.01863e-12
-4.38017e-12
-0.0247932
-0.0247932
-1.09974e-11
-2.51676e-11
-0.0919893
-0.0919893
-1.98398e-12
1.09038e-12
-5.90224e-13
1.13614e-11
7.24539e-11
-4.21902e-11
-0.147495
-0.147495
-2.56834e-11
-2.10358e-11
-0.0991358
-0.0991358
-1.92129e-11
3.81685e-11
-2.95411e-11
3.19702e-11
3.76042e-12
-1.73351e-11
-0.0691299
-0.0691299
-9.55875e-12
-1.8368e-11
-0.0382399
-0.0382399
1.08776e-11
2.67116e-11
-0.0615572
-0.0615572
8.34748e-11
7.09667e-12
1.20271e-11
-2.77019e-12
6.62602e-11
-8.96603e-11
-0.147298
-0.147298
-1.88982e-11
-2.00965e-11
-0.107222
-0.107222
-4.51722e-11
-5.33309e-11
3.58476e-12
1.70197e-11
1.26826e-11
1.39978e-11
-0.147722
-0.147722
-2.62621e-12
-1.212e-11
-0.0828979
-0.0828979
5.88461e-12
-2.51497e-11
1.58815e-11
-1.12295e-11
-5.40329e-12
-3.61394e-13
-0.0276524
-0.0276524
-1.51789e-11
2.97492e-12
-0.0148931
-0.0148931
-2.02815e-13
-6.70276e-12
-0.010047
-0.010047
-7.66012e-12
1.06662e-11
3.35757e-12
-2.54195e-12
-8.02719e-12
-1.74801e-11
-0.0418161
-0.0418161
4.57057e-12
2.75246e-12
-0.0141843
-0.0141843
-8.10024e-12
1.06665e-11
2.56689e-13
-9.6827e-12
1.47825e-11
-6.96296e-12
-0.00488247
-0.00488247
-6.878e-12
-1.6248e-12
-0.00395701
-0.00395701
1.45718e-11
-1.06672e-11
1.75218e-11
2.69419e-12
-5.89135e-12
3.90602e-12
-0.00835524
-0.00835524
-5.75239e-12
-1.21768e-12
-0.0157192
-0.0157192
1.49786e-11
2.9344e-12
-1.80332e-12
1.86642e-11
-9.65688e-12
3.09852e-12
-0.00390505
-0.00390505
-9.20929e-12
6.39206e-12
-0.00787502
-0.00787502
1.81853e-11
1.0014e-11
-9.11826e-12
-6.52744e-12
-3.50064e-12
-5.80541e-12
-0.0131145
-0.0131145
-7.49401e-16
8.88178e-16
-7.49401e-16
8.88178e-16
-8.59082e-12
-2.33776e-11
-0.0377661
-0.0377661
6.0113e-12
-8.08675e-12
-0.0274116
-0.0274116
9.9816e-12
2.08864e-12
-0.0478086
-0.0478086
2.05882e-11
5.28691e-12
-0.0598635
-0.0598635
-7.49401e-16
8.88178e-16
-7.49401e-16
8.88178e-16
1.594e-11
5.48634e-12
-0.0640962
-0.0640962
-2.81037e-12
-2.28577e-11
-0.0247932
-0.0247932
-5.95333e-12
-2.21294e-11
-0.0919893
-0.0919893
-7.49401e-16
8.88178e-16
-7.49401e-16
8.88178e-16
-3.06536e-11
-3.21332e-11
-0.147495
-0.147495
3.82941e-11
1.57808e-11
-0.0991358
-0.0991358
-7.49401e-16
8.88178e-16
-7.49401e-16
8.88178e-16
2.00323e-11
5.15322e-11
-0.0691299
-0.0691299
-1.45739e-11
-1.34597e-11
-0.0382399
-0.0382399
-4.43056e-12
-1.30156e-11
-0.0615572
-0.0615572
-7.49401e-16
8.88178e-16
-7.49401e-16
8.88178e-16
7.04262e-11
1.32214e-10
-0.147298
-0.147298
-4.56451e-11
-8.89479e-12
-0.107222
-0.107222
-7.49401e-16
8.88178e-16
-7.49401e-16
8.88178e-16
-4.02422e-11
-7.53248e-11
-0.147722
-0.147722
2.00133e-11
1.34204e-11
-0.0828979
-0.0828979
-7.49401e-16
8.88178e-16
-7.49401e-16
8.88178e-16
8.852e-12
-1.27263e-11
-0.0276524
-0.0276524
-1.15919e-11
-1.69219e-11
-0.0148931
-0.0148931
-4.76984e-12
1.52063e-11
-0.010047
-0.010047
-7.49401e-16
8.88178e-16
-7.49401e-16
8.88178e-16
2.52427e-11
6.19051e-12
-0.0418161
-0.0418161
-2.58816e-12
-4.30486e-12
-0.0141843
-0.0141843
-7.49401e-16
8.88178e-16
-7.49401e-16
8.88178e-16
-4.66556e-12
-1.80628e-11
-0.00488247
-0.00488247
2.70448e-11
-4.28509e-12
-0.00395701
-0.00395701
-7.49401e-16
8.88178e-16
-7.49401e-16
8.88178e-16
-8.46212e-12
6.64721e-12
-0.00835524
-0.00835524
-1.69353e-11
-9.52091e-12
-0.0157192
-0.0157192
-7.49401e-16
8.88178e-16
-7.49401e-16
8.88178e-16
-9.23103e-13
6.29034e-12
-0.00390505
-0.00390505
1.45461e-11
2.90137e-12
-0.00787502
-0.00787502
-7.49401e-16
8.88178e-16
-7.49401e-16
8.88178e-16
-2.35378e-11
-1.34137e-11
-0.0131145
-0.0131145
3.30887e-12
-8.79202e-13
-6.29801e-12
-9.46323e-12
-6.27292e-12
-1.58628e-12
-0.00799143
-0.00799143
-1.0598e-11
9.70711e-13
-0.0199245
-0.0199245
-9.82594e-12
-6.48895e-13
-0.0232757
-0.0232757
4.11416e-12
2.14644e-11
-0.00925468
-0.00925468
7.49401e-16
-8.88178e-16
8.88178e-16
-7.49401e-16
-4.91269e-12
9.09162e-12
1.02368e-11
1.60203e-11
1.51718e-12
1.1444e-11
-0.00390505
-0.00390505
-4.4223e-12
-4.27684e-12
-0.00839811
-0.00839811
-2.95687e-12
-8.25699e-12
-0.00368516
-0.00368516
7.49401e-16
-8.88178e-16
8.88178e-16
-7.49401e-16
-1.53589e-11
1.41254e-11
-2.37689e-12
1.77428e-11
-6.66487e-12
6.59852e-12
-0.0145414
-0.0145414
7.49401e-16
-8.88178e-16
8.88178e-16
-7.49401e-16
-9.88927e-13
1.47488e-11
1.54365e-11
1.88193e-11
-2.72584e-13
7.76286e-12
-0.030812
-0.030812
-1.00887e-11
-9.68057e-12
-0.0477712
-0.0477712
-2.31389e-12
6.64042e-12
-0.0598904
-0.0598904
7.49401e-16
-8.88178e-16
8.88178e-16
-7.49401e-16
1.86101e-11
-5.33774e-12
1.86095e-12
-1.96958e-13
4.0223e-12
4.08429e-12
-0.0923614
-0.0923614
7.49401e-16
-8.88178e-16
8.88178e-16
-7.49401e-16
2.48445e-11
-6.37617e-13
1.00519e-11
-4.08907e-12
2.79427e-11
9.61704e-12
-0.147636
-0.147636
-1.04899e-11
-1.22679e-11
-0.0990986
-0.0990986
7.49401e-16
-8.88178e-16
8.88178e-16
-7.49401e-16
-4.61354e-11
1.75901e-11
-4.8638e-11
-2.67914e-11
-3.85783e-11
-4.18638e-11
-0.069136
-0.069136
2.02694e-12
-3.75576e-12
-0.0383413
-0.0383413
7.36766e-12
5.08546e-11
-0.0615874
-0.0615874
7.49401e-16
-8.88178e-16
8.88178e-16
-7.49401e-16
-1.65376e-11
8.16428e-11
-4.36683e-11
2.70964e-11
-9.04843e-11
-7.66657e-11
-0.1473
-0.1473
4.12437e-11
5.25142e-12
-0.107261
-0.107261
7.49401e-16
-8.88178e-16
8.88178e-16
-7.49401e-16
-1.71358e-11
-1.47067e-10
3.78174e-11
4.85022e-11
-4.20923e-11
1.4133e-10
-0.147595
-0.147595
-1.03821e-11
2.43124e-11
-0.0823545
-0.0823545
7.49401e-16
-8.88178e-16
8.88178e-16
-7.49401e-16
-1.2183e-11
-8.95939e-12
5.99328e-12
1.35227e-12
-8.29414e-12
1.25742e-12
-0.0351331
-0.0351331
-7.97527e-12
4.10661e-12
-0.016871
-0.016871
7.49401e-16
-8.88178e-16
8.88178e-16
-7.49401e-16
-1.18706e-11
1.06088e-11
1.53653e-11
-2.56954e-12
-2.46997e-12
7.45798e-12
-0.0640962
-0.0640962
1.57391e-12
-3.51517e-12
-0.0251966
-0.0251966
7.49401e-16
-8.88178e-16
8.88178e-16
-7.49401e-16
7.47692e-12
4.27467e-12
6.75433e-12
7.45938e-12
-3.60727e-12
-1.13491e-11
-0.0131145
-0.0131145
7.49401e-16
-8.88178e-16
8.88178e-16
-7.49401e-16
-4.30907e-13
-1.2637e-11
1.2978e-11
1.11909e-11
3.61782e-12
-1.37069e-11
-0.00799143
-0.00799143
-2.06135e-12
2.26554e-11
-0.0199245
-0.0199245
-2.2953e-11
-6.79973e-12
-0.0232757
-0.0232757
1.19822e-11
9.72572e-13
-0.00925468
-0.00925468
-1.56061e-11
-1.99788e-11
7.03724e-12
6.29705e-12
1.24645e-11
-1.37465e-12
-0.00390505
-0.00390505
1.06285e-11
-1.49444e-11
-0.00839811
-0.00839811
-1.71693e-11
-8.10667e-12
-0.00368516
-0.00368516
3.50144e-12
2.29081e-11
1.1714e-11
-7.3957e-12
-1.73198e-12
-3.63878e-12
-0.0145414
-0.0145414
6.61965e-12
1.48155e-11
3.67588e-12
1.58524e-11
1.02047e-11
9.07515e-12
-0.030812
-0.030812
-9.41497e-13
-5.20358e-12
-0.0477712
-0.0477712
-2.80342e-11
-1.91363e-11
-0.0598904
-0.0598904
-2.54619e-11
4.10522e-12
1.03716e-11
6.82275e-12
-1.44672e-11
2.90795e-12
-0.0923614
-0.0923614
3.3849e-11
5.10081e-11
5.3456e-12
2.35034e-11
-6.24611e-11
2.48603e-11
-0.147636
-0.147636
-2.71057e-11
-6.86081e-13
-0.0990986
-0.0990986
3.80494e-11
1.30816e-11
-6.8302e-12
-6.98496e-12
-1.62204e-11
-3.12948e-11
-0.069136
-0.069136
-4.62462e-12
1.1835e-11
-0.0383413
-0.0383413
-7.79305e-12
3.02365e-11
-0.0615874
-0.0615874
8.14744e-11
6.71992e-12
-2.20884e-11
-5.48146e-12
-8.84686e-12
-7.24789e-11
-0.1473
-0.1473
-7.87441e-12
3.70242e-13
-0.107261
-0.107261
-8.95721e-11
-8.99322e-11
7.57925e-12
6.99005e-11
-5.61681e-11
5.15308e-11
-0.147595
-0.147595
-1.86081e-11
1.84373e-11
-0.0823545
-0.0823545
-1.96496e-11
-2.35993e-11
-1.24101e-12
-5.75529e-11
-4.51724e-12
2.95662e-12
-0.0351331
-0.0351331
1.1374e-11
1.13865e-11
-0.016871
-0.016871
3.09244e-12
3.20798e-11
3.09169e-11
5.15572e-11
-1.53533e-12
-9.26703e-12
-0.0640962
-0.0640962
-1.71296e-11
1.21062e-11
-0.0251966
-0.0251966
-2.52001e-11
-2.86505e-11
-2.62004e-11
1.54944e-11
-4.34994e-12
1.78511e-11
-0.0131145
-0.0131145
-7.49401e-16
8.88178e-16
-7.49401e-16
8.88178e-16
-3.63585e-12
-2.11678e-11
-0.00799143
-0.00799143
1.94551e-11
1.1944e-11
-0.0199245
-0.0199245
-2.72001e-12
-8.90649e-13
-0.0232757
-0.0232757
5.89449e-12
-7.93248e-12
-0.00925468
-0.00925468
-7.49401e-16
8.88178e-16
-7.49401e-16
8.88178e-16
-1.75793e-12
-1.90367e-11
-0.00390505
-0.00390505
-1.10748e-11
-1.203e-11
-0.00839811
-0.00839811
1.6867e-11
2.31356e-12
-0.00368516
-0.00368516
-7.49401e-16
8.88178e-16
-7.49401e-16
8.88178e-16
-5.10731e-12
-4.70398e-12
-0.0145414
-0.0145414
-7.49401e-16
8.88178e-16
-7.49401e-16
8.88178e-16
-1.47998e-11
-7.77071e-12
-0.030812
-0.030812
1.55758e-12
3.73663e-12
-0.0477712
-0.0477712
2.06708e-11
-2.84107e-12
-0.0598904
-0.0598904
-7.49401e-16
8.88178e-16
-7.49401e-16
8.88178e-16
4.466e-12
-1.1267e-11
-0.0923614
-0.0923614
-7.49401e-16
8.88178e-16
-7.49401e-16
8.88178e-16
1.90915e-11
-4.00242e-11
-0.147636
-0.147636
9.2069e-13
2.48008e-11
-0.0990986
-0.0990986
-7.49401e-16
8.88178e-16
-7.49401e-16
8.88178e-16
-3.53187e-11
1.60454e-12
-0.069136
-0.069136
-6.42842e-12
6.48103e-11
-0.0383413
-0.0383413
-3.85458e-11
3.01657e-12
-0.0615874
-0.0615874
-7.49401e-16
8.88178e-16
-7.49401e-16
8.88178e-16
-1.34425e-10
3.4627e-11
-0.1473
-0.1473
3.47357e-11
4.34561e-11
-0.107261
-0.107261
-7.49401e-16
8.88178e-16
-7.49401e-16
8.88178e-16
4.3386e-11
6.56782e-12
-0.147595
-0.147595
2.24236e-11
-4.06249e-11
-0.0823545
-0.0823545
-7.49401e-16
8.88178e-16
-7.49401e-16
8.88178e-16
2.67071e-11
3.24071e-11
-0.0351331
-0.0351331
-9.06325e-12
3.78586e-11
-0.016871
-0.016871
-7.49401e-16
8.88178e-16
-7.49401e-16
8.88178e-16
4.36545e-12
-1.85481e-11
-0.0640962
-0.0640962
3.72742e-11
5.98536e-13
-0.0251966
-0.0251966
-7.49401e-16
8.88178e-16
-7.49401e-16
8.88178e-16
7.74302e-12
2.73672e-11
-0.0131145
-0.0131145
4.58004e-12
1.57571e-11
3.11512e-11
2.3616e-11
-7.08924e-12
2.862e-12
-0.0377661
-0.0377661
-3.28715e-13
-1.08557e-11
-0.0274116
-0.0274116
2.28093e-12
9.92384e-12
-0.0478086
-0.0478086
1.08969e-11
-4.49918e-12
-0.0598635
-0.0598635
7.49401e-16
-8.88178e-16
8.88178e-16
-7.49401e-16
-7.33599e-13
1.87238e-11
4.94024e-12
4.98225e-13
8.7403e-12
5.10872e-12
-0.0247932
-0.0247932
-1.40638e-11
-1.00294e-11
-0.0919893
-0.0919893
7.49401e-16
-8.88178e-16
8.88178e-16
-7.49401e-16
3.56811e-11
4.39185e-11
-1.18653e-11
2.94254e-11
7.99335e-12
-5.11582e-11
-0.147495
-0.147495
7.31036e-12
1.94602e-11
-0.0991358
-0.0991358
7.49401e-16
-8.88178e-16
8.88178e-16
-7.49401e-16
-1.28707e-11
-3.75434e-11
-1.13873e-11
-2.18895e-11
2.31925e-11
2.20349e-11
-0.0691299
-0.0691299
-1.09651e-11
-3.36583e-12
-0.0382399
-0.0382399
-1.57768e-12
-1.86788e-11
-0.0615572
-0.0615572
7.49401e-16
-8.88178e-16
8.88178e-16
-7.49401e-16
-1.0815e-10
-3.70483e-11
1.02594e-12
2.81748e-12
8.03144e-11
6.76961e-11
-0.147298
-0.147298
-3.72301e-11
-2.76889e-11
-0.107222
-0.107222
7.49401e-16
-8.88178e-16
8.88178e-16
-7.49401e-16
7.00191e-12
6.12537e-11
4.68234e-12
-3.02073e-11
-3.78548e-11
-8.54478e-11
-0.147722
-0.147722
9.88473e-12
1.49209e-11
-0.0828979
-0.0828979
7.49401e-16
-8.88178e-16
8.88178e-16
-7.49401e-16
-1.24655e-11
-1.16384e-11
-7.24037e-13
-1.1502e-12
-1.72308e-11
-1.67316e-11
-0.0276524
-0.0276524
8.24574e-12
-6.65739e-12
-0.0148931
-0.0148931
3.76269e-12
1.27597e-11
-0.010047
-0.010047
7.49401e-16
-8.88178e-16
8.88178e-16
-7.49401e-16
-6.61556e-12
-2.32586e-11
2.54483e-12
2.6678e-12
-1.56462e-11
3.68651e-12
-0.0418161
-0.0418161
-4.79959e-12
-5.01734e-13
-0.0141843
-0.0141843
7.49401e-16
-8.88178e-16
8.88178e-16
-7.49401e-16
-4.91027e-12
1.0084e-11
-1.1787e-11
-1.64675e-14
-8.2059e-12
7.31036e-12
-0.00488247
-0.00488247
1.33436e-11
-3.3707e-12
-0.00395701
-0.00395701
7.49401e-16
-8.88178e-16
8.88178e-16
-7.49401e-16
4.81641e-12
-1.48897e-11
3.07453e-11
3.81743e-12
-3.81197e-12
-2.39621e-12
-0.00835524
-0.00835524
-7.21565e-12
3.39526e-12
-0.0157192
-0.0157192
7.49401e-16
-8.88178e-16
8.88178e-16
-7.49401e-16
-1.24288e-11
-1.23126e-11
-3.58388e-12
-1.11377e-11
2.00115e-11
-6.44425e-12
-0.00787502
-0.00787502
7.49401e-16
-8.88178e-16
8.88178e-16
-7.49401e-16
2.5627e-12
1.2684e-11
1.02817e-11
1.25811e-12
7.49401e-16
-8.88178e-16
8.88178e-16
-7.49401e-16
9.18695e-12
-6.5676e-12
-1.97186e-11
-1.85791e-11
-7.83891e-12
6.09939e-12
-0.0377661
-0.0377661
-1.87975e-12
3.7376e-12
-0.0274116
-0.0274116
1.72903e-12
9.92049e-12
-0.0478086
-0.0478086
-1.02764e-11
-7.97348e-12
-0.0598635
-0.0598635
-6.49787e-12
-3.26739e-12
-2.94291e-11
-5.76558e-12
-6.64878e-12
9.64416e-12
-0.0247932
-0.0247932
-1.51955e-11
-2.02177e-11
-0.0919893
-0.0919893
-2.47414e-11
-4.16154e-11
6.55706e-13
-3.00797e-13
-7.23865e-12
-5.73673e-11
-0.147495
-0.147495
-9.26183e-12
3.99975e-12
-0.0991358
-0.0991358
1.74628e-11
4.87678e-12
1.01101e-11
2.37166e-11
-9.55162e-12
-2.01269e-13
-0.0691299
-0.0691299
1.54731e-11
9.61612e-12
-0.0382399
-0.0382399
-8.07928e-12
4.16355e-13
-0.0615572
-0.0615572
5.15296e-11
-3.82616e-11
1.52518e-11
6.96748e-12
-2.02316e-11
-2.37274e-11
-0.147298
-0.147298
1.45562e-11
6.52071e-12
-0.107222
-0.107222
5.76916e-12
2.05208e-12
6.66423e-12
1.98782e-11
4.18051e-11
-2.08721e-11
-0.147722
-0.147722
5.79474e-12
-2.0058e-12
-0.0828979
-0.0828979
-2.04975e-12
1.5716e-11
-5.92295e-12
6.91187e-12
1.0984e-11
1.95528e-11
-0.0276524
-0.0276524
-6.47721e-12
-5.37456e-12
-0.0148931
-0.0148931
7.88727e-12
-5.45767e-12
-0.010047
-0.010047
1.27128e-11
2.9684e-11
-7.04025e-12
1.10809e-11
2.51192e-12
3.60316e-11
-0.0418161
-0.0418161
1.62952e-12
5.27634e-12
-0.0141843
-0.0141843
-1.08719e-11
-2.19304e-11
1.16224e-11
-4.69437e-12
8.73889e-12
1.03461e-11
-0.00488247
-0.00488247
-2.37695e-12
-2.94646e-12
-0.00395701
-0.00395701
1.72097e-11
-1.26303e-12
4.56129e-12
9.26485e-12
-2.63965e-12
3.79043e-12
-0.00835524
-0.00835524
-6.61242e-12
-1.07311e-11
-0.0157192
-0.0157192
2.11e-11
2.14838e-11
-1.45905e-11
9.57062e-12
7.66789e-12
2.70103e-12
-0.00787502
-0.00787502
4.56132e-12
9.65335e-12
-2.31515e-11
-3.97859e-12
-7.49401e-16
8.88178e-16
-7.49401e-16
8.88178e-16
1.86141e-13
-7.38389e-12
-0.0377661
-0.0377661
1.22258e-11
6.0553e-12
-0.0274116
-0.0274116
6.90384e-12
-3.43909e-12
-0.0478086
-0.0478086
-5.54322e-12
-1.07956e-11
-0.0598635
-0.0598635
-7.49401e-16
8.88178e-16
-7.49401e-16
8.88178e-16
-1.11271e-11
8.74173e-13
-0.0247932
-0.0247932
-5.74357e-12
-1.64672e-11
-0.0919893
-0.0919893
-7.49401e-16
8.88178e-16
-7.49401e-16
8.88178e-16
-5.75413e-11
-3.68691e-11
-0.147495
-0.147495
2.61098e-11
1.25053e-11
-0.0991358
-0.0991358
-7.49401e-16
8.88178e-16
-7.49401e-16
8.88178e-16
7.951e-12
2.07756e-11
-0.0691299
-0.0691299
2.61984e-12
-1.28991e-11
-0.0382399
-0.0382399
8.62768e-12
-1.96789e-11
-0.0615572
-0.0615572
-7.49401e-16
8.88178e-16
-7.49401e-16
8.88178e-16
2.98308e-12
7.31377e-11
-0.147298
-0.147298
-1.08679e-11
8.08019e-12
-0.107222
-0.107222
-7.49401e-16
8.88178e-16
-7.49401e-16
8.88178e-16
9.72112e-12
-3.39988e-11
-0.147722
-0.147722
2.8172e-12
4.61288e-12
-0.0828979
-0.0828979
-7.49401e-16
8.88178e-16
-7.49401e-16
8.88178e-16
7.10744e-12
-1.00785e-11
-0.0276524
-0.0276524
-1.24224e-11
-1.83463e-11
-0.0148931
-0.0148931
1.1686e-11
1.58926e-11
-0.010047
-0.010047
-7.49401e-16
8.88178e-16
-7.49401e-16
8.88178e-16
9.63332e-12
1.28486e-11
-0.0418161
-0.0418161
-5.85651e-12
-2.09706e-12
-0.0141843
-0.0141843
-7.49401e-16
8.88178e-16
-7.49401e-16
8.88178e-16
3.43594e-12
1.06827e-11
-0.00488247
-0.00488247
1.25763e-11
-6.03511e-12
-0.00395701
-0.00395701
-7.49401e-16
8.88178e-16
-7.49401e-16
8.88178e-16
4.01671e-12
8.40233e-12
-0.00835524
-0.00835524
-1.29057e-11
-1.16247e-11
-0.0157192
-0.0157192
-7.49401e-16
8.88178e-16
-7.49401e-16
8.88178e-16
1.57555e-12
-9.94424e-13
-0.00787502
-0.00787502
-7.49401e-16
8.88178e-16
-7.49401e-16
8.88178e-16
-3.42981e-13
8.88289e-12
-2.62581e-11
-1.3567e-11
-5.59727e-12
1.90704e-12
-0.00799143
-0.00799143
-5.17629e-12
5.50717e-12
-0.0199245
-0.0199245
-1.73582e-11
7.81019e-12
-0.0232757
-0.0232757
-3.59659e-12
1.48761e-11
-0.00925468
-0.00925468
7.49401e-16
-8.88178e-16
8.88178e-16
-7.49401e-16
3.61736e-12
-1.17191e-11
1.91775e-11
1.18737e-12
2.16153e-12
3.22155e-12
-0.00839811
-0.00839811
1.20214e-11
5.38976e-13
-0.00368516
-0.00368516
7.49401e-16
-8.88178e-16
8.88178e-16
-7.49401e-16
-2.73642e-12
7.61011e-12
-6.74876e-12
1.92315e-12
1.83318e-12
1.57113e-11
-0.0145414
-0.0145414
7.49401e-16
-8.88178e-16
8.88178e-16
-7.49401e-16
-1.29932e-12
1.52415e-12
-1.78366e-11
8.48553e-12
-7.55455e-12
-2.4032e-12
-0.030812
-0.030812
-1.18416e-11
6.86775e-12
-0.0477712
-0.0477712
-4.57569e-13
7.51784e-12
-0.0598904
-0.0598904
7.49401e-16
-8.88178e-16
8.88178e-16
-7.49401e-16
1.2682e-11
-2.22394e-11
-6.79589e-12
-7.67079e-12
-1.44258e-13
-1.01038e-11
-0.0923614
-0.0923614
7.49401e-16
-8.88178e-16
8.88178e-16
-7.49401e-16
3.14745e-11
-2.79477e-11
1.36805e-11
1.62166e-11
5.69958e-12
-3.34818e-11
-0.147636
-0.147636
1.48143e-11
7.31419e-12
-0.0990986
-0.0990986
7.49401e-16
-8.88178e-16
8.88178e-16
-7.49401e-16
-7.59107e-12
3.9436e-11
-8.32692e-12
6.03743e-12
-5.24272e-11
-2.29331e-11
-0.069136
-0.069136
1.04151e-11
-1.23842e-11
-0.0383413
-0.0383413
2.62575e-11
4.71009e-11
-0.0615874
-0.0615874
7.49401e-16
-8.88178e-16
8.88178e-16
-7.49401e-16
8.34204e-11
2.30263e-11
-1.75284e-11
2.14165e-11
-1.05037e-10
-7.35894e-12
-0.1473
-0.1473
3.78774e-11
1.95357e-11
-0.107261
-0.107261
7.49401e-16
-8.88178e-16
8.88178e-16
-7.49401e-16
-4.88069e-12
-9.56514e-11
7.80856e-12
4.49033e-11
-1.02217e-11
1.5512e-10
-0.147595
-0.147595
-5.65016e-12
9.81204e-12
-0.0823545
-0.0823545
7.49401e-16
-8.88178e-16
8.88178e-16
-7.49401e-16
1.32815e-11
-7.61166e-12
6.96862e-12
1.47674e-11
7.65659e-12
4.5812e-12
-0.0351331
-0.0351331
-2.33267e-12
-6.61342e-12
-0.016871
-0.016871
7.49401e-16
-8.88178e-16
8.88178e-16
-7.49401e-16
-4.93743e-12
-1.86272e-12
-7.36013e-12
-2.03214e-11
-9.4113e-13
1.62713e-12
-0.0251966
-0.0251966
7.49401e-16
-8.88178e-16
8.88178e-16
-7.49401e-16
5.17682e-12
2.27455e-11
-1.02827e-12
1.14516e-11
7.49401e-16
-8.88178e-16
8.88178e-16
-7.49401e-16
-1.31055e-11
-6.56954e-12
9.97914e-12
1.71385e-11
2.23499e-11
-1.81543e-12
-0.00799143
-0.00799143
6.30934e-12
5.99157e-12
-0.0199245
-0.0199245
-9.64148e-12
-6.34036e-12
-0.0232757
-0.0232757
7.01063e-12
-2.35092e-11
-0.00925468
-0.00925468
-1.64076e-11
-3.54522e-11
2.36543e-11
-2.78641e-12
1.28046e-11
-8.28643e-13
-0.00839811
-0.00839811
-1.49445e-11
8.94926e-12
-0.00368516
-0.00368516
3.60356e-11
2.66084e-11
2.57778e-11
-1.12464e-11
5.78009e-12
-2.00355e-12
-0.0145414
-0.0145414
-1.1316e-11
1.13588e-11
2.42126e-11
3.2021e-11
-3.96084e-12
2.93712e-12
-0.030812
-0.030812
-3.85765e-12
-1.69537e-11
-0.0477712
-0.0477712
8.87028e-12
1.41872e-11
-0.0598904
-0.0598904
-5.20802e-11
-1.58831e-11
1.68954e-11
1.36038e-11
1.81147e-11
4.64757e-11
-0.0923614
-0.0923614
1.27868e-10
8.19573e-11
2.89232e-11
5.11842e-11
-1.02825e-12
1.02775e-10
-0.147636
-0.147636
1.21028e-11
1.33921e-11
-0.0990986
-0.0990986
1.68636e-11
1.20376e-11
-1.55921e-11
-1.73245e-11
-9.06476e-12
-1.28317e-12
-0.069136
-0.069136
-7.97214e-12
-6.99268e-12
-0.0383413
-0.0383413
5.52318e-12
3.48672e-12
-0.0615874
-0.0615874
8.20514e-12
4.06447e-11
-3.26281e-11
-2.91737e-11
-1.86138e-11
9.03327e-11
-0.1473
-0.1473
-2.14355e-11
-3.30013e-13
-0.107261
-0.107261
-7.91635e-11
-4.6979e-11
5.68238e-12
2.53316e-11
-8.65825e-11
6.03365e-11
-0.147595
-0.147595
-1.72172e-11
3.06194e-11
-0.0823545
-0.0823545
-2.71797e-11
-1.64075e-11
-1.98146e-11
-3.9189e-11
-3.94214e-12
-6.26936e-12
-0.0351331
-0.0351331
1.03785e-11
-4.03118e-12
-0.016871
-0.016871
-8.68406e-12
2.28018e-11
3.3966e-11
4.86694e-11
-6.08064e-12
7.97063e-13
-0.0251966
-0.0251966
-9.06141e-12
-1.76286e-11
-7.80221e-12
2.97855e-13
-7.49401e-16
8.88178e-16
-7.49401e-16
8.88178e-16
6.81688e-12
-2.57243e-11
-0.00799143
-0.00799143
2.25878e-11
-2.62873e-13
-0.0199245
-0.0199245
1.02441e-11
1.93433e-12
-0.0232757
-0.0232757
3.88848e-12
-1.68587e-11
-0.00925468
-0.00925468
-7.49401e-16
8.88178e-16
-7.49401e-16
8.88178e-16
-1.15423e-11
-1.39659e-11
-0.00839811
-0.00839811
7.07748e-12
3.27077e-12
-0.00368516
-0.00368516
-7.49401e-16
8.88178e-16
-7.49401e-16
8.88178e-16
4.47069e-12
6.15065e-12
-0.0145414
-0.0145414
-7.49401e-16
8.88178e-16
-7.49401e-16
8.88178e-16
-1.04742e-11
-3.83835e-12
-0.030812
-0.030812
-1.45024e-12
7.5768e-12
-0.0477712
-0.0477712
2.98314e-11
8.03794e-12
-0.0598904
-0.0598904
-7.49401e-16
8.88178e-16
-7.49401e-16
8.88178e-16
2.59379e-11
7.25824e-12
-0.0923614
-0.0923614
-7.49401e-16
8.88178e-16
-7.49401e-16
8.88178e-16
5.79821e-11
4.5852e-12
-0.147636
-0.147636
1.25309e-11
2.75817e-11
-0.0990986
-0.0990986
-7.49401e-16
8.88178e-16
-7.49401e-16
8.88178e-16
-1.87769e-11
1.37338e-11
-0.069136
-0.069136
-6.28517e-12
7.03096e-11
-0.0383413
-0.0383413
-4.20176e-11
-1.24534e-11
-0.0615874
-0.0615874
-7.49401e-16
8.88178e-16
-7.49401e-16
8.88178e-16
-8.73273e-11
8.18064e-11
-0.1473
-0.1473
8.55908e-12
4.70549e-11
-0.107261
-0.107261
-7.49401e-16
8.88178e-16
-7.49401e-16
8.88178e-16
6.55102e-11
-5.13326e-11
-0.147595
-0.147595
3.49893e-11
-5.04822e-11
-0.0823545
-0.0823545
-7.49401e-16
8.88178e-16
-7.49401e-16
8.88178e-16
3.40193e-11
2.43815e-11
-0.0351331
-0.0351331
-7.39542e-12
3.16219e-11
-0.016871
-0.016871
-7.49401e-16
8.88178e-16
-7.49401e-16
8.88178e-16
2.9627e-11
1.79788e-11
-0.0251966
-0.0251966
-7.49401e-16
8.88178e-16
-7.49401e-16
8.88178e-16
-7.94761e-11
5.50887e-11
0.262234
0.262234
1.10459e-10
9.78992e-11
-8.85723e-12
7.36993e-11
8.88178e-16
-7.49401e-16
8.88178e-16
-7.49401e-16
0.336723
0.336723
2.47104e-11
-1.80949e-11
1.38662e-11
5.23367e-11
-0.26263
-0.26263
1.46641e-11
-2.6824e-11
0.450553
0.450553
-9.09024e-11
-3.93733e-11
-1.07957e-10
5.1524e-11
8.88178e-16
-7.49401e-16
8.88178e-16
-7.49401e-16
0.503606
0.503606
-1.83185e-11
2.99561e-11
-6.34501e-11
2.59577e-11
-0.450637
-0.450637
3.49498e-10
-6.74433e-11
0.600699
0.600699
1.68972e-10
-6.94886e-11
-1.90915e-10
2.29709e-10
8.88178e-16
-7.49401e-16
8.88178e-16
-7.49401e-16
0.665753
0.665753
1.1389e-09
-4.5218e-10
-2.56216e-10
-2.00349e-10
-0.600717
-0.600717
1.44298e-10
1.5428e-10
0.262234
0.262234
2.21998e-10
-1.40866e-10
-9.93305e-11
5.08682e-12
0.336723
0.336723
1.07175e-10
-1.42638e-10
-7.24221e-11
3.39653e-10
-0.26263
-0.26263
-1.07921e-11
-6.34116e-11
0.450553
0.450553
8.98996e-11
4.83921e-11
-1.52162e-10
-6.76679e-11
0.503606
0.503606
-4.72467e-11
2.87002e-11
-3.22531e-11
-1.27782e-10
-0.450637
-0.450637
-2.00543e-10
-1.99542e-10
0.600699
0.600699
1.76903e-11
7.67627e-11
-5.20917e-10
1.66444e-10
0.665753
0.665753
-9.16084e-10
8.80348e-10
-3.08542e-10
-1.77491e-10
-0.600717
-0.600717
1.12149e-10
1.34192e-10
0.262234
0.262234
-8.88178e-16
7.49401e-16
-8.88178e-16
7.49401e-16
0.336723
0.336723
1.25775e-10
2.65725e-11
4.35925e-11
6.47221e-11
-0.26263
-0.26263
1.09107e-11
-4.99045e-11
0.450553
0.450553
-8.88178e-16
7.49401e-16
-8.88178e-16
7.49401e-16
0.503606
0.503606
-4.80597e-11
-7.65889e-11
1.14932e-10
8.50317e-11
-0.450637
-0.450637
-5.36019e-10
-9.40734e-11
0.600699
0.600699
-8.88178e-16
7.49401e-16
-8.88178e-16
7.49401e-16
0.665753
0.665753
-1.73977e-09
1.27264e-09
-2.87137e-10
-3.04757e-11
-0.600717
-0.600717
1.39695e-10
-2.88705e-10
1.04026e-10
-9.78013e-11
8.88178e-16
-7.49401e-16
8.88178e-16
-7.49401e-16
0.336759
0.336759
-3.65415e-12
-1.83248e-10
1.07108e-10
-5.21907e-11
-0.262628
-0.262628
-3.72909e-11
-3.99904e-11
8.2263e-11
9.11555e-11
8.88178e-16
-7.49401e-16
8.88178e-16
-7.49401e-16
0.503628
0.503628
-9.83259e-11
4.84766e-11
-1.17778e-10
-7.46094e-11
-0.450609
-0.450609
-3.53877e-10
-1.36321e-10
-9.97809e-11
4.85598e-12
8.88178e-16
-7.49401e-16
8.88178e-16
-7.49401e-16
0.665753
0.665753
-3.96065e-10
3.01154e-10
-3.00178e-10
-1.64167e-10
-0.600707
-0.600707
-6.55465e-11
-1.28221e-10
-1.66879e-10
3.93496e-11
0.336759
0.336759
3.01744e-10
-1.33296e-10
1.07209e-10
-1.25817e-10
-0.262628
-0.262628
1.78657e-12
-7.20184e-11
2.37971e-10
7.47853e-11
0.503628
0.503628
1.85861e-10
-5.82628e-11
6.61686e-11
-2.25571e-10
-0.450609
-0.450609
-3.09455e-10
2.27379e-12
1.5507e-10
1.72204e-10
0.665753
0.665753
-1.94449e-10
-2.12363e-10
1.32571e-10
-1.4289e-10
-0.600707
-0.600707
-8.88178e-16
7.49401e-16
-8.88178e-16
7.49401e-16
0.336759
0.336759
-1.63724e-11
4.60055e-11
-6.32405e-11
1.18908e-11
-0.262628
-0.262628
-8.88178e-16
7.49401e-16
-8.88178e-16
7.49401e-16
0.503628
0.503628
2.61809e-10
-3.71352e-11
3.45341e-11
-5.35351e-11
-0.450609
-0.450609
-8.88178e-16
7.49401e-16
-8.88178e-16
7.49401e-16
0.665753
0.665753
-6.85533e-10
1.32742e-09
-6.53871e-10
-9.56502e-11
-0.600707
-0.600707
-9.59196e-11
2.89395e-11
-1.26967e-10
5.06076e-11
8.88178e-16
-7.49401e-16
8.88178e-16
-7.49401e-16
0.336576
0.336576
1.10511e-10
7.87173e-11
-1.09503e-10
1.87599e-11
-0.261704
-0.261704
-1.96112e-10
7.89696e-11
-2.37943e-10
3.43272e-10
8.88178e-16
-7.49401e-16
8.88178e-16
-7.49401e-16
0.503534
0.503534
-7.56334e-11
6.08576e-11
-3.63731e-11
5.42377e-11
-0.450401
-0.450401
-2.93142e-10
-2.85959e-11
-1.00068e-10
-2.872e-12
8.88178e-16
-7.49401e-16
8.88178e-16
-7.49401e-16
0.665753
0.665753
-7.49206e-10
-7.1377e-11
2.83323e-10
5.62736e-11
-0.600661
-0.600661
-3.89173e-11
-1.28493e-10
7.35124e-11
-8.8191e-11
0.336576
0.336576
2.02512e-10
-1.61995e-10
-1.85609e-11
-7.46763e-11
-0.261704
-0.261704
-8.17286e-11
-8.42869e-11
-3.02002e-11
2.04911e-10
0.503534
0.503534
1.89961e-10
-6.13435e-11
-9.52066e-11
-1.41843e-10
-0.450401
-0.450401
-7.34965e-10
-2.0736e-10
2.14803e-10
-2.66565e-11
0.665753
0.665753
7.42394e-10
-6.18091e-10
3.5205e-11
-3.92964e-11
-0.600661
-0.600661
-8.88178e-16
7.49401e-16
-8.88178e-16
7.49401e-16
0.336576
0.336576
1.3666e-11
2.38436e-11
2.59908e-11
-1.41446e-10
-0.261704
-0.261704
-8.88178e-16
7.49401e-16
-8.88178e-16
7.49401e-16
0.503534
0.503534
2.54475e-11
1.8298e-10
-1.11093e-10
-8.30112e-11
-0.450401
-0.450401
-8.88178e-16
7.49401e-16
-8.88178e-16
7.49401e-16
0.665753
0.665753
-1.67845e-09
2.57769e-09
-1.23823e-09
-2.10755e-10
-0.600661
-0.600661
-9.37021e-11
2.91712e-10
0.262623
0.262623
-9.56904e-13
1.4859e-10
-2.38933e-10
8.1205e-11
8.88178e-16
-7.49401e-16
8.88178e-16
-7.49401e-16
0.3367
0.3367
8.16082e-11
8.335e-11
-6.03582e-11
7.17622e-11
0.45063
0.45063
-1.336e-10
4.41434e-11
2.35575e-12
1.11248e-10
8.88178e-16
-7.49401e-16
8.88178e-16
-7.49401e-16
0.503599
0.503599
1.25892e-10
3.9785e-11
7.12353e-10
-1.32846e-11
0.600715
0.600715
5.85502e-10
-3.37432e-11
-9.21661e-11
1.46706e-10
8.88178e-16
-7.49401e-16
8.88178e-16
-7.49401e-16
0.665753
0.665753
1.84416e-09
-1.29025e-09
-4.43144e-11
3.59378e-10
0.262623
0.262623
1.79783e-10
1.54432e-10
-1.71611e-11
1.7362e-10
0.3367
0.3367
1.65054e-11
-1.0842e-10
-4.86399e-12
1.16941e-10
0.45063
0.45063
-7.6169e-11
1.59322e-10
8.86811e-12
2.50803e-10
0.503599
0.503599
1.65783e-10
-1.26764e-10
1.43933e-10
-3.38004e-11
0.600715
0.600715
-7.06418e-10
-1.59783e-11
3.21702e-10
1.95443e-10
0.665753
0.665753
6.49238e-10
-2.10788e-10
-1.84899e-11
1.94565e-10
0.262623
0.262623
-8.88178e-16
7.49401e-16
-8.88178e-16
7.49401e-16
0.3367
0.3367
3.5522e-11
-2.31812e-10
1.794e-10
2.12803e-10
0.45063
0.45063
-8.88178e-16
7.49401e-16
-8.88178e-16
7.49401e-16
0.503599
0.503599
1.35064e-10
6.57845e-11
8.31068e-11
2.32684e-10
0.600715
0.600715
-8.88178e-16
7.49401e-16
-8.88178e-16
7.49401e-16
0.665753
0.665753
-1.16201e-09
2.24967e-09
3.62996e-11
-1.09715e-10
0.262623
0.262623
-1.31777e-10
2.72739e-10
-1.00528e-10
3.5881e-10
8.88178e-16
-7.49401e-16
8.88178e-16
-7.49401e-16
0.336755
0.336755
4.60804e-11
-1.5633e-10
-1.31129e-10
6.722e-11
0.450611
0.450611
-1.88381e-10
1.69365e-10
-2.62272e-10
9.75861e-11
8.88178e-16
-7.49401e-16
8.88178e-16
-7.49401e-16
0.503626
0.503626
1.28351e-11
-1.91648e-10
5.52985e-10
5.9648e-11
0.600707
0.600707
3.66463e-10
-1.07082e-10
4.06901e-11
-1.22635e-11
8.88178e-16
-7.49401e-16
8.88178e-16
-7.49401e-16
0.665753
0.665753
2.10215e-09
-2.38919e-09
3.09427e-10
9.77763e-11
0.262623
0.262623
1.43824e-10
2.99368e-10
3.45799e-11
6.17405e-11
0.336755
0.336755
1.14708e-10
-8.54532e-11
5.39667e-12
-1.37169e-10
0.450611
0.450611
9.68309e-11
-2.4375e-11
-2.69579e-10
-1.82598e-10
0.503626
0.503626
-9.0865e-11
-1.60961e-10
1.52411e-10
8.13939e-11
0.600707
0.600707
-1.76918e-10
6.8265e-11
-2.67418e-10
-2.9233e-10
0.665753
0.665753
7.21766e-10
-9.22943e-10
1.43994e-10
5.94368e-11
0.262623
0.262623
-8.88178e-16
7.49401e-16
-8.88178e-16
7.49401e-16
0.336755
0.336755
6.03335e-11
3.86018e-11
3.10957e-11
8.94343e-12
0.450611
0.450611
-8.88178e-16
7.49401e-16
-8.88178e-16
7.49401e-16
0.503626
0.503626
-1.37733e-10
-1.41744e-10
-4.07834e-10
3.07026e-11
0.600707
0.600707
-8.88178e-16
7.49401e-16
-8.88178e-16
7.49401e-16
0.665753
0.665753
-2.22046e-09
1.19929e-09
1.3774e-10
-3.2585e-11
0.261704
0.261704
1.35299e-10
-5.91126e-11
-4.25547e-11
-2.56725e-10
8.88178e-16
-7.49401e-16
8.88178e-16
-7.49401e-16
0.336593
0.336593
1.9278e-10
-1.44827e-10
3.19506e-11
-2.35288e-10
0.450401
0.450401
-9.04256e-11
1.47913e-12
-3.2248e-10
3.38224e-11
8.88178e-16
-7.49401e-16
8.88178e-16
-7.49401e-16
0.503539
0.503539
5.98631e-11
-1.33242e-10
3.27883e-10
-3.70497e-11
0.600661
0.600661
2.84355e-10
4.27118e-11
-1.24548e-10
-3.78566e-11
8.88178e-16
-7.49401e-16
8.88178e-16
-7.49401e-16
0.665753
0.665753
1.30255e-09
-1.67297e-09
2.08142e-10
8.64694e-11
0.261704
0.261704
1.27516e-10
1.28382e-10
8.83709e-11
-1.89917e-10
0.336593
0.336593
2.4601e-10
-2.97753e-10
-4.37363e-11
-1.26512e-11
0.450401
0.450401
-6.01902e-11
1.58596e-10
-2.91896e-10
2.89359e-10
0.503539
0.503539
9.09467e-11
-7.99279e-12
2.85375e-10
1.82575e-11
0.600661
0.600661
-2.22046e-10
-2.90195e-11
-1.26559e-10
4.33409e-11
0.665753
0.665753
3.6891e-10
-1.35161e-10
1.32294e-10
9.01689e-11
0.261704
0.261704
-8.88178e-16
7.49401e-16
-8.88178e-16
7.49401e-16
0.336593
0.336593
8.7615e-11
-8.38679e-11
-1.59821e-10
6.37715e-11
0.450401
0.450401
-8.88178e-16
7.49401e-16
-8.88178e-16
7.49401e-16
0.503539
0.503539
-1.46579e-10
4.57477e-11
-9.82694e-10
-1.45926e-10
0.600661
0.600661
-8.88178e-16
7.49401e-16
-8.88178e-16
7.49401e-16
0.665753
0.665753
-1.85765e-09
1.06529e-09
-8.88178e-16
7.49401e-16
-8.88178e-16
7.49401e-16
-0.665753
-0.665753
-1.97538e-09
2.74043e-09
-5.75152e-10
-1.30267e-10
6.01816e-11
2.33412e-10
0.503534
0.503534
-5.10387e-11
2.24491e-10
2.58815e-10
1.52664e-09
-0.600707
-0.600707
-8.88178e-16
7.49401e-16
-8.88178e-16
7.49401e-16
-1.91107e-10
2.30979e-10
-2.23064e-10
3.25404e-10
0.336576
0.336576
1.60272e-10
-7.33708e-11
-4.84763e-11
3.00329e-10
-0.450609
-0.450609
-8.88178e-16
7.49401e-16
-8.88178e-16
7.49401e-16
-1.10462e-10
1.7173e-11
6.72628e-11
-4.55792e-11
-8.74588e-11
7.80594e-11
-0.262628
-0.262628
-0.665753
-0.665753
8.04573e-10
-3.33019e-10
-6.02845e-11
-3.43752e-11
-6.09307e-11
4.57534e-11
0.503534
0.503534
2.52241e-10
-8.68999e-11
8.19907e-11
3.68035e-11
-0.600707
-0.600707
8.84661e-11
-2.62328e-10
-1.11531e-10
-4.25643e-11
0.336576
0.336576
2.34933e-10
-6.24192e-11
4.67609e-11
1.0382e-10
-0.450609
-0.450609
1.27384e-10
1.7175e-11
-5.43396e-11
1.20989e-10
6.47679e-11
2.65024e-11
-0.262628
-0.262628
-0.665753
-0.665753
3.19616e-10
2.99295e-10
8.88178e-16
-7.49401e-16
8.88178e-16
-7.49401e-16
0.503534
0.503534
-3.36751e-11
1.00276e-10
6.36818e-11
2.4216e-10
-0.600707
-0.600707
8.88178e-16
-7.49401e-16
8.88178e-16
-7.49401e-16
0.336576
0.336576
2.2057e-10
-1.2232e-10
2.18026e-10
-2.47561e-11
-0.450609
-0.450609
8.88178e-16
-7.49401e-16
8.88178e-16
-7.49401e-16
-6.48158e-11
3.24885e-11
-0.262628
-0.262628
-8.88178e-16
7.49401e-16
-8.88178e-16
7.49401e-16
-0.665753
-0.665753
-2.80339e-09
1.91378e-09
-6.51978e-11
-1.26241e-10
-4.81758e-10
2.88473e-10
0.503628
0.503628
-2.13204e-10
8.66773e-11
1.43575e-10
9.07905e-10
-0.600717
-0.600717
-8.88178e-16
7.49401e-16
-8.88178e-16
7.49401e-16
-1.80068e-10
2.14578e-11
-4.28598e-10
1.83061e-10
0.336759
0.336759
6.07269e-12
-1.93024e-11
8.27237e-11
8.13162e-11
-0.450637
-0.450637
-8.88178e-16
7.49401e-16
-8.88178e-16
7.49401e-16
-1.50166e-10
-1.3329e-10
-2.13595e-10
-6.52246e-11
4.34422e-11
-2.76101e-11
-0.26263
-0.26263
-0.665753
-0.665753
4.36241e-10
1.69457e-10
-1.50773e-09
-3.72756e-10
5.4718e-10
-1.7724e-10
0.503628
0.503628
3.47212e-11
2.03251e-11
1.98362e-10
5.23138e-10
-0.600717
-0.600717
-2.32979e-10
-1.69762e-10
-5.17961e-11
-1.3172e-10
0.336759
0.336759
-1.22215e-11
-5.8039e-11
7.36798e-11
2.56351e-10
-0.450637
-0.450637
-6.40496e-11
8.39298e-11
-2.88191e-10
1.91495e-10
-1.55223e-11
1.98465e-10
-0.26263
-0.26263
-0.665753
-0.665753
-2.43339e-12
9.82802e-10
8.88178e-16
-7.49401e-16
8.88178e-16
-7.49401e-16
0.503628
0.503628
2.30688e-11
2.08321e-12
3.70348e-10
9.08989e-10
-0.600717
-0.600717
8.88178e-16
-7.49401e-16
8.88178e-16
-7.49401e-16
0.336759
0.336759
1.74243e-11
-5.21466e-11
1.36248e-11
2.69366e-10
-0.450637
-0.450637
8.88178e-16
-7.49401e-16
8.88178e-16
-7.49401e-16
-3.24199e-10
1.46897e-10
-0.26263
-0.26263
-8.88178e-16
7.49401e-16
-8.88178e-16
7.49401e-16
-0.665753
-0.665753
-1.9408e-09
2.87727e-10
2.62479e-10
1.32281e-10
-6.38695e-10
-2.87907e-10
0.503606
0.503606
-1.92328e-10
-1.1916e-10
-2.06495e-10
-1.05634e-10
-0.600699
-0.600699
-8.88178e-16
7.49401e-16
-8.88178e-16
7.49401e-16
8.52146e-12
-2.10009e-10
-1.11662e-10
5.23316e-12
0.336723
0.336723
2.35787e-11
-1.07841e-10
6.97748e-11
-1.43127e-10
-0.450553
-0.450553
-8.88178e-16
7.49401e-16
-8.88178e-16
7.49401e-16
1.30111e-10
-1.60507e-10
1.86958e-10
6.66502e-11
5.60044e-11
-1.18931e-10
-0.262234
-0.262234
-0.665753
-0.665753
-1.07008e-09
8.29904e-10
-3.64763e-10
-2.43686e-10
-1.42553e-10
1.90157e-10
0.503606
0.503606
-1.5014e-10
2.81866e-11
5.30649e-11
5.06958e-10
-0.600699
-0.600699
-1.51075e-10
-2.52012e-10
1.71988e-10
-1.1156e-11
0.336723
0.336723
9.50725e-11
-1.63785e-10
2.25231e-10
2.58136e-11
-0.450553
-0.450553
-2.69281e-11
6.16048e-11
-1.37066e-10
4.99321e-11
8.65673e-11
-1.32067e-11
-0.262234
-0.262234
-0.665753
-0.665753
-5.1259e-10
-1.00098e-09
8.88178e-16
-7.49401e-16
8.88178e-16
-7.49401e-16
0.503606
0.503606
-5.11876e-13
2.44728e-12
1.08932e-10
-3.52829e-10
-0.600699
-0.600699
8.88178e-16
-7.49401e-16
8.88178e-16
-7.49401e-16
0.336723
0.336723
1.33564e-10
-3.66305e-11
1.86154e-10
1.79958e-11
-0.450553
-0.450553
8.88178e-16
-7.49401e-16
8.88178e-16
-7.49401e-16
1.18388e-10
-2.43226e-11
-0.262234
-0.262234
-1.77139e-12
9.88094e-11
-4.12915e-11
5.20897e-12
-0.3367
-0.3367
2.99769e-11
-1.75677e-10
8.88178e-16
-7.49401e-16
8.88178e-16
-7.49401e-16
4.443e-11
-1.66654e-10
-0.262623
-0.262623
1.10612e-10
5.88575e-11
-6.74105e-11
-1.46079e-10
-0.503599
-0.503599
-1.45151e-10
-2.88362e-10
8.88178e-16
-7.49401e-16
8.88178e-16
-7.49401e-16
-2.67647e-11
-6.15893e-11
-0.45063
-0.45063
5.01665e-11
-1.26297e-11
-5.56339e-10
-1.7665e-10
-0.665753
-0.665753
1.20332e-09
-2.92645e-09
8.88178e-16
-7.49401e-16
8.88178e-16
-7.49401e-16
-2.00935e-10
-1.3231e-09
-0.600715
-0.600715
8.18244e-11
-8.12592e-11
1.32659e-11
-5.9289e-11
-0.3367
-0.3367
5.79852e-11
-3.7934e-11
6.91854e-11
5.77848e-11
-0.262623
-0.262623
2.25665e-11
1.73856e-11
-4.98524e-11
7.57158e-11
-0.503599
-0.503599
-1.78972e-10
4.49729e-11
-2.76556e-11
1.21081e-10
-0.45063
-0.45063
-4.64571e-11
1.86537e-10
4.41386e-10
7.15259e-11
-0.665753
-0.665753
-1.0628e-09
7.7064e-10
8.99322e-11
3.08032e-10
-0.600715
-0.600715
-8.88178e-16
7.49401e-16
-8.88178e-16
7.49401e-16
-0.3367
-0.3367
1.116e-10
4.4902e-12
2.97163e-12
-1.21988e-11
-0.262623
-0.262623
-8.88178e-16
7.49401e-16
-8.88178e-16
7.49401e-16
-0.503599
-0.503599
8.37506e-11
1.18372e-10
2.74488e-11
-1.13971e-11
-0.45063
-0.45063
-8.88178e-16
7.49401e-16
-8.88178e-16
7.49401e-16
-0.665753
-0.665753
4.0923e-11
8.60635e-10
7.79344e-12
3.73e-10
-0.600715
-0.600715
-7.23794e-11
2.21468e-10
-7.92151e-13
6.26936e-11
-0.336755
-0.336755
1.49068e-10
-1.01537e-10
8.88178e-16
-7.49401e-16
8.88178e-16
-7.49401e-16
1.87985e-10
-6.93257e-11
-0.262623
-0.262623
8.30683e-12
1.36666e-11
1.67073e-10
4.52059e-11
-0.503626
-0.503626
2.64997e-10
-2.98247e-11
8.88178e-16
-7.49401e-16
8.88178e-16
-7.49401e-16
1.39737e-10
-3.07807e-11
-0.450611
-0.450611
1.07291e-10
1.02938e-10
2.24009e-10
9.1094e-11
-0.665753
-0.665753
2.40427e-09
-1.23112e-09
8.88178e-16
-7.49401e-16
8.88178e-16
-7.49401e-16
3.42943e-11
-6.10713e-10
-0.600707
-0.600707
-7.05175e-11
2.65196e-10
-1.30898e-10
5.84365e-11
-0.336755
-0.336755
1.02065e-10
2.43112e-11
3.24026e-10
-8.64618e-11
-0.262623
-0.262623
7.16818e-11
9.90981e-11
8.21809e-11
2.22971e-10
-0.503626
-0.503626
1.17217e-10
6.39024e-13
1.11231e-10
-7.62057e-12
-0.450611
-0.450611
-2.40929e-11
1.41575e-10
1.5418e-10
4.5366e-11
-0.665753
-0.665753
7.3279e-11
-6.81527e-10
4.72093e-12
-3.16047e-10
-0.600707
-0.600707
-8.88178e-16
7.49401e-16
-8.88178e-16
7.49401e-16
-0.336755
-0.336755
9.31764e-11
-3.60808e-11
1.83694e-10
1.12478e-10
-0.262623
-0.262623
-8.88178e-16
7.49401e-16
-8.88178e-16
7.49401e-16
-0.503626
-0.503626
3.46297e-11
1.86866e-10
1.36709e-10
6.77585e-11
-0.450611
-0.450611
-8.88178e-16
7.49401e-16
-8.88178e-16
7.49401e-16
-0.665753
-0.665753
-1.01305e-09
1.87434e-09
1.17345e-10
9.176e-10
-0.600707
-0.600707
-7.58892e-11
1.61128e-10
-1.53446e-10
7.87925e-11
-0.336593
-0.336593
-5.39309e-11
9.55428e-11
8.88178e-16
-7.49401e-16
8.88178e-16
-7.49401e-16
1.1252e-10
2.27575e-11
-1.34188e-10
1.13271e-10
-0.503539
-0.503539
4.26526e-11
-1.39914e-10
8.88178e-16
-7.49401e-16
8.88178e-16
-7.49401e-16
-7.4223e-11
-3.90309e-10
-4.02147e-10
9.51058e-11
-0.665753
-0.665753
1.4839e-09
-1.35195e-09
8.88178e-16
-7.49401e-16
8.88178e-16
-7.49401e-16
-2.9807e-11
2.67264e-10
-4.04057e-11
8.4089e-11
-0.336593
-0.336593
-7.38301e-12
-1.87237e-10
9.42951e-11
-3.46383e-11
-2.25847e-10
1.53445e-10
-0.503539
-0.503539
-1.16757e-10
3.22488e-11
2.17494e-11
3.37106e-11
-1.79641e-10
2.82934e-10
-0.665753
-0.665753
7.52565e-11
1.4085e-10
-8.88178e-16
7.49401e-16
-8.88178e-16
7.49401e-16
-0.336593
-0.336593
-4.17615e-12
-3.0931e-11
-8.88178e-16
7.49401e-16
-8.88178e-16
7.49401e-16
-0.503539
-0.503539
-1.72314e-10
1.27948e-10
-8.88178e-16
7.49401e-16
-8.88178e-16
7.49401e-16
-0.665753
-0.665753
-2.41241e-09
2.77533e-09
-2.51203e-12
-1.0115e-11
1.64952e-11
2.47779e-12
-0.0397504
-0.0397504
4.29297e-12
-5.52842e-12
2.45838e-12
9.81853e-12
-0.0462674
-0.0462674
-7.06482e-12
-3.8385e-11
1.00161e-11
-2.58862e-12
-0.0916059
-0.0916059
3.39673e-11
2.91322e-11
-5.17185e-12
-1.74965e-11
-0.0499853
-0.0499853
9.504e-11
3.38009e-11
1.18161e-12
1.82183e-12
-0.10053
-0.10053
-2.40171e-11
-3.18501e-11
-2.55887e-11
1.98972e-11
-0.0920849
-0.0920849
5.55883e-12
-1.05882e-11
9.1721e-12
6.83358e-12
-0.0188875
-0.0188875
-9.95185e-12
2.83689e-12
-2.63129e-12
7.72516e-12
-0.0313325
-0.0313325
-4.58385e-12
-5.48195e-13
-5.28806e-12
1.38616e-12
-0.00679811
-0.00679811
1.518e-12
8.67667e-12
9.06303e-12
1.81534e-11
-0.0147004
-0.0147004
2.09578e-12
3.55475e-12
4.59599e-13
-1.16281e-11
-0.00530834
-0.00530834
-9.94277e-12
7.3966e-12
-5.15096e-12
9.28696e-12
-0.0135998
-0.0135998
-1.31607e-11
-3.03903e-12
-1.85192e-11
7.78632e-12
-0.0397504
-0.0397504
5.30873e-12
-9.134e-12
9.44485e-12
-3.12892e-12
-0.0462674
-0.0462674
4.09621e-11
-6.88543e-12
-5.52444e-12
-8.91399e-14
-0.0916059
-0.0916059
2.75483e-11
-1.3821e-11
-1.32791e-13
-1.96089e-11
-0.0499853
-0.0499853
4.57736e-11
-6.79507e-11
4.53599e-12
-1.43753e-11
-0.10053
-0.10053
1.94976e-12
2.56768e-11
7.48675e-12
1.59045e-11
-0.0920849
-0.0920849
-3.62311e-12
5.30642e-12
1.18218e-11
-1.52784e-12
-0.0188875
-0.0188875
-1.05763e-11
-1.90726e-12
-2.23886e-12
-5.71618e-13
-0.0313325
-0.0313325
1.22293e-11
-7.05854e-12
-2.71311e-12
-4.39784e-12
-0.00679811
-0.00679811
-3.5471e-12
-3.20835e-12
4.0403e-12
-1.54338e-12
-0.0147004
-0.0147004
-5.64144e-12
3.34438e-12
-1.56824e-12
8.28597e-12
-0.00530834
-0.00530834
-1.36323e-11
-4.66549e-12
-5.75058e-12
6.30511e-12
-0.0135998
-0.0135998
-1.37324e-11
-8.54424e-12
-1.14247e-11
-6.40973e-12
-0.0397504
-0.0397504
1.20129e-11
-1.74905e-11
1.87781e-11
-1.67429e-11
-0.0462674
-0.0462674
-1.00546e-11
-1.35347e-11
7.65895e-12
-8.76998e-12
-0.0916059
-0.0916059
1.17966e-11
3.76095e-11
9.96342e-12
7.74525e-12
-0.0499853
-0.0499853
5.9397e-11
1.1097e-10
1.8411e-12
9.75139e-12
-0.10053
-0.10053
-3.28985e-11
-5.62025e-11
-1.01494e-11
7.15125e-12
-0.0920849
-0.0920849
2.29345e-11
6.72748e-13
-3.94379e-13
2.99652e-13
-0.0188875
-0.0188875
1.15472e-11
8.8981e-12
-1.07677e-11
-3.81974e-12
-0.0313325
-0.0313325
-2.00592e-11
3.84219e-13
-1.01624e-11
-1.20037e-11
-0.00679811
-0.00679811
-2.15772e-12
7.0301e-12
1.65344e-11
2.5984e-11
-0.0147004
-0.0147004
1.84852e-12
1.12384e-11
3.17685e-13
-2.63209e-11
-0.00530834
-0.00530834
-3.23913e-11
-3.73067e-12
-1.27977e-11
-7.49061e-12
-0.0135998
-0.0135998
-2.04291e-12
6.69027e-12
-1.99717e-11
-1.90919e-12
-0.0129839
-0.0129839
5.99938e-12
-3.55328e-12
1.24232e-11
-1.01346e-11
-0.00513145
-0.00513145
1.35204e-11
1.53003e-11
7.46322e-13
-2.98301e-12
-0.00645047
-0.00645047
4.51829e-12
7.20158e-12
2.22904e-13
7.91514e-12
-0.0362464
-0.0362464
-6.99544e-12
5.64056e-12
-5.42781e-12
4.15391e-12
-0.0336601
-0.0336601
1.3976e-11
9.1391e-12
-4.21367e-12
-3.41515e-12
-0.0918087
-0.0918087
1.35081e-11
-3.19327e-11
5.43863e-13
-1.6748e-11
-0.0500331
-0.0500331
-8.48223e-11
-5.87785e-11
-4.00085e-12
-2.18484e-12
-0.100541
-0.100541
1.38626e-11
9.92587e-11
3.34824e-11
-5.69436e-13
-0.091923
-0.091923
-1.033e-11
6.62872e-12
-2.94684e-12
5.88556e-12
-0.0250634
-0.0250634
-1.17456e-11
-6.62674e-12
-6.41597e-12
1.2239e-12
-0.0441959
-0.0441959
4.75566e-12
-1.11002e-11
5.49683e-12
-1.66396e-11
-0.0141343
-0.0141343
-1.39338e-12
-6.80189e-12
-7.38141e-12
-4.03755e-12
-0.0129839
-0.0129839
1.08008e-11
4.28841e-12
4.48008e-12
7.59983e-12
-0.00513145
-0.00513145
9.54822e-12
-1.31542e-11
5.37882e-12
3.84609e-12
-0.00645047
-0.00645047
1.14512e-11
5.02573e-13
2.04416e-11
2.13842e-11
-0.0362464
-0.0362464
2.15245e-11
1.10222e-11
2.15106e-12
4.759e-12
-0.0336601
-0.0336601
-2.51853e-11
-1.5543e-11
3.09508e-11
1.6815e-11
-0.0918087
-0.0918087
1.18941e-11
-2.12423e-11
-1.98322e-12
-2.01258e-11
-0.0500331
-0.0500331
2.42161e-12
-7.65853e-11
7.40219e-12
-8.74555e-12
-0.100541
-0.100541
-8.72996e-12
3.01275e-11
2.0306e-11
1.00492e-11
-0.091923
-0.091923
1.57354e-12
1.21142e-12
-5.94727e-12
-1.70055e-11
-0.0250634
-0.0250634
3.90107e-12
-1.03681e-11
-9.33105e-12
8.78092e-12
-0.0441959
-0.0441959
-4.77919e-12
-1.98408e-12
1.01466e-11
2.46846e-12
-0.0141343
-0.0141343
-1.57548e-11
-1.15678e-12
-3.23048e-12
1.34499e-11
-0.0129839
-0.0129839
-1.69826e-11
-1.71609e-11
-1.68254e-11
-5.7858e-12
-0.00513145
-0.00513145
1.10537e-11
9.94285e-12
-5.26664e-12
1.57076e-12
-0.00645047
-0.00645047
-1.49499e-11
-1.10524e-11
3.23859e-12
-9.64195e-12
-0.0362464
-0.0362464
-1.83332e-11
-2.05553e-11
-1.13263e-12
-3.01927e-12
-0.0336601
-0.0336601
3.122e-11
-1.31603e-11
-9.92759e-12
-9.7511e-12
-0.0918087
-0.0918087
-3.51334e-11
6.18193e-12
-6.75435e-12
5.71165e-12
-0.0500331
-0.0500331
-7.32592e-11
-6.87361e-12
9.38705e-12
-9.8306e-12
-0.100541
-0.100541
4.71666e-13
-2.2969e-11
-1.55719e-12
-5.75941e-11
-0.091923
-0.091923
1.55096e-11
2.34072e-11
-5.63133e-11
1.67828e-11
-0.0250634
-0.0250634
3.09065e-11
7.23231e-12
2.21078e-11
-5.05189e-11
-0.0441959
-0.0441959
-2.48982e-12
5.32837e-11
-2.37265e-11
-1.73308e-11
-0.0141343
-0.0141343
-5.13184e-12
-1.40397e-12
5.92081e-12
-1.65134e-11
-0.0397504
-0.0397504
-4.0473e-12
6.24505e-12
8.26243e-12
9.21028e-12
-0.0462674
-0.0462674
1.65532e-11
-2.80429e-11
-9.19313e-12
-7.11852e-12
-0.0916059
-0.0916059
-4.23985e-13
1.58608e-11
-3.09824e-12
2.86161e-12
-0.0499853
-0.0499853
4.81258e-11
4.51414e-11
-1.34148e-12
1.48234e-11
-0.10053
-0.10053
-3.4149e-11
-4.15464e-11
-1.47691e-11
1.92446e-11
-0.0920849
-0.0920849
8.24933e-12
-2.55785e-11
1.32028e-11
-5.95697e-12
-0.0188875
-0.0188875
-1.62158e-11
-8.81413e-12
2.77811e-12
1.58447e-12
-0.0313325
-0.0313325
-1.21315e-11
1.19607e-11
-3.19189e-12
1.42723e-12
-0.00679811
-0.00679811
2.05572e-12
-1.36927e-12
3.90802e-12
1.88744e-12
-0.0147004
-0.0147004
-1.17612e-11
-3.94561e-12
5.70934e-12
-1.57303e-11
-0.00530834
-0.00530834
5.81142e-12
1.10719e-11
4.73631e-13
-1.10958e-11
-0.0135998
-0.0135998
-5.6125e-12
3.41046e-13
6.61386e-12
5.69606e-12
-0.0397504
-0.0397504
3.575e-12
-2.99082e-12
4.80682e-12
2.2975e-12
-0.0462674
-0.0462674
-8.35944e-13
-2.98469e-11
1.39781e-12
1.3234e-12
-0.0916059
-0.0916059
-8.1273e-12
-8.89698e-12
-1.97461e-12
5.90554e-12
-0.0499853
-0.0499853
-2.17428e-11
-1.7112e-11
-8.3483e-12
-4.1464e-12
-0.10053
-0.10053
1.13773e-11
-5.53113e-12
-1.98169e-11
-2.14439e-11
-0.0920849
-0.0920849
-1.30832e-12
1.98487e-11
-8.46142e-12
-2.58482e-12
-0.0188875
-0.0188875
8.59337e-12
2.96641e-11
1.77995e-12
1.52546e-12
-0.0313325
-0.0313325
4.8969e-12
3.37021e-12
-2.6437e-12
6.74959e-12
-0.00679811
-0.00679811
-7.99816e-13
-2.37858e-12
1.26767e-11
3.4624e-12
-0.0147004
-0.0147004
-1.87692e-12
-4.23707e-12
-6.3166e-12
-7.08745e-12
-0.00530834
-0.00530834
-3.08927e-12
-3.15523e-13
4.69406e-12
2.4258e-12
-0.0135998
-0.0135998
-4.88657e-12
2.01454e-12
2.43073e-12
1.55346e-11
-0.0397504
-0.0397504
6.76231e-12
-1.41624e-11
2.70218e-12
-3.04488e-12
-0.0462674
-0.0462674
-3.44529e-11
-2.17529e-11
9.49428e-12
8.9754e-13
-0.0916059
-0.0916059
1.9252e-12
1.23129e-11
1.24108e-11
3.75299e-12
-0.0499853
-0.0499853
5.47891e-12
6.75472e-11
-6.77216e-12
1.31019e-11
-0.10053
-0.10053
-3.29494e-12
-2.5381e-11
-1.85216e-11
9.48113e-12
-0.0920849
-0.0920849
1.99095e-11
4.98421e-12
-2.20912e-12
-1.18177e-11
-0.0188875
-0.0188875
6.01476e-12
3.87668e-12
-2.17957e-14
7.38077e-12
-0.0313325
-0.0313325
1.87866e-12
9.37142e-12
5.06128e-12
-2.32949e-12
-0.00679811
-0.00679811
6.04196e-12
1.54248e-11
1.33878e-11
2.06671e-11
-0.0147004
-0.0147004
2.0112e-11
7.80509e-12
2.60636e-12
-1.63459e-11
-0.00530834
-0.00530834
-1.62593e-11
-9.07865e-12
1.13364e-13
2.80405e-12
-0.0135998
-0.0135998
-3.02058e-12
1.05351e-11
-1.23355e-11
-2.33479e-12
-0.0129839
-0.0129839
-1.54416e-11
-8.77083e-13
-2.51373e-12
-3.21517e-12
-0.00513145
-0.00513145
3.22398e-12
1.55766e-11
-5.55579e-12
-1.01243e-11
-0.00645047
-0.00645047
-1.01182e-11
-3.39237e-12
-9.34036e-12
6.14052e-12
-0.0362464
-0.0362464
-6.91055e-12
-1.53591e-12
9.57778e-13
-1.26061e-12
-0.0336601
-0.0336601
-2.20772e-12
-5.10826e-12
-1.45285e-11
-9.71979e-12
-0.0918087
-0.0918087
4.49816e-12
-3.99316e-11
6.46002e-12
-2.06492e-11
-0.0500331
-0.0500331
-8.13869e-11
-1.93063e-11
1.73894e-12
-1.55543e-11
-0.100541
-0.100541
3.03417e-11
9.47494e-11
3.61451e-11
1.69899e-12
-0.091923
-0.091923
4.90853e-12
9.25452e-12
6.66305e-12
-7.32448e-12
-0.0250634
-0.0250634
8.30056e-12
1.8845e-12
-7.89946e-12
2.09729e-12
-0.0441959
-0.0441959
-3.31432e-12
-2.08841e-12
-4.75233e-12
5.32186e-12
-0.0141343
-0.0141343
7.25432e-12
-1.66321e-12
1.17494e-11
-6.64964e-12
-0.0129839
-0.0129839
7.54652e-12
2.1886e-11
1.46995e-12
2.69618e-11
-0.00513145
-0.00513145
-1.24913e-11
-2.07532e-11
1.01239e-12
1.44093e-11
-0.00645047
-0.00645047
6.66582e-12
5.23273e-12
4.44667e-12
8.4051e-12
-0.0362464
-0.0362464
-1.63481e-11
7.93209e-12
-1.19048e-11
-3.02947e-12
-0.0336601
-0.0336601
1.20674e-11
3.39131e-11
5.7014e-12
-1.03811e-11
-0.0918087
-0.0918087
1.13528e-11
-7.95683e-12
2.4097e-11
-1.53655e-11
-0.0500331
-0.0500331
-6.7129e-12
4.43447e-11
1.36336e-11
2.31562e-11
-0.100541
-0.100541
-1.95257e-11
1.82307e-11
3.14773e-11
3.56149e-11
-0.091923
-0.091923
3.79368e-12
-6.97554e-12
1.10759e-11
-7.30022e-12
-0.0250634
-0.0250634
-2.20727e-12
-1.87785e-11
-1.62801e-11
6.90793e-12
-0.0441959
-0.0441959
-3.86901e-13
-1.31598e-12
6.07338e-12
8.79147e-12
-0.0141343
-0.0141343
-1.35711e-11
-3.4068e-12
-5.19472e-13
8.38671e-12
-0.0129839
-0.0129839
-6.1565e-12
-1.0144e-11
-2.81866e-12
2.30105e-12
-0.00513145
-0.00513145
-7.32148e-13
-6.88319e-12
2.13329e-12
1.843e-12
-0.00645047
-0.00645047
-1.28141e-11
-3.45991e-12
-4.43969e-12
-2.00032e-11
-0.0362464
-0.0362464
-2.26372e-11
-8.60792e-12
-9.42694e-12
-9.80549e-12
-0.0336601
-0.0336601
5.02215e-11
1.88402e-11
-2.63462e-11
-2.03731e-11
-0.0918087
-0.0918087
-4.51236e-11
1.50124e-11
-1.00343e-11
1.40646e-11
-0.0500331
-0.0500331
-4.05243e-11
3.81397e-11
-3.14177e-12
6.25047e-12
-0.100541
-0.100541
-7.66342e-12
-6.90738e-11
-2.0714e-11
-5.97254e-11
-0.091923
-0.091923
1.4081e-11
1.38972e-11
-6.04481e-11
2.05115e-11
-0.0250634
-0.0250634
3.81642e-11
1.26713e-11
2.39527e-11
-4.68997e-11
-0.0441959
-0.0441959
1.11388e-12
3.72303e-11
-2.7847e-11
-2.0031e-11
-0.0141343
-0.0141343
-7.62476e-11
-8.26589e-12
-0.247939
-0.247939
1.80545e-11
7.81401e-11
-4.97458e-11
6.45052e-11
-0.424799
-0.424799
-7.03801e-11
2.63019e-11
-6.16996e-10
-1.82457e-10
-0.589043
-0.589043
1.53145e-10
-4.35803e-13
-1.04895e-11
1.33473e-10
-0.247939
-0.247939
-3.32309e-11
-1.64089e-10
-4.90175e-11
7.17434e-11
-0.424799
-0.424799
-5.5392e-11
5.25462e-11
2.53096e-10
4.58334e-11
-0.589043
-0.589043
-3.69294e-10
2.91929e-10
2.58647e-11
1.30942e-10
-0.247939
-0.247939
4.58133e-11
5.6942e-11
4.31493e-11
6.6953e-11
-0.424799
-0.424799
-4.16929e-12
7.64665e-13
6.42319e-10
1.98906e-10
-0.589043
-0.589043
-4.58084e-10
2.41072e-10
-1.49207e-10
1.31049e-10
-0.247932
-0.247932
-1.76307e-10
7.65932e-11
-1.50124e-11
3.92864e-11
-0.424832
-0.424832
-3.46119e-11
-6.12225e-11
-8.52471e-11
-1.50345e-10
-0.589053
-0.589053
-1.82201e-10
7.9637e-11
-1.04778e-10
6.23733e-11
-0.247932
-0.247932
2.51447e-10
6.9294e-11
-1.06823e-10
1.75333e-11
-0.424832
-0.424832
1.28565e-10
1.03612e-10
-1.16311e-10
-4.9092e-11
-0.589053
-0.589053
1.4414e-11
2.3096e-11
-1.06823e-11
-1.63217e-11
-0.247932
-0.247932
-6.41742e-11
7.18228e-13
-2.87547e-11
-4.36609e-11
-0.424832
-0.424832
1.11718e-10
3.67436e-11
3.96385e-10
6.77158e-11
-0.589053
-0.589053
8.91622e-11
2.10778e-10
2.59919e-11
-5.53956e-11
-0.247759
-0.247759
4.12303e-11
-4.78238e-11
-1.74708e-12
-1.43512e-11
-0.424689
-0.424689
4.66064e-11
2.15945e-11
1.771e-10
-1.06858e-11
-0.58901
-0.58901
-2.62917e-10
2.1595e-12
-1.67304e-10
-9.85363e-11
-0.247759
-0.247759
-7.70422e-11
2.47389e-12
-1.40459e-10
-1.2944e-11
-0.424689
-0.424689
-4.0801e-12
-1.30496e-11
-3.18728e-10
-1.70849e-10
-0.58901
-0.58901
2.6218e-10
-2.18903e-10
-2.22824e-12
-4.50633e-11
-0.247759
-0.247759
6.75469e-11
4.15635e-11
-6.00494e-11
1.52459e-11
-0.424689
-0.424689
-5.8165e-11
1.35454e-10
6.63e-10
1.33552e-11
-0.58901
-0.58901
-2.06495e-10
5.6117e-10
-2.75275e-11
1.46418e-10
-0.247896
-0.247896
1.44361e-10
2.03911e-11
-6.88289e-11
3.12414e-11
-0.424786
-0.424786
1.13736e-10
1.26957e-10
-6.59667e-10
-1.69286e-10
-0.58904
-0.58904
3.88069e-10
-1.59749e-10
-1.19626e-11
2.98519e-10
-0.247896
-0.247896
3.78276e-11
4.88286e-11
-5.50543e-11
5.98735e-12
-0.424786
-0.424786
1.16923e-10
-6.30218e-11
-2.8081e-10
-1.06542e-10
-0.58904
-0.58904
2.41812e-10
-7.23955e-11
-1.1597e-12
9.44744e-11
-0.247896
-0.247896
3.61607e-11
-1.07398e-10
4.47079e-11
2.15869e-10
-0.424786
-0.424786
1.06321e-11
3.19826e-11
1.11001e-09
2.39806e-10
-0.58904
-0.58904
6.18652e-12
5.13917e-10
8.82412e-11
-1.11118e-10
-0.247927
-0.247927
1.09274e-10
-3.13472e-10
-9.24068e-11
7.03569e-11
-0.424829
-0.424829
4.32207e-11
-1.60622e-10
-9.84573e-10
-2.00641e-10
-0.589052
-0.589052
4.1267e-10
-5.42761e-10
9.18567e-11
1.97408e-10
-0.247927
-0.247927
-9.22549e-11
-1.83498e-10
-5.65703e-11
1.17017e-10
-0.424829
-0.424829
-1.40513e-10
-8.47081e-11
-4.28697e-10
-5.6171e-11
-0.589052
-0.589052
8.96588e-11
-2.68338e-10
1.47018e-10
1.04724e-11
-0.247927
-0.247927
6.6581e-11
-1.03702e-10
1.79181e-10
5.04091e-11
-0.424829
-0.424829
1.61328e-11
-1.27417e-10
1.15861e-09
3.01322e-10
-0.589052
-0.589052
-5.42936e-10
1.7312e-11
-1.23835e-10
1.0981e-11
-0.247792
-0.247792
-8.05955e-11
1.8397e-11
6.87135e-11
-1.30443e-10
-0.424697
-0.424697
1.10141e-10
-3.25894e-10
-6.42269e-10
-1.00081e-10
-0.589012
-0.589012
2.23684e-10
-3.91361e-10
-1.62982e-11
1.84685e-10
-0.247792
-0.247792
-1.85269e-11
4.08033e-11
5.96992e-11
5.57073e-11
-0.424697
-0.424697
1.74874e-10
-9.17e-11
2.89767e-12
1.13623e-10
-0.589012
-0.589012
4.41326e-11
2.32273e-11
3.74172e-11
1.35975e-10
-0.247792
-0.247792
-2.62292e-11
2.94129e-11
3.881e-11
1.00347e-10
-0.424697
-0.424697
3.31762e-11
1.53781e-11
4.32799e-10
7.75265e-12
-0.589012
-0.589012
-3.88871e-10
1.10425e-10
2.85478e-11
-4.88621e-10
-0.58901
-0.58901
-3.22808e-10
6.03159e-10
-8.4297e-11
4.27599e-11
-0.424689
-0.424689
1.09523e-10
-3.40066e-11
-1.7127e-10
1.2837e-10
-0.247759
-0.247759
-8.02387e-11
3.12031e-12
6.60326e-11
1.90902e-10
-0.58901
-0.58901
3.42701e-10
-1.17114e-10
5.88624e-11
6.44305e-11
-0.424689
-0.424689
2.58046e-10
-9.95595e-11
3.19537e-11
4.04572e-11
-0.247759
-0.247759
4.41614e-13
-6.05952e-12
3.47794e-11
4.10535e-11
-0.58901
-0.58901
-2.32728e-11
1.33133e-10
5.75532e-11
-7.10816e-11
-0.424689
-0.424689
2.46842e-11
4.82217e-11
2.7679e-11
3.05863e-11
-0.247759
-0.247759
5.38229e-11
-1.00741e-10
3.81424e-12
-4.94375e-10
-0.589053
-0.589053
-6.40139e-10
3.54155e-10
2.12744e-11
5.27328e-11
-0.424832
-0.424832
4.3216e-11
3.99892e-11
-1.74273e-11
1.26407e-10
-0.247932
-0.247932
-3.75832e-11
1.36638e-10
2.11285e-10
3.3611e-10
-0.589053
-0.589053
1.63441e-10
6.57056e-12
-1.30903e-11
2.54687e-10
-0.424832
-0.424832
-8.93083e-11
2.60227e-11
2.18582e-10
1.37462e-11
-0.247932
-0.247932
3.36627e-11
-2.22363e-10
2.05555e-10
1.64547e-10
-0.589053
-0.589053
1.28886e-10
2.10828e-10
3.83447e-11
1.82441e-10
-0.424832
-0.424832
-1.59551e-10
-6.67934e-11
1.28019e-11
-5.34406e-11
-0.247932
-0.247932
1.08505e-10
-2.28343e-10
-1.06262e-10
-4.5414e-10
-0.589043
-0.589043
-5.31811e-10
-1.64608e-10
-2.4079e-11
-1.34595e-11
-0.424799
-0.424799
-9.68968e-11
-1.19225e-11
-4.28737e-11
2.38751e-11
-0.247939
-0.247939
-3.02819e-11
2.53826e-11
6.1194e-11
-1.62424e-10
-0.589043
-0.589043
-3.33326e-10
9.22569e-11
3.94157e-11
6.41941e-11
-0.424799
-0.424799
3.85175e-11
2.76829e-11
1.29326e-10
1.99267e-10
-0.247939
-0.247939
7.91866e-11
4.42802e-11
2.02401e-10
5.29496e-10
-0.589043
-0.589043
-1.89263e-10
-1.38282e-10
-2.07252e-11
1.92776e-10
-0.424799
-0.424799
6.91191e-11
1.61394e-10
2.81981e-11
7.82927e-11
-0.247939
-0.247939
1.7317e-10
6.38584e-11
-5.88616e-12
8.10593e-11
-0.247896
-0.247896
-8.38933e-11
7.73693e-11
1.3983e-11
1.37068e-11
-0.424786
-0.424786
-1.35282e-10
-2.07943e-10
1.73143e-10
6.66876e-10
-0.58904
-0.58904
3.05068e-11
-8.20252e-10
6.77754e-11
2.07139e-11
-0.247896
-0.247896
3.16317e-11
-7.13933e-11
-5.90782e-12
3.48378e-11
-0.424786
-0.424786
-1.66837e-10
-3.77379e-11
-1.07103e-11
-2.14351e-10
-0.58904
-0.58904
-2.9989e-10
1.88384e-10
-1.06029e-11
1.42914e-11
-0.247896
-0.247896
-2.04296e-11
4.39438e-11
-9.1836e-11
-1.31699e-12
-0.424786
-0.424786
-4.89292e-11
1.31515e-10
-4.23312e-11
-2.68203e-10
-0.58904
-0.58904
2.33788e-10
2.02235e-10
8.76883e-11
-4.39972e-12
-0.247927
-0.247927
-1.78035e-11
-2.64436e-11
-5.22497e-11
8.17124e-11
-0.424829
-0.424829
1.17435e-10
7.94063e-11
4.81236e-11
3.50167e-10
-0.589052
-0.589052
6.38638e-10
-1.42937e-10
1.19716e-10
2.61397e-11
-0.247927
-0.247927
1.2868e-10
1.21951e-10
7.95463e-11
3.77134e-11
-0.424829
-0.424829
1.96639e-10
4.05114e-11
9.77952e-11
2.19974e-10
-0.589052
-0.589052
1.24951e-10
-1.39e-10
2.54242e-10
-1.44292e-11
-0.247927
-0.247927
9.52417e-11
-1.54195e-10
6.93353e-11
-7.67067e-11
-0.424829
-0.424829
1.15703e-10
3.58559e-11
-2.44766e-11
-4.53723e-10
-0.589052
-0.589052
-7.77235e-11
4.30159e-10
3.51463e-11
-2.112e-11
-0.247792
-0.247792
-7.61979e-11
-2.74477e-11
6.25536e-11
1.24976e-10
-0.424697
-0.424697
-1.13434e-10
-2.88888e-11
7.22684e-11
6.17501e-10
-0.589012
-0.589012
1.81674e-10
-3.46059e-10
1.54738e-10
9.67344e-11
-0.247792
-0.247792
-1.771e-10
-8.87414e-11
9.20947e-12
2.19094e-11
-0.424697
-0.424697
-1.24882e-10
-4.80582e-11
-1.39104e-10
2.18198e-11
-0.589012
-0.589012
-2.52906e-10
2.10113e-10
2.17267e-10
-1.21215e-11
-0.247792
-0.247792
1.15846e-10
-2.42854e-11
7.34401e-11
-1.01332e-11
-0.424697
-0.424697
-7.55368e-11
-4.50819e-12
-1.71363e-10
-7.01219e-10
-0.589012
-0.589012
-6.1861e-10
6.78742e-10
