FiniteElementSpace
FiniteElementCollection: RT_3D_P1
VDim: 1
Ordering: 0

-7.8663e-13
1.88964e-13
-1.82686e-12
-5.5481e-13
0.000738136
0.000783404
0.000738136
0.000783404
0.00149047
0.00157009
0.00149047
0.00157009
-0.0008886
-0.000584628
-0.0008886
-0.000584628
-0.00158634
-0.00200016
-0.00158634
-0.00200016
0
0
0
0
-1.32513e-12
-7.72945e-13
-8.60645e-13
-2.85026e-13
-2.58425e-05
-3.25548e-05
-2.58425e-05
-3.25548e-05
0.00145294
0.00147303
0.00145294
0.00147303
-0.000823555
0.00534996
-0.000823555
0.00534996
0
0
0
0
-2.49846e-12
-2.59999e-12
-2.56681e-12
-2.45196e-12
0.0306006
0.0285305
0.0306006
0.0285305
-0.000340824
0.00316004
-0.000340824
0.00316004
0
0
0
0
3.40382e-12
1.60111e-12
4.02357e-12
7.48666e-13
-0.000465559
-0.0010363
-0.000465559
-0.0010363
0.00244578
0.00218842
0.00244578
0.00218842
-0.00149505
-0.00057775
-0.00149505
-0.00057775
0
0
0
0
3.79137e-12
-8.06545e-14
3.40859e-12
-2.29565e-13
0.0299334
0.0298807
0.0299334
0.0298807
-0.000123729
-0.0026907
-0.000123729
-0.0026907
0
0
0
0
3.98785e-12
6.42999e-12
9.25341e-13
5.41641e-12
0.0268065
0.0313938
0.0268065
0.0313938
0.00218065
-0.004736
0.00218065
-0.004736
0
0
0
0
5.64277e-13
2.16642e-12
8.03136e-13
3.13751e-12
0.000100591
-2.04625e-05
0.000100591
-2.04625e-05
1.11096e-05
-9.5781e-06
1.11096e-05
-9.5781e-06
0.000350147
0.000464355
0.000350147
0.000464355
0
0
0
0
1.11811e-12
2.85779e-12
1.32148e-12
2.06598e-12
4.69325e-05
-3.26609e-05
4.69325e-05
-3.26609e-05
0.000722929
0.00028864
0.000722929
0.00028864
0
0
0
0
2.95254e-13
5.29222e-13
1.19992e-13
2.29084e-13
1.06138e-05
-4.95019e-06
1.06138e-05
-4.95019e-06
8.63614e-06
-1.15976e-05
8.63614e-06
-1.15976e-05
0
0
0
0
7.06972e-14
8.32466e-13
1.67103e-13
2.51296e-13
0.000240607
0.000200697
0.000240607
0.000200697
0.000129568
9.57267e-05
0.000129568
9.57267e-05
0
0
0
0
2.298e-13
1.13636e-13
1.6762e-13
1.80777e-13
4.30338e-06
-6.25714e-06
4.30338e-06
-6.25714e-06
-0.000308664
-0.000259067
-0.000308664
-0.000259067
0
0
0
0
2.20706e-13
3.1581e-13
4.3524e-13
2.21299e-13
5.77203e-06
-9.7775e-06
5.77203e-06
-9.7775e-06
0
0
0
0
-1.68675e-12
-9.55865e-13
-2.228e-12
-1.04577e-12
0.000738136
0.000783404
0.000738136
0.000783404
0.00149047
0.00157009
0.00149047
0.00157009
-0.0008886
-0.000584628
-0.0008886
-0.000584628
-0.00158634
-0.00200016
-0.00158634
-0.00200016
-1.75031e-12
-1.36511e-12
-1.57645e-12
-2.05362e-12
-2.58425e-05
-3.25548e-05
-2.58425e-05
-3.25548e-05
0.00145294
0.00147303
0.00145294
0.00147303
-0.000823555
0.00534996
-0.000823555
0.00534996
-2.64653e-12
-2.39445e-12
-1.90826e-12
-1.70473e-12
0.0306006
0.0285305
0.0306006
0.0285305
-0.000340824
0.00316004
-0.000340824
0.00316004
-3.42926e-13
-8.58412e-13
-8.9981e-13
-1.1339e-12
-0.000465559
-0.0010363
-0.000465559
-0.0010363
0.00244578
0.00218842
0.00244578
0.00218842
-0.00149505
-0.00057775
-0.00149505
-0.00057775
-5.4667e-13
-1.51197e-12
-7.26865e-14
-9.2905e-13
0.0299334
0.0298807
0.0299334
0.0298807
-0.000123729
-0.0026907
-0.000123729
-0.0026907
3.05842e-13
-2.42667e-13
1.43297e-12
2.23042e-13
0.0268065
0.0313938
0.0268065
0.0313938
0.00218065
-0.004736
0.00218065
-0.004736
1.40858e-13
-8.62761e-13
1.8176e-13
1.65046e-13
0.000100591
-2.04625e-05
0.000100591
-2.04625e-05
1.11096e-05
-9.5781e-06
1.11096e-05
-9.5781e-06
0.000350147
0.000464355
0.000350147
0.000464355
2.50956e-13
9.49131e-13
5.46823e-13
1.74549e-12
4.69325e-05
-3.26609e-05
4.69325e-05
-3.26609e-05
0.000722929
0.00028864
0.000722929
0.00028864
1.94877e-13
1.82323e-13
2.0475e-13
2.51784e-14
1.06138e-05
-4.95019e-06
1.06138e-05
-4.95019e-06
8.63614e-06
-1.15976e-05
8.63614e-06
-1.15976e-05
-4.48937e-13
-3.82002e-13
4.53986e-15
5.92791e-14
0.000240607
0.000200697
0.000240607
0.000200697
0.000129568
9.57267e-05
0.000129568
9.57267e-05
2.62654e-14
6.06627e-14
1.23347e-13
2.12497e-13
4.30338e-06
-6.25714e-06
4.30338e-06
-6.25714e-06
-0.000308664
-0.000259067
-0.000308664
-0.000259067
-4.16962e-13
2.47218e-14
-9.54908e-13
-1.08018e-13
5.77203e-06
-9.7775e-06
5.77203e-06
-9.7775e-06
0
0
0
0
0.000738136
0.000783404
0.000738136
0.000783404
0.00149047
0.00157009
0.00149047
0.00157009
-0.0008886
-0.000584628
-0.0008886
-0.000584628
-0.00158634
-0.00200016
-0.00158634
-0.00200016
0
0
0
0
-2.58425e-05
-3.25548e-05
-2.58425e-05
-3.25548e-05
0.00145294
0.00147303
0.00145294
0.00147303
-0.000823555
0.00534996
-0.000823555
0.00534996
0
0
0
0
0.0306006
0.0285305
0.0306006
0.0285305
-0.000340824
0.00316004
-0.000340824
0.00316004
0
0
0
0
-0.000465559
-0.0010363
-0.000465559
-0.0010363
0.00244578
0.00218842
0.00244578
0.00218842
-0.00149505
-0.00057775
-0.00149505
-0.00057775
0
0
0
0
0.0299334
0.0298807
0.0299334
0.0298807
-0.000123729
-0.0026907
-0.000123729
-0.0026907
0
0
0
0
0.0268065
0.0313938
0.0268065
0.0313938
0.00218065
-0.004736
0.00218065
-0.004736
0
0
0
0
0.000100591
-2.04625e-05
0.000100591
-2.04625e-05
1.11096e-05
-9.5781e-06
1.11096e-05
-9.5781e-06
0.000350147
0.000464355
0.000350147
0.000464355
0
0
0
0
4.69325e-05
-3.26609e-05
4.69325e-05
-3.26609e-05
0.000722929
0.00028864
0.000722929
0.00028864
0
0
0
0
1.06138e-05
-4.95019e-06
1.06138e-05
-4.95019e-06
8.63614e-06
-1.15976e-05
8.63614e-06
-1.15976e-05
0
0
0
0
0.000240607
0.000200697
0.000240607
0.000200697
0.000129568
9.57267e-05
0.000129568
9.57267e-05
0
0
0
0
4.30338e-06
-6.25714e-06
4.30338e-06
-6.25714e-06
-0.000308664
-0.000259067
-0.000308664
-0.000259067
0
0
0
0
5.77203e-06
-9.7775e-06
5.77203e-06
-9.7775e-06
-3.33372e-13
-1.15761e-12
-2.07701e-13
-4.36584e-13
0.000110239
0.000161545
0.000110239
0.000161545
-0.000558865
-0.00076326
-0.000558865
-0.00076326
-0.00115021
-0.000981054
-0.00115021
-0.000981054
0.00032988
0.000218975
0.00032988
0.000218975
0
0
0
0
-7.40544e-14
-1.8113e-13
-4.14127e-14
-9.95631e-14
6.25714e-06
-4.30338e-06
6.25714e-06
-4.30338e-06
-0.000317256
-0.000429315
-0.000317256
-0.000429315
-7.34685e-06
-4.86009e-06
-7.34685e-06
-4.86009e-06
0
0
0
0
-4.62882e-14
-1.21843e-13
2.37304e-13
-6.80034e-15
-0.000844259
-0.000458699
-0.000844259
-0.000458699
0
0
0
0
-2.10262e-12
-1.72035e-12
2.42602e-13
-1.8615e-13
0.00067055
0.000803923
0.00067055
0.000803923
-0.00087789
-0.000562057
-0.00087789
-0.000562057
-0.00158906
-0.00193654
-0.00158906
-0.00193654
0
0
0
0
1.32299e-12
3.5226e-13
2.00617e-12
1.28231e-12
-0.000811124
0.0047169
-0.000811124
0.0047169
0
0
0
0
-1.09294e-12
1.09339e-12
1.58533e-13
1.9531e-12
0.0308448
0.0278027
0.0308448
0.0278027
-0.000351882
0.00313691
-0.000351882
0.00313691
0
0
0
0
-3.53707e-12
-3.04251e-12
-6.70967e-12
-3.73367e-12
-0.000469418
-0.00101603
-0.000469418
-0.00101603
0.00245381
0.00219682
0.00245381
0.00219682
-0.00147878
-0.000576804
-0.00147878
-0.000576804
0
0
0
0
-7.81345e-12
-5.03432e-12
-7.07252e-12
-3.95806e-12
0.0300008
0.0298382
0.0300008
0.0298382
-0.000129829
-0.00272473
-0.000129829
-0.00272473
0
0
0
0
-1.98323e-12
-7.06068e-12
2.24607e-12
-4.30483e-12
0.0275761
0.031166
0.0275761
0.031166
0.00231416
-0.00548431
0.00231416
-0.00548431
0
0
0
0
-5.62319e-13
-2.45553e-12
-5.6985e-13
-1.74414e-12
-9.35995e-05
-0.000116612
-9.35995e-05
-0.000116612
0.000417687
0.000528332
0.000417687
0.000528332
0
0
0
0
-6.32152e-13
-4.21795e-13
-4.07941e-13
9.03813e-15
3.25548e-05
2.58425e-05
3.25548e-05
2.58425e-05
0.00124661
0.00113015
0.00124661
0.00113015
0
0
0
0
-3.55842e-13
-4.48993e-13
-1.34646e-13
-3.09298e-13
9.7775e-06
-5.77203e-06
9.7775e-06
-5.77203e-06
0
0
0
0
-4.90961e-13
-1.48452e-12
-6.00263e-14
-2.70781e-13
0.000110239
0.000161545
0.000110239
0.000161545
-0.000558865
-0.00076326
-0.000558865
-0.00076326
-0.00115021
-0.000981054
-0.00115021
-0.000981054
0.00032988
0.000218975
0.00032988
0.000218975
9.09725e-14
-3.77403e-14
1.34238e-13
1.09508e-13
6.25714e-06
-4.30338e-06
6.25714e-06
-4.30338e-06
-0.000317256
-0.000429315
-0.000317256
-0.000429315
-7.34685e-06
-4.86009e-06
-7.34685e-06
-4.86009e-06
-2.11302e-13
3.83364e-14
6.86586e-14
1.1478e-13
-0.000844259
-0.000458699
-0.000844259
-0.000458699
-3.82257e-12
-2.41424e-12
-1.98439e-12
-1.1923e-12
0.00067055
0.000803923
0.00067055
0.000803923
-0.00087789
-0.000562057
-0.00087789
-0.000562057
-0.00158906
-0.00193654
-0.00158906
-0.00193654
1.69831e-13
-5.90519e-13
1.43758e-12
4.21439e-13
-0.000811124
0.0047169
-0.000811124
0.0047169
-4.71331e-12
-9.70927e-13
-3.09884e-12
6.88277e-13
0.0308448
0.0278027
0.0308448
0.0278027
-0.000351882
0.00313691
-0.000351882
0.00313691
-5.29854e-12
-3.37301e-12
-7.60714e-12
-4.23038e-12
-0.000469418
-0.00101603
-0.000469418
-0.00101603
0.00245381
0.00219682
0.00245381
0.00219682
-0.00147878
-0.000576804
-0.00147878
-0.000576804
-8.42164e-12
-6.07399e-12
-7.44185e-12
-5.19835e-12
0.0300008
0.0298382
0.0300008
0.0298382
-0.000129829
-0.00272473
-0.000129829
-0.00272473
-6.92327e-12
-9.75475e-12
-2.17564e-12
-7.85955e-12
0.0275761
0.031166
0.0275761
0.031166
0.00231416
-0.00548431
0.00231416
-0.00548431
-5.61416e-13
-2.87141e-12
-9.21373e-13
-3.2765e-12
-9.35995e-05
-0.000116612
-9.35995e-05
-0.000116612
0.000417687
0.000528332
0.000417687
0.000528332
-1.83367e-12
-3.2401e-12
-1.80075e-12
-1.8447e-12
3.25548e-05
2.58425e-05
3.25548e-05
2.58425e-05
0.00124661
0.00113015
0.00124661
0.00113015
-2.89526e-13
-1.01462e-12
-9.07047e-14
-8.7651e-13
9.7775e-06
-5.77203e-06
9.7775e-06
-5.77203e-06
0
0
0
0
0.000110239
0.000161545
0.000110239
0.000161545
-0.000558865
-0.00076326
-0.000558865
-0.00076326
-0.00115021
-0.000981054
-0.00115021
-0.000981054
0.00032988
0.000218975
0.00032988
0.000218975
0
0
0
0
6.25714e-06
-4.30338e-06
6.25714e-06
-4.30338e-06
-0.000317256
-0.000429315
-0.000317256
-0.000429315
-7.34685e-06
-4.86009e-06
-7.34685e-06
-4.86009e-06
0
0
0
0
-0.000844259
-0.000458699
-0.000844259
-0.000458699
0
0
0
0
0.00067055
0.000803923
0.00067055
0.000803923
-0.00087789
-0.000562057
-0.00087789
-0.000562057
-0.00158906
-0.00193654
-0.00158906
-0.00193654
0
0
0
0
-0.000811124
0.0047169
-0.000811124
0.0047169
0
0
0
0
0.0308448
0.0278027
0.0308448
0.0278027
-0.000351882
0.00313691
-0.000351882
0.00313691
0
0
0
0
-0.000469418
-0.00101603
-0.000469418
-0.00101603
0.00245381
0.00219682
0.00245381
0.00219682
-0.00147878
-0.000576804
-0.00147878
-0.000576804
0
0
0
0
0.0300008
0.0298382
0.0300008
0.0298382
-0.000129829
-0.00272473
-0.000129829
-0.00272473
0
0
0
0
0.0275761
0.031166
0.0275761
0.031166
0.00231416
-0.00548431
0.00231416
-0.00548431
0
0
0
0
-9.35995e-05
-0.000116612
-9.35995e-05
-0.000116612
0.000417687
0.000528332
0.000417687
0.000528332
0
0
0
0
3.25548e-05
2.58425e-05
3.25548e-05
2.58425e-05
0.00124661
0.00113015
0.00124661
0.00113015
0
0
0
0
9.77751e-06
-5.77203e-06
9.7775e-06
-5.77203e-06
-3.51098e-12
-1.78229e-12
-2.76099e-12
-1.45103e-12
0.000738136
0.000783404
0.000738136
0.000783404
0.00149047
0.00157009
0.00149047
0.00157009
-0.0008886
-0.000584628
-0.0008886
-0.000584628
-0.00158634
-0.00200016
-0.00158634
-0.00200016
0
0
0
0
-1.50624e-12
-1.26535e-12
-9.81521e-13
-8.00282e-13
0.00145294
0.00147303
0.00145294
0.00147303
-0.000823555
0.00534996
-0.000823555
0.00534996
0
0
0
0
-5.77195e-12
-3.2739e-12
-5.18345e-12
-2.30456e-12
0.0306006
0.0285305
0.0306006
0.0285305
-0.000340824
0.00316004
-0.000340824
0.00316004
0
0
0
0
-5.96755e-13
-1.11422e-12
-4.46491e-13
-2.22688e-12
-0.000465559
-0.0010363
-0.000465559
-0.0010363
0.00244578
0.00218842
0.00244578
0.00218842
-0.00149505
-0.00057775
-0.00149505
-0.00057775
0
0
0
0
-2.1203e-13
-3.71102e-12
2.2663e-13
-2.96872e-12
0.0299334
0.0298807
0.0299334
0.0298807
-0.000123729
-0.0026907
-0.000123729
-0.0026907
0
0
0
0
-1.71014e-12
6.30684e-13
-2.91413e-12
8.75126e-13
0.0268065
0.0313938
0.0268065
0.0313938
0.00218065
-0.004736
0.00218065
-0.004736
0
0
0
0
-2.54653e-13
-1.66473e-12
-1.44362e-13
-7.32606e-13
0.000100591
-2.04625e-05
0.000100591
-2.04625e-05
1.11096e-05
-9.5781e-06
1.11096e-05
-9.5781e-06
0.000350147
0.000464355
0.000350147
0.000464355
0
0
0
0
-2.92134e-13
-1.49136e-12
-2.00287e-13
-1.71656e-12
4.69325e-05
-3.26609e-05
4.69325e-05
-3.26609e-05
0.000722929
0.00028864
0.000722929
0.00028864
0
0
0
0
-9.91312e-15
-2.0127e-13
-3.04528e-14
-1.84443e-13
1.06138e-05
-4.95019e-06
1.06138e-05
-4.95019e-06
8.63614e-06
-1.15976e-05
8.63614e-06
-1.15976e-05
0
0
0
0
-6.15431e-13
-9.99959e-13
-6.79463e-14
-1.63875e-13
0.000240607
0.000200697
0.000240607
0.000200697
0.000129568
9.57267e-05
0.000129568
9.57267e-05
0
0
0
0
4.29675e-14
-7.92268e-14
-2.53141e-15
1.05482e-13
-0.000308664
-0.000259067
-0.000308664
-0.000259067
0
0
0
0
-3.65445e-13
-1.30383e-14
-2.92748e-13
-4.77378e-14
0
0
0
0
8.3226e-13
8.41037e-13
3.8171e-13
4.14229e-13
0.000738136
0.000783404
0.000738136
0.000783405
0.00149047
0.00157009
0.00149047
0.00157009
-0.0008886
-0.000584628
-0.0008886
-0.000584628
-0.00158634
-0.00200016
-0.00158634
-0.00200016
-4.66113e-14
-7.15549e-15
-5.52883e-13
-9.24347e-13
0.00145294
0.00147303
0.00145294
0.00147303
-0.000823555
0.00534996
-0.000823555
0.00534996
9.41617e-13
3.61291e-13
3.68703e-13
3.65384e-13
0.0306006
0.0285305
0.0306006
0.0285305
-0.000340824
0.00316004
-0.000340824
0.00316004
9.10042e-13
8.32499e-13
1.58487e-12
1.10976e-12
-0.000465559
-0.0010363
-0.000465559
-0.0010363
0.00244578
0.00218842
0.00244578
0.00218842
-0.00149505
-0.00057775
-0.00149505
-0.00057775
1.99685e-12
1.5265e-12
1.89869e-12
1.25051e-12
0.0299334
0.0298807
0.0299334
0.0298807
-0.000123729
-0.0026907
-0.000123729
-0.0026907
8.35368e-13
1.8797e-12
1.29977e-12
1.46415e-12
0.0268065
0.0313938
0.0268065
0.0313938
0.00218065
-0.004736
0.00218065
-0.004736
4.14016e-13
8.75625e-13
2.65162e-13
7.31341e-13
0.000100591
-2.04625e-05
0.000100591
-2.04625e-05
1.11096e-05
-9.5781e-06
1.11096e-05
-9.5781e-06
0.000350147
0.000464355
0.000350147
0.000464355
2.48474e-13
1.13518e-12
7.0774e-13
1.81581e-12
4.69325e-05
-3.26609e-05
4.69325e-05
-3.26609e-05
0.000722929
0.00028864
0.000722929
0.00028864
3.12507e-13
1.88279e-13
2.50686e-13
1.40568e-14
1.06138e-05
-4.95019e-06
1.06138e-05
-4.95019e-06
8.63614e-06
-1.15976e-05
8.63614e-06
-1.15976e-05
3.73892e-13
8.42493e-13
1.86043e-13
2.47389e-13
0.000240607
0.000200697
0.000240607
0.000200697
0.000129568
9.57267e-05
0.000129568
9.57267e-05
1.37275e-13
1.51791e-13
1.58617e-13
2.29851e-13
-0.000308664
-0.000259067
-0.000308664
-0.000259067
2.64424e-13
1.88571e-13
-4.61252e-13
5.84096e-14
0
0
0
0
0.000738136
0.000783404
0.000738136
0.000783404
0.00149047
0.00157009
0.00149047
0.00157009
-0.0008886
-0.000584628
-0.0008886
-0.000584628
-0.00158634
-0.00200016
-0.00158634
-0.00200016
0
0
0
0
0.00145294
0.00147303
0.00145294
0.00147303
-0.000823555
0.00534996
-0.000823555
0.00534996
0
0
0
0
0.0306006
0.0285305
0.0306006
0.0285305
-0.000340824
0.00316004
-0.000340824
0.00316004
0
0
0
0
-0.000465559
-0.0010363
-0.000465559
-0.0010363
0.00244578
0.00218842
0.00244578
0.00218842
-0.00149505
-0.00057775
-0.00149505
-0.00057775
0
0
0
0
0.0299334
0.0298807
0.0299334
0.0298807
-0.000123729
-0.0026907
-0.000123729
-0.0026907
0
0
0
0
0.0268065
0.0313938
0.0268065
0.0313938
0.00218065
-0.004736
0.00218065
-0.004736
0
0
0
0
0.000100591
-2.04625e-05
0.000100591
-2.04625e-05
1.11096e-05
-9.5781e-06
1.11096e-05
-9.5781e-06
0.000350147
0.000464355
0.000350147
0.000464355
0
0
0
0
4.69325e-05
-3.26609e-05
4.69325e-05
-3.26609e-05
0.000722929
0.00028864
0.000722929
0.00028864
0
0
0
0
1.06138e-05
-4.95019e-06
1.06138e-05
-4.95019e-06
8.63614e-06
-1.15976e-05
8.63614e-06
-1.15976e-05
0
0
0
0
0.000240607
0.000200697
0.000240607
0.000200697
0.000129568
9.57267e-05
0.000129568
9.57267e-05
0
0
0
0
-0.000308664
-0.000259067
-0.000308664
-0.000259067
0
0
0
0
9.79184e-14
1.54238e-13
5.12156e-14
6.99122e-15
0.000110239
0.000161545
0.000110239
0.000161545
-0.000558865
-0.00076326
-0.000558865
-0.00076326
-0.00115021
-0.000981054
-0.00115021
-0.000981054
0.00032988
0.000218975
0.00032988
0.000218975
0
0
0
0
3.79491e-14
9.46901e-14
8.43438e-14
2.01498e-13
-0.000317256
-0.000429315
-0.000317256
-0.000429315
-7.34685e-06
-4.86009e-06
-7.34685e-06
-4.86009e-06
0
0
0
0
1.06581e-13
1.80597e-14
2.54094e-14
4.26889e-14
-0.000844259
-0.000458699
-0.000844259
-0.000458699
0
0
0
0
7.52581e-13
3.7006e-13
8.96811e-13
6.3827e-13
0.00067055
0.000803923
0.00067055
0.000803923
-0.00087789
-0.000562057
-0.00087789
-0.000562057
-0.00158906
-0.00193654
-0.00158906
-0.00193654
0
0
0
0
9.18404e-13
4.10717e-13
3.29668e-13
1.99123e-13
-0.000811124
0.0047169
-0.000811124
0.0047169
0
0
0
0
1.2253e-12
1.13768e-12
9.77925e-13
1.83038e-12
0.0308448
0.0278027
0.0308448
0.0278027
-0.000351882
0.00313691
-0.000351882
0.00313691
0
0
0
0
-8.41462e-13
-4.36106e-13
-2.28709e-12
-1.92651e-13
-0.000469418
-0.00101603
-0.000469418
-0.00101603
0.00245381
0.00219682
0.00245381
0.00219682
-0.00147878
-0.000576804
-0.00147878
-0.000576804
0
0
0
0
-2.59254e-12
-9.51989e-14
-2.6345e-12
1.11124e-13
0.0300008
0.0298382
0.0300008
0.0298382
-0.000129829
-0.00272473
-0.000129829
-0.00272473
0
0
0
0
4.65947e-13
-2.95453e-12
3.35261e-12
-1.72015e-12
0.0275761
0.031166
0.0275761
0.031166
0.00231416
-0.00548431
0.00231416
-0.00548431
0
0
0
0
1.12079e-13
-2.87771e-13
8.70106e-14
2.51607e-14
-9.35995e-05
-0.000116612
-9.35995e-05
-0.000116612
0.000417687
0.000528332
0.000417687
0.000528332
0
0
0
0
4.22566e-13
1.20568e-12
5.86871e-13
9.14278e-13
0.00124661
0.00113015
0.00124661
0.00113015
0
0
0
0
1.04546e-13
2.66527e-13
3.26568e-13
4.74047e-13
0
0
0
0
-6.29001e-13
-1.55113e-12
-4.05842e-14
-3.72423e-13
0.000110239
0.000161545
0.000110239
0.000161545
-0.000558865
-0.00076326
-0.000558865
-0.00076326
-0.00115021
-0.000981054
-0.00115021
-0.000981054
0.00032988
0.000218975
0.00032988
0.000218975
1.12001e-13
-1.01752e-13
1.95588e-13
1.42166e-13
-0.000317256
-0.000429315
-0.000317256
-0.000429315
-7.34685e-06
-4.86009e-06
-7.34685e-06
-4.86009e-06
-2.12349e-13
1.27841e-13
1.3096e-13
2.49667e-13
-0.000844259
-0.000458699
-0.000844259
-0.000458699
-3.25743e-12
-2.19334e-12
-1.13879e-12
-1.05585e-12
0.00067055
0.000803923
0.00067055
0.000803923
-0.00087789
-0.000562057
-0.00087789
-0.000562057
-0.00158906
-0.00193654
-0.00158906
-0.00193654
1.13462e-12
-3.22023e-13
2.33995e-12
8.03316e-13
-0.000811124
0.0047169
-0.000811124
0.0047169
-4.11211e-12
2.13374e-13
-2.05545e-12
1.81958e-12
0.0308448
0.0278027
0.0308448
0.0278027
-0.000351882
0.00313691
-0.000351882
0.00313691
-4.45371e-12
-2.93057e-12
-5.85117e-12
-3.518e-12
-0.000469418
-0.00101603
-0.000469418
-0.00101603
0.00245381
0.00219682
0.00245381
0.00219682
-0.00147878
-0.000576804
-0.00147878
-0.000576804
-5.97561e-12
-4.99059e-12
-4.85952e-12
-4.43274e-12
0.0300008
0.0298382
0.0300008
0.0298382
-0.000129829
-0.00272473
-0.000129829
-0.00272473
-6.53816e-12
-7.30764e-12
-3.00388e-12
-5.98374e-12
0.0275761
0.031166
0.0275761
0.031166
0.00231416
-0.00548431
0.00231416
-0.00548431
-6.53108e-13
-2.78796e-12
-9.50882e-13
-3.08826e-12
-9.35995e-05
-0.000116612
-9.35995e-05
-0.000116612
0.000417687
0.000528332
0.000417687
0.000528332
-1.81208e-12
-3.16576e-12
-2.0866e-12
-2.43351e-12
0.00124661
0.00113015
0.00124661
0.00113015
-3.72423e-13
-9.92714e-13
-1.03876e-13
-9.68781e-13
0
0
0
0
0.000110239
0.000161545
0.000110239
0.000161545
-0.000558865
-0.00076326
-0.000558865
-0.00076326
-0.00115021
-0.000981054
-0.00115021
-0.000981054
0.00032988
0.000218975
0.00032988
0.000218975
0
0
0
0
-0.000317256
-0.000429315
-0.000317256
-0.000429315
-7.34685e-06
-4.86009e-06
-7.34685e-06
-4.86009e-06
0
0
0
0
-0.000844259
-0.000458699
-0.000844259
-0.000458699
0
0
0
0
0.00067055
0.000803923
0.00067055
0.000803923
-0.00087789
-0.000562057
-0.00087789
-0.000562057
-0.00158906
-0.00193654
-0.00158906
-0.00193654
0
0
0
0
-0.000811124
0.0047169
-0.000811124
0.0047169
0
0
0
0
0.0308448
0.0278027
0.0308448
0.0278027
-0.000351882
0.00313691
-0.000351882
0.00313691
0
0
0
0
-0.000469418
-0.00101603
-0.000469418
-0.00101603
0.00245381
0.00219682
0.00245381
0.00219682
-0.00147878
-0.000576804
-0.00147878
-0.000576804
0
0
0
0
0.0300008
0.0298382
0.0300008
0.0298382
-0.000129829
-0.00272473
-0.000129829
-0.00272473
0
0
0
0
0.0275761
0.031166
0.0275761
0.031166
0.00231416
-0.00548431
0.00231416
-0.00548431
0
0
0
0
-9.35995e-05
-0.000116612
-9.35995e-05
-0.000116612
0.000417687
0.000528332
0.000417687
0.000528332
0
0
0
0
0.00124661
0.00113015
0.00124661
0.00113015
0
0
0
0
-7.1449e-06
-0.000254082
-7.14481e-06
-0.000254082
1.86524e-11
7.79166e-12
2.68463e-11
1.82712e-11
0
0
0
0
0.0291528
0.0291528
0.0298084
0.0298084
-0.000103616
0.000146323
-0.000103616
0.000146323
6.3911e-07
-8.22835e-06
6.39106e-07
-8.22828e-06
8.59454e-12
1.64675e-11
1.51673e-11
2.24216e-11
0
0
0
0
0.0294214
0.0294214
0.0296492
0.0296492
-3.53302e-05
-6.23225e-05
-3.53302e-05
-6.23225e-05
2.61748e-07
5.69613e-07
2.61731e-07
5.69623e-07
1.43099e-12
3.10834e-12
-7.20804e-12
2.37466e-11
0
0
0
0
0.0294815
0.0294815
0.0296256
0.0296256
-4.83159e-06
-2.09582e-05
-4.83159e-06
-2.09583e-05
-7.14474e-06
-0.000254082
-7.1447e-06
-0.000254082
2.17853e-11
-1.51249e-11
1.02057e-11
-1.41366e-11
0.0291528
0.0291528
0.0298084
0.0298084
-0.000103616
0.000146322
-0.000103616
0.000146322
6.39127e-07
-8.22821e-06
6.39096e-07
-8.22825e-06
2.92615e-11
2.11196e-12
4.61436e-12
3.33387e-11
0.0294214
0.0294214
0.0296492
0.0296492
-3.53302e-05
-6.23226e-05
-3.53302e-05
-6.23226e-05
2.61744e-07
5.69671e-07
2.61786e-07
5.69527e-07
-2.52585e-12
1.93787e-11
-1.18958e-11
4.73026e-11
0.0294815
0.0294815
0.0296256
0.0296256
-4.83156e-06
-2.09583e-05
-4.83159e-06
-2.09583e-05
-7.14466e-06
-0.000254082
-7.14466e-06
-0.000254082
0
0
0
0
0.0291528
0.0291528
0.0298084
0.0298084
-0.000103616
0.000146323
-0.000103616
0.000146322
6.39107e-07
-8.22826e-06
6.39077e-07
-8.22828e-06
0
0
0
0
0.0294214
0.0294214
0.0296492
0.0296492
-3.53302e-05
-6.23225e-05
-3.53302e-05
-6.23226e-05
2.61808e-07
5.69543e-07
2.61814e-07
5.6944e-07
0
0
0
0
0.0294815
0.0294815
0.0296256
0.0296256
-4.83155e-06
-2.09583e-05
-4.83157e-06
-2.09583e-05
2.58781e-11
-2.44604e-11
1.04829e-11
9.449e-12
0
0
0
0
0.0298969
0.0298969
0.0297996
0.0297996
0.00016535
2.04733e-05
0.00016535
2.04733e-05
4.86113e-12
2.46333e-11
1.76069e-11
2.30212e-11
0
0
0
0
0.0297437
0.0297437
0.0296758
0.0296758
6.48582e-05
0.000118509
6.48582e-05
0.000118509
1.17756e-11
2.31852e-11
1.80792e-11
8.25617e-12
0
0
0
0
0.0297065
0.0297065
0.0296506
0.0296506
9.23102e-06
3.89088e-05
9.23103e-06
3.89088e-05
1.79429e-11
2.03447e-12
1.7283e-11
-1.15692e-11
0.0298969
0.0298969
0.0297996
0.0297996
0.00016535
2.04733e-05
0.00016535
2.04733e-05
-3.83358e-12
3.46844e-11
8.44188e-12
1.53484e-11
0.0297437
0.0297437
0.0296758
0.0296758
6.48582e-05
0.000118509
6.48582e-05
0.000118509
-2.79347e-13
3.22549e-11
-2.42887e-11
1.64636e-11
0.0297065
0.0297065
0.0296506
0.0296506
9.231e-06
3.89089e-05
9.231e-06
3.89089e-05
0
0
0
0
0.0298969
0.0298969
0.0297996
0.0297996
0.00016535
2.04733e-05
0.00016535
2.04733e-05
0
0
0
0
0.0297437
0.0297437
0.0296758
0.0296758
6.48581e-05
0.000118509
6.48582e-05
0.000118509
0
0
0
0
0.0297065
0.0297065
0.0296506
0.0296506
9.23103e-06
3.89088e-05
9.23102e-06
3.89088e-05
7.33573e-12
2.1432e-11
-2.15581e-11
-4.11294e-12
0
0
0
0
0.029664
0.029664
0.0288867
0.0288867
1.20732e-05
0.000271122
1.20731e-05
0.000271122
-1.49299e-11
2.47172e-11
-1.42036e-12
-9.75325e-12
0
0
0
0
0.0295187
0.0295187
0.0292071
0.0292071
8.7304e-07
1.15028e-05
8.7303e-07
1.15027e-05
-3.62138e-11
5.4276e-11
1.62956e-11
-1.26693e-11
0
0
0
0
0.0294965
0.0294965
0.0292888
0.0292888
-5.32907e-08
3.16857e-07
-5.32971e-08
3.16864e-07
-2.89136e-12
2.85032e-12
4.41085e-13
-1.71646e-11
0.029664
0.029664
0.0288867
0.0288867
1.20732e-05
0.000271122
1.20732e-05
0.000271122
1.84047e-11
-1.0685e-11
1.29265e-12
-8.81956e-13
0.0295187
0.0295187
0.0292071
0.0292071
8.7305e-07
1.15028e-05
8.73047e-07
1.15028e-05
3.62211e-11
-6.24766e-13
1.58755e-12
2.12132e-11
0.0294965
0.0294965
0.0292888
0.0292888
-5.32581e-08
3.16825e-07
-5.32788e-08
3.16878e-07
0
0
0
0
0.029664
0.029664
0.0288867
0.0288867
1.20732e-05
0.000271122
1.20732e-05
0.000271122
0
0
0
0
0.0295187
0.0295187
0.0292071
0.0292071
8.73034e-07
1.15028e-05
8.73039e-07
1.15028e-05
0
0
0
0
0.0294965
0.0294965
0.0292888
0.0292888
-5.33071e-08
3.16887e-07
-5.32927e-08
3.16908e-07
-8.53405e-05
1.21151e-05
-8.53404e-05
1.21152e-05
-2.36088e-11
-5.82204e-11
9.33717e-12
3.07984e-11
0
0
0
0
0.0297382
0.0297382
0.0292055
0.0292055
-3.57852e-05
-6.67574e-05
-3.57851e-05
-6.67573e-05
8.04744e-12
9.72005e-12
3.51884e-11
-1.43412e-12
0
0
0
0
0.0296224
0.0296224
0.0294204
0.0294204
-4.96163e-06
-2.15523e-05
-4.96164e-06
-2.15523e-05
5.83792e-11
-7.67778e-12
3.28087e-11
-2.96324e-11
0
0
0
0
0.0296056
0.0296056
0.0294761
0.0294761
-8.53402e-05
1.21154e-05
-8.534e-05
1.21158e-05
-2.59089e-11
-2.00295e-11
7.1035e-12
2.80812e-12
0.0297382
0.0297382
0.0292055
0.0292055
-3.5785e-05
-6.67571e-05
-3.57849e-05
-6.67569e-05
-1.69633e-11
6.78171e-12
5.60424e-11
-2.87025e-11
0.0296224
0.0296224
0.0294204
0.0294204
-4.96167e-06
-2.15521e-05
-4.96171e-06
-2.1552e-05
2.7063e-11
-4.06032e-11
7.51495e-11
-9.25838e-11
0.0296056
0.0296056
0.0294761
0.0294761
-8.53398e-05
1.2116e-05
-8.53397e-05
1.21162e-05
0
0
0
0
0.0297382
0.0297382
0.0292055
0.0292055
-3.57848e-05
-6.67568e-05
-3.57848e-05
-6.67566e-05
0
0
0
0
0.0296224
0.0296224
0.0294204
0.0294204
-4.96174e-06
-2.15519e-05
-4.96176e-06
-2.15518e-05
0
0
0
0
0.0296056
0.0296056
0.0294761
0.0294761
0.00018163
-0.000119766
0.00018163
-0.000119766
-2.67554e-11
-4.3627e-12
2.38824e-11
1.63862e-11
0
0
0
0
0.0298444
0.0298444
0.0298353
0.0298353
6.34093e-05
0.0001123
6.34093e-05
0.0001123
-3.09541e-11
1.93007e-11
-1.11295e-11
3.15159e-11
0
0
0
0
0.0296865
0.0296865
0.0297189
0.0297189
8.94626e-06
3.77051e-05
8.94628e-06
3.77051e-05
-2.44949e-11
-1.38938e-12
-6.74243e-11
9.66613e-12
0
0
0
0
0.0296543
0.0296543
0.0296895
0.0296895
0.00018163
-0.000119766
0.00018163
-0.000119765
-5.74032e-12
5.07509e-12
1.3142e-11
6.16655e-11
0.0298444
0.0298444
0.0298353
0.0298353
6.34094e-05
0.0001123
6.34094e-05
0.0001123
3.85214e-12
8.28398e-12
-4.26934e-11
8.52478e-11
0.0296865
0.0296865
0.0297189
0.0297189
8.94637e-06
3.77049e-05
8.94636e-06
3.7705e-05
3.09251e-11
-2.59179e-11
-7.3609e-11
8.61881e-11
0.0296543
0.0296543
0.0296895
0.0296895
0.000181631
-0.000119765
0.000181631
-0.000119765
0
0
0
0
0.0298444
0.0298444
0.0298353
0.0298353
6.34095e-05
0.0001123
6.34095e-05
0.0001123
0
0
0
0
0.0296865
0.0296865
0.0297189
0.0297189
8.94641e-06
3.7705e-05
8.94641e-06
3.77051e-05
0
0
0
0
0.0296543
0.0296543
0.0296895
0.0296895
-1.20731e-05
-0.000271122
-1.2073e-05
-0.000271122
-1.07321e-11
-1.12814e-11
-1.77122e-11
3.58944e-11
0
0
0
0
0.0288283
0.0288283
0.0297177
0.0297177
-8.72886e-07
-1.15027e-05
-8.72882e-07
-1.15027e-05
-1.14532e-11
1.23017e-11
-6.68513e-11
-1.09982e-11
0
0
0
0
0.0292048
0.0292048
0.0295333
0.0295333
5.33497e-08
-3.16808e-07
5.33248e-08
-3.16792e-07
-9.21736e-12
5.01591e-12
8.96736e-12
5.66285e-12
0
0
0
0
0.0292908
0.0292908
0.0295058
0.0295058
-1.20729e-05
-0.000271122
-1.20728e-05
-0.000271121
-8.80995e-12
-1.10146e-11
-2.01546e-11
7.88677e-11
0.0288283
0.0288283
0.0297177
0.0297177
-8.72844e-07
-1.15026e-05
-8.728e-07
-1.15025e-05
5.8406e-12
5.70835e-12
-9.06908e-11
4.46348e-11
0.0292048
0.0292048
0.0295333
0.0295333
5.33481e-08
-3.1682e-07
5.33172e-08
-3.16716e-07
3.71466e-12
4.88988e-12
-3.25444e-11
1.84329e-11
0.0292908
0.0292908
0.0295058
0.0295058
-1.20726e-05
-0.000271121
-1.20725e-05
-0.000271121
0
0
0
0
0.0288283
0.0288283
0.0297177
0.0297177
-8.72737e-07
-1.15025e-05
-8.72701e-07
-1.15024e-05
0
0
0
0
0.0292048
0.0292048
0.0295333
0.0295333
5.33626e-08
-3.16776e-07
5.33601e-08
-3.16684e-07
0
0
0
0
0.0292908
0.0292908
0.0295058
0.0295058
0
0
0
0
0.0292888
0.0292888
0.0294965
0.0294965
2.16259e-11
-7.00815e-11
9.38196e-12
-1.82255e-11
-0.0292071
-0.0292071
-0.0295187
-0.0295187
-3.89086e-05
-9.23095e-06
-3.89086e-05
-9.23096e-06
0
0
0
0
3.23125e-11
-2.29041e-11
-5.83551e-11
-2.81911e-12
-0.0288867
-0.0288867
-0.029664
-0.029664
-0.000118508
-6.48578e-05
-0.000118509
-6.48578e-05
0
0
0
0
5.22012e-12
-2.63083e-11
-6.77638e-11
4.45887e-11
-2.0472e-05
-0.00016535
-2.04722e-05
-0.00016535
0.0292888
0.0292888
0.0294965
0.0294965
3.32115e-11
-6.99109e-11
-1.31645e-11
-1.20632e-12
-0.0292071
-0.0292071
-0.0295187
-0.0295187
-3.89086e-05
-9.23093e-06
-3.89086e-05
-9.23096e-06
2.43989e-11
-1.6794e-11
-6.79568e-11
-1.01972e-11
-0.0288867
-0.0288867
-0.029664
-0.029664
-0.000118509
-6.48577e-05
-0.000118509
-6.48578e-05
-4.62361e-12
-1.89724e-11
-6.4334e-11
2.39634e-11
-2.04723e-05
-0.00016535
-2.04726e-05
-0.00016535
0.0292888
0.0292888
0.0294965
0.0294965
0
0
0
0
-0.0292071
-0.0292071
-0.0295187
-0.0295187
-3.89086e-05
-9.23094e-06
-3.89086e-05
-9.23096e-06
0
0
0
0
-0.0288867
-0.0288867
-0.029664
-0.029664
-0.000118509
-6.48578e-05
-0.000118509
-6.48578e-05
0
0
0
0
-2.04728e-05
-0.00016535
-2.04729e-05
-0.00016535
0
0
0
0
0.0296506
0.0296506
0.0297065
0.0297065
-1.64225e-11
-1.87254e-11
2.94401e-12
3.43627e-11
-0.0296758
-0.0296758
-0.0297437
-0.0297437
2.09585e-05
4.8317e-06
2.09585e-05
4.83169e-06
0
0
0
0
-2.82626e-11
-1.76419e-11
2.4869e-11
6.16329e-11
-0.0297996
-0.0297996
-0.0298969
-0.0298969
6.23233e-05
3.53307e-05
6.23232e-05
3.53307e-05
0
0
0
0
-3.38555e-11
-1.38049e-11
1.57474e-11
7.60072e-11
-0.000146321
0.000103617
-0.000146321
0.000103617
0.0296506
0.0296506
0.0297065
0.0297065
-3.13985e-11
2.06542e-12
5.12018e-12
2.54614e-11
-0.0296758
-0.0296758
-0.0297437
-0.0297437
2.09586e-05
4.83167e-06
2.09585e-05
4.83166e-06
-3.11778e-11
-2.37045e-11
-1.05588e-11
4.71623e-11
-0.0297996
-0.0297996
-0.0298969
-0.0298969
6.23232e-05
3.53307e-05
6.23231e-05
3.53307e-05
-2.50685e-12
-1.73085e-11
-9.23439e-12
4.49965e-11
-0.000146321
0.000103617
-0.000146322
0.000103617
0.0296506
0.0296506
0.0297065
0.0297065
0
0
0
0
-0.0296758
-0.0296758
-0.0297437
-0.0297437
2.09586e-05
4.83164e-06
2.09585e-05
4.83164e-06
0
0
0
0
-0.0297996
-0.0297996
-0.0298969
-0.0298969
6.23231e-05
3.53307e-05
6.2323e-05
3.53306e-05
0
0
0
0
-0.000146322
0.000103617
-0.000146322
0.000103617
0
0
0
0
0.0296256
0.0296256
0.0294815
0.0294815
-6.83841e-12
7.99135e-11
5.61987e-11
6.78008e-11
-0.0296492
-0.0296492
-0.0294214
-0.0294214
5.70104e-07
2.61821e-07
5.70066e-07
2.61811e-07
0
0
0
0
6.58647e-11
7.83399e-11
2.48085e-11
9.22989e-11
-0.0298084
-0.0298084
-0.0291528
-0.0291528
-8.22722e-06
6.39771e-07
-8.22732e-06
6.39742e-07
0
0
0
0
3.51982e-11
3.1398e-11
4.02371e-11
6.93556e-11
-0.000254081
-7.14355e-06
-0.000254081
-7.14363e-06
0.0296256
0.0296256
0.0294815
0.0294815
3.64798e-12
5.22417e-11
-1.15656e-11
9.76812e-11
-0.0296492
-0.0296492
-0.0294214
-0.0294214
5.70021e-07
2.619e-07
5.69892e-07
2.61823e-07
4.04756e-11
4.00422e-11
-1.84161e-11
1.09391e-10
-0.0298084
-0.0298084
-0.0291528
-0.0291528
-8.22739e-06
6.39723e-07
-8.22763e-06
6.39647e-07
3.72229e-11
8.61458e-13
1.78328e-11
6.1053e-11
-0.000254081
-7.14375e-06
-0.000254081
-7.14393e-06
0.0296256
0.0296256
0.0294815
0.0294815
0
0
0
0
-0.0296492
-0.0296492
-0.0294214
-0.0294214
5.69748e-07
2.61904e-07
5.69598e-07
2.61881e-07
0
0
0
0
-0.0298084
-0.0298084
-0.0291528
-0.0291528
-8.22777e-06
6.39502e-07
-8.22795e-06
6.39461e-07
0
0
0
0
-0.000254081
-7.14413e-06
-0.000254081
-7.14424e-06
-1.90452e-11
-1.19442e-11
-3.20094e-11
-6.10893e-12
0.0292055
0.0292055
0.0297382
0.0297382
0
0
0
0
1.21166e-05
-8.53393e-05
1.21167e-05
-8.53392e-05
2.1839e-11
-4.82206e-11
8.57346e-12
-2.34071e-11
0.0294204
0.0294204
0.0296224
0.0296224
0
0
0
0
-6.67561e-05
-3.57844e-05
-6.6756e-05
-3.57843e-05
7.65743e-11
-7.421e-11
-4.29354e-12
-7.40577e-11
0.0294761
0.0294761
0.0296056
0.0296056
0
0
0
0
-2.15514e-05
-4.96173e-06
-2.15513e-05
-4.96178e-06
-3.00763e-11
7.94562e-13
-3.41487e-11
-4.01438e-11
0.0292055
0.0292055
0.0297382
0.0297382
1.21166e-05
-8.53392e-05
1.21166e-05
-8.53393e-05
-3.87146e-11
1.30429e-11
-5.78625e-12
-9.67601e-12
0.0294204
0.0294204
0.0296224
0.0296224
-6.67562e-05
-3.57844e-05
-6.67562e-05
-3.57844e-05
-3.95176e-11
6.48508e-11
4.58092e-12
-6.48618e-12
0.0294761
0.0294761
0.0296056
0.0296056
-2.15516e-05
-4.96162e-06
-2.15517e-05
-4.9616e-06
0
0
0
0
0.0292055
0.0292055
0.0297382
0.0297382
1.21167e-05
-8.53392e-05
1.21167e-05
-8.53392e-05
0
0
0
0
0.0294204
0.0294204
0.0296224
0.0296224
-6.67561e-05
-3.57844e-05
-6.67562e-05
-3.57844e-05
0
0
0
0
0.0294761
0.0294761
0.0296056
0.0296056
-2.15516e-05
-4.9616e-06
-2.15517e-05
-4.96158e-06
-4.01838e-11
-2.07883e-11
-2.05193e-11
-1.49386e-12
0.0298353
0.0298353
0.0298444
0.0298444
0
0
0
0
-0.000119765
0.000181631
-0.000119765
0.000181631
-1.40574e-11
-4.355e-11
-3.17699e-11
4.60204e-11
0.0297189
0.0297189
0.0296865
0.0296865
0
0
0
0
0.0001123
6.34097e-05
0.0001123
6.34098e-05
5.17216e-11
1.25503e-11
3.71454e-11
-5.58262e-12
0.0296895
0.0296895
0.0296543
0.0296543
0
0
0
0
3.77052e-05
8.94647e-06
3.77051e-05
8.94653e-06
-1.24821e-11
-4.25798e-11
-4.45319e-11
-5.996e-11
0.0298353
0.0298353
0.0298444
0.0298444
-0.000119765
0.000181631
-0.000119765
0.000181631
3.13076e-11
-8.48603e-11
-7.39697e-11
-2.03345e-11
0.0297189
0.0297189
0.0296865
0.0296865
0.0001123
6.34096e-05
0.0001123
6.34096e-05
4.55765e-11
-5.86782e-11
8.26615e-12
-2.1829e-11
0.0296895
0.0296895
0.0296543
0.0296543
3.77052e-05
8.94639e-06
3.77052e-05
8.94643e-06
0
0
0
0
0.0298353
0.0298353
0.0298444
0.0298444
-0.000119765
0.000181631
-0.000119765
0.000181631
0
0
0
0
0.0297189
0.0297189
0.0296865
0.0296865
0.0001123
6.34096e-05
0.0001123
6.34096e-05
0
0
0
0
0.0296896
0.0296896
0.0296543
0.0296543
3.77051e-05
8.94644e-06
3.77051e-05
8.94643e-06
-5.19949e-12
-2.58415e-11
1.96447e-11
-2.74689e-11
0.0297177
0.0297177
0.0288283
0.0288283
0
0
0
0
-1.75598e-11
-6.3804e-11
-2.20508e-11
-1.16405e-11
0.0295333
0.0295333
0.0292048
0.0292048
0
0
0
0
6.14853e-11
-5.37685e-11
-5.2325e-11
3.95327e-11
0.0295058
0.0295058
0.0292908
0.0292908
0
0
0
0
-7.2822e-11
-4.95607e-11
-2.32774e-11
-1.03231e-11
0.0297177
0.0297177
0.0288283
0.0288283
-5.55131e-11
-8.05457e-12
-2.00618e-11
-5.49332e-12
0.0295333
0.0295333
0.0292048
0.0292048
-3.36415e-12
4.84311e-11
-2.03033e-11
-1.09051e-11
0.0295058
0.0295058
0.0292908
0.0292908
0
0
0
0
0.0297177
0.0297177
0.0288283
0.0288283
0
0
0
0
0.0295333
0.0295333
0.0292048
0.0292048
0
0
0
0
0.0295058
0.0295058
0.0292908
0.0292908
0.00212141
0.00204771
0.00212141
0.00204771
-0.000733919
-0.000864087
-0.000733919
-0.000864087
-1.35028e-12
-6.73152e-13
-1.32746e-12
-5.60843e-13
0.00161692
0.00207054
0.00161692
0.00207054
9.71142e-05
-0.000602623
9.71142e-05
-0.000602623
-7.15336e-13
-5.9229e-13
-9.12436e-13
-6.90735e-13
-0.00515528
0.00108792
-0.00515528
0.00108792
-0.0034125
-0.00277298
-0.0034125
-0.00277298
-1.93555e-12
-1.41481e-12
-2.32383e-12
-1.65042e-12
0.000919843
0.00135597
0.000919843
0.00135597
0.0018456
0.00227498
0.0018456
0.00227498
1.72421e-12
-1.6973e-13
1.6219e-12
3.80466e-13
-0.000487807
2.01121e-05
-0.000487807
2.01121e-05
-0.00560531
-0.00430771
-0.00560531
-0.00430771
1.6975e-12
-9.14397e-13
1.606e-12
-7.61691e-13
0.00627315
-0.0012021
0.00627315
-0.0012021
-0.00146397
-0.00447055
-0.00146397
-0.00447055
6.77698e-13
2.60587e-12
1.96849e-12
3.03079e-12
-0.00122592
-0.00105179
-0.00122592
-0.00105179
6.69971e-06
6.76273e-05
6.69971e-06
6.76273e-05
2.2136e-13
1.22034e-12
4.70244e-14
3.76121e-13
-0.00186871
-0.00176123
-0.00186871
-0.00176123
-7.52805e-05
0.000298474
-7.52805e-05
0.000298474
6.2463e-13
1.14638e-12
4.04536e-13
1.18559e-12
-0.000155829
-0.000202064
-0.000155829
-0.000202064
-0.000134857
-0.000394796
-0.000134857
-0.000394796
2.48809e-16
1.61796e-13
6.41628e-14
2.04032e-13
-3.10044e-07
1.01323e-05
-3.10043e-07
1.01323e-05
-0.000666877
-0.000655488
-0.000666877
-0.000655488
-2.90047e-14
-1.6416e-14
-3.12984e-13
-1.91355e-13
9.90491e-05
0.000138184
9.90491e-05
0.000138184
-0.000119903
-9.25149e-05
-0.000119903
-9.25149e-05
2.36806e-14
3.22467e-14
2.3962e-14
1.79414e-15
0.000668822
0.000728483
0.000668822
0.000728483
-0.000150238
-8.00094e-05
-0.000150238
-8.00094e-05
2.69479e-14
3.64878e-14
-1.52515e-13
1.32163e-14
0.00212141
0.00204771
0.00212141
0.00204771
-0.000733919
-0.000864087
-0.000733919
-0.000864087
-4.60742e-13
-2.50544e-14
3.67194e-14
1.13057e-13
0.00161692
0.00207054
0.00161692
0.00207054
9.71142e-05
-0.000602623
9.71142e-05
-0.000602623
-4.59728e-13
-5.10505e-13
-6.17504e-13
-3.44367e-13
-0.00515528
0.00108792
-0.00515528
0.00108792
-0.0034125
-0.00277298
-0.0034125
-0.00277298
-1.9124e-13
-7.98422e-13
-1.76043e-13
-8.01698e-13
0.000919843
0.00135597
0.000919843
0.00135597
0.0018456
0.00227498
0.0018456
0.00227498
1.18327e-13
-2.13016e-14
4.51763e-13
7.54636e-14
-0.000487807
2.01121e-05
-0.000487807
2.01121e-05
-0.00560531
-0.00430771
-0.00560531
-0.00430771
2.76732e-13
3.63398e-14
1.86424e-13
-2.55052e-14
0.00627315
-0.0012021
0.00627315
-0.0012021
-0.00146397
-0.00447055
-0.00146397
-0.00447055
1.22951e-12
9.37263e-13
1.22805e-12
7.95528e-13
-0.00122592
-0.00105179
-0.00122592
-0.00105179
6.69971e-06
6.76273e-05
6.69971e-06
6.76273e-05
3.13664e-13
7.80571e-13
3.26751e-13
4.35776e-13
-0.00186871
-0.00176123
-0.00186871
-0.00176123
-7.52805e-05
0.000298474
-7.52805e-05
0.000298474
7.9894e-13
1.99877e-12
4.71711e-13
1.29266e-12
-0.000155829
-0.000202064
-0.000155829
-0.000202064
-0.000134857
-0.000394796
-0.000134857
-0.000394796
1.03781e-13
1.28321e-13
1.92528e-13
2.4772e-13
-3.10043e-07
1.01323e-05
-3.10043e-07
1.01323e-05
-0.000666877
-0.000655488
-0.000666877
-0.000655488
9.95333e-14
1.51417e-13
8.47341e-14
2.72749e-13
9.90491e-05
0.000138184
9.90491e-05
0.000138184
-0.000119903
-9.25149e-05
-0.000119903
-9.25149e-05
6.62288e-14
1.00129e-13
8.62437e-14
8.57783e-14
0.000668822
0.000728483
0.000668822
0.000728483
-0.000150238
-8.00094e-05
-0.000150238
-8.00094e-05
-2.55717e-13
-2.59197e-14
-3.14837e-14
7.36856e-14
0.00212141
0.00204771
0.00212141
0.00204771
-0.000733919
-0.000864087
-0.000733919
-0.000864087
-9.19196e-13
-2.23823e-13
-4.75796e-14
4.12594e-13
0.00161692
0.00207054
0.00161692
0.00207054
9.71142e-05
-0.000602623
9.71142e-05
-0.000602623
-1.00387e-12
-9.8931e-13
-8.14691e-13
-5.02956e-13
-0.00515528
0.00108792
-0.00515528
0.00108792
-0.0034125
-0.00277298
-0.0034125
-0.00277298
-9.63448e-13
-7.76957e-13
-8.32329e-13
-1.15428e-12
0.000919843
0.00135597
0.000919843
0.00135597
0.0018456
0.00227498
0.0018456
0.00227498
2.00912e-12
7.83569e-13
1.61674e-12
9.01362e-13
-0.000487807
2.01121e-05
-0.000487807
2.01121e-05
-0.00560531
-0.00430771
-0.00560531
-0.00430771
1.62004e-12
4.24561e-13
2.02486e-12
7.5819e-13
0.00627315
-0.0012021
0.00627315
-0.0012021
-0.00146397
-0.00447055
-0.00146397
-0.00447055
1.70429e-12
1.73602e-12
2.26444e-12
2.47897e-12
-0.00122592
-0.00105179
-0.00122592
-0.00105179
6.69971e-06
6.76273e-05
6.69971e-06
6.76273e-05
5.33378e-13
1.70098e-12
4.86194e-13
1.54809e-12
-0.00186871
-0.00176123
-0.00186871
-0.00176123
-7.52805e-05
0.000298474
-7.52805e-05
0.000298474
9.26903e-13
1.91142e-12
8.3399e-13
2.03858e-12
-0.000155829
-0.000202064
-0.000155829
-0.000202064
-0.000134857
-0.000394796
-0.000134857
-0.000394796
2.44335e-13
4.59491e-13
3.35611e-13
4.75741e-13
-3.10044e-07
1.01323e-05
-3.10044e-07
1.01323e-05
-0.000666877
-0.000655488
-0.000666877
-0.000655488
1.28975e-13
2.66601e-13
7.93637e-14
5.4149e-13
9.90491e-05
0.000138184
9.90491e-05
0.000138184
-0.000119903
-9.25149e-05
-0.000119903
-9.25149e-05
1.82561e-13
1.83255e-13
1.34374e-13
2.12017e-13
0.000668822
0.000728483
0.000668822
0.000728483
-0.000150238
-8.00094e-05
-0.000150238
-8.00094e-05
-3.92824e-13
1.14481e-13
-1.60934e-13
9.11602e-14
-0.000353937
-0.000516277
-0.000353937
-0.000516277
-0.000386806
-0.000529718
-0.000386806
-0.000529718
-9.95885e-14
-1.23931e-13
-2.3629e-15
-3.94253e-13
-9.60719e-05
-0.000139333
-9.60719e-05
-0.000139333
-6.76998e-05
-8.76393e-05
-6.76998e-05
-8.76393e-05
-3.18578e-14
-8.74817e-14
-5.74869e-14
-5.81332e-14
0.000147534
0.000190917
0.000147534
0.000190917
-0.000298681
-0.0001003
-0.000298681
-0.0001003
1.99794e-13
-1.27899e-14
1.20838e-13
-2.3286e-14
0.00191771
0.00187518
0.00191771
0.00187518
-0.000829532
-0.000958541
-0.000829532
-0.000958541
8.71896e-13
2.93177e-13
-2.14762e-13
-3.60664e-13
0.00192766
0.0017845
0.00192766
0.0017845
0.000212403
-0.000466572
0.000212403
-0.000466572
1.37782e-12
7.66479e-13
9.59477e-13
4.5138e-13
-0.00517719
0.00102221
-0.00517719
0.00102221
-0.00349419
-0.00275439
-0.00349419
-0.00275439
8.80845e-13
9.34692e-13
4.12896e-13
1.01565e-12
0.000916813
0.00135394
0.000916813
0.00135394
0.00185449
0.00227085
0.00185449
0.00227085
-2.67631e-12
-1.229e-12
-1.30258e-12
-1.03555e-12
-0.000491102
1.77027e-05
-0.000491102
1.77027e-05
-0.0056152
-0.00431062
-0.0056152
-0.00431062
-2.81737e-12
-1.00988e-12
-3.09376e-12
-1.53348e-12
0.00625841
-0.00126721
0.00625841
-0.00126721
-0.00145324
-0.00440042
-0.00145324
-0.00440042
1.02906e-12
-2.01784e-12
-5.67277e-13
-2.99448e-12
-0.00134679
-0.0012243
-0.00134679
-0.0012243
0.000418032
0.000487051
0.000418032
0.000487051
-8.46424e-14
-4.79676e-13
-1.31647e-13
-8.74014e-13
-0.00159913
-0.00219331
-0.00159913
-0.00219331
-0.000147847
0.000141778
-0.000147847
0.000141778
1.52077e-13
3.98678e-13
-4.12385e-15
1.10525e-13
-0.000685109
-0.000768014
-0.000685109
-0.000768014
-0.000209489
-0.000375962
-0.000209489
-0.000375962
-3.1714e-14
6.56713e-14
-6.16698e-14
-1.70192e-14
-0.000353937
-0.000516277
-0.000353937
-0.000516277
-0.000386806
-0.000529718
-0.000386806
-0.000529718
-1.77211e-13
-3.80601e-13
-3.82066e-13
-1.079e-12
-9.60719e-05
-0.000139333
-9.60719e-05
-0.000139333
-6.76998e-05
-8.76393e-05
-6.76998e-05
-8.76393e-05
3.48522e-15
-9.62235e-14
-5.17698e-14
-2.15607e-13
0.000147534
0.000190917
0.000147534
0.000190917
-0.000298681
-0.0001003
-0.000298681
-0.0001003
7.16605e-14
2.43015e-14
-1.44686e-13
-7.80517e-14
0.00191771
0.00187518
0.00191771
0.00187518
-0.000829532
-0.000958541
-0.000829532
-0.000958541
-2.55536e-13
-5.17714e-13
-2.02695e-12
-1.48532e-12
0.00192766
0.0017845
0.00192766
0.0017845
0.000212403
-0.000466572
0.000212403
-0.000466572
1.85409e-12
6.92882e-13
9.12402e-13
-2.11906e-14
-0.00517719
0.00102221
-0.00517719
0.00102221
-0.00349419
-0.00275439
-0.00349419
-0.00275439
-7.41276e-13
1.39332e-12
-1.82667e-12
5.41908e-13
0.000916813
0.00135394
0.000916813
0.00135394
0.00185449
0.00227085
0.00185449
0.00227085
-4.41853e-12
-2.68533e-12
-2.86792e-12
-2.16317e-12
-0.000491102
1.77027e-05
-0.000491102
1.77027e-05
-0.0056152
-0.00431062
-0.0056152
-0.00431062
-4.24743e-12
-2.99303e-12
-4.83783e-12
-3.67693e-12
0.00625841
-0.00126721
0.00625841
-0.00126721
-0.00145324
-0.00440042
-0.00145324
-0.00440042
-5.64764e-14
-3.2854e-12
-2.68316e-12
-4.83546e-12
-0.00134679
-0.0012243
-0.00134679
-0.0012243
0.000418032
0.000487051
0.000418032
0.000487051
-6.14483e-13
-1.78315e-12
-5.71531e-13
-1.95031e-12
-0.00159913
-0.00219331
-0.00159913
-0.00219331
-0.000147847
0.000141778
-0.000147847
0.000141778
-1.11442e-12
-1.05892e-12
-9.90502e-13
-1.42673e-12
-0.000685109
-0.000768014
-0.000685109
-0.000768014
-0.000209489
-0.000375962
-0.000209489
-0.000375962
-2.54736e-13
-6.3384e-13
-3.8643e-13
-6.41553e-13
-0.000353937
-0.000516277
-0.000353937
-0.000516277
-0.000386806
-0.000529718
-0.000386806
-0.000529718
3.33651e-13
3.90212e-13
4.0567e-13
4.49445e-13
-9.60719e-05
-0.000139333
-9.60719e-05
-0.000139333
-6.76998e-05
-8.76393e-05
-6.76998e-05
-8.76393e-05
1.13317e-13
2.53993e-13
1.73751e-13
2.64403e-13
0.000147534
0.000190917
0.000147534
0.000190917
-0.000298681
-0.0001003
-0.000298681
-0.0001003
4.88193e-13
2.27018e-13
3.615e-13
2.18667e-13
0.00191771
0.00187518
0.00191771
0.00187518
-0.000829532
-0.000958541
-0.000829532
-0.000958541
-4.19698e-13
2.0056e-13
-2.83708e-13
1.53461e-13
0.00192766
0.0017845
0.00192766
0.0017845
0.000212403
-0.000466572
0.000212403
-0.000466572
7.07813e-13
7.78042e-13
2.31496e-14
3.00342e-13
-0.00517719
0.00102221
-0.00517719
0.00102221
-0.00349419
-0.00275439
-0.00349419
-0.00275439
-1.21552e-12
-1.5445e-13
-9.30715e-13
-5.48372e-13
0.000916813
0.00135394
0.000916813
0.00135394
0.00185449
0.00227085
0.00185449
0.00227085
-1.28496e-12
-2.19681e-13
-1.19105e-12
-1.5322e-14
-0.000491102
1.77027e-05
-0.000491102
1.77027e-05
-0.0056152
-0.00431062
-0.0056152
-0.00431062
-1.80021e-12
-7.8542e-13
-1.59521e-12
-6.1523e-13
0.00625841
-0.00126721
0.00625841
-0.00126721
-0.00145324
-0.00440042
-0.00145324
-0.00440042
-2.3224e-12
-2.99277e-12
-2.89897e-12
-2.83986e-12
-0.00134679
-0.0012243
-0.00134679
-0.0012243
0.000418032
0.000487051
0.000418032
0.000487051
-5.59907e-14
-7.21297e-13
3.46965e-13
2.95904e-13
-0.00159913
-0.00219331
-0.00159913
-0.00219331
-0.000147847
0.000141778
-0.000147847
0.000141778
-8.53816e-13
-1.62155e-12
-5.36137e-13
-1.54093e-12
-0.000685109
-0.000768014
-0.000685109
-0.000768014
-0.000209489
-0.000375962
-0.000209489
-0.000375962
2.69278e-13
-1.45072e-13
2.92379e-13
-4.74325e-14
0.00212141
0.00204771
0.00212141
0.00204771
-0.000733919
-0.000864087
-0.000733919
-0.000864087
-7.98435e-13
-3.14852e-13
-8.99603e-13
-3.73139e-13
0.00161692
0.00207054
0.00161692
0.00207054
9.71142e-05
-0.000602623
9.71142e-05
-0.000602623
5.7187e-14
1.01447e-13
-4.25228e-13
-2.64775e-13
-0.00515528
0.00108792
-0.00515528
0.00108792
-0.0034125
-0.00277298
-0.0034125
-0.00277298
-1.70308e-12
-8.8938e-13
-1.74009e-12
-1.05046e-12
0.000919843
0.00135597
0.000919843
0.00135597
0.0018456
0.00227498
0.0018456
0.00227498
1.07025e-12
-1.42789e-13
9.8225e-13
2.04629e-13
-0.000487807
2.01121e-05
-0.000487807
2.01121e-05
-0.00560531
-0.00430771
-0.00560531
-0.00430771
1.26003e-12
-7.94836e-13
1.07011e-12
-6.06787e-13
0.00627315
-0.0012021
0.00627315
-0.0012021
-0.00146397
-0.00447055
-0.00146397
-0.00447055
8.55355e-13
2.01146e-12
1.32707e-12
2.05312e-12
-0.00122592
-0.00105179
-0.00122592
-0.00105179
6.69971e-06
6.76273e-05
6.69971e-06
6.76273e-05
5.763e-14
5.78373e-13
-1.72093e-14
4.78628e-14
-0.00186871
-0.00176123
-0.00186871
-0.00176123
-7.52805e-05
0.000298474
-7.52805e-05
0.000298474
2.58731e-13
7.44924e-13
1.11039e-13
6.10037e-13
-0.000155829
-0.000202064
-0.000155829
-0.000202064
-0.000134857
-0.000394796
-0.000134857
-0.000394796
-2.07305e-14
-1.17032e-15
-2.02557e-14
4.20081e-14
-3.10043e-07
1.01323e-05
-3.10043e-07
1.01323e-05
-0.000666877
-0.000655488
-0.000666877
-0.000655488
-2.40268e-15
-1.78238e-14
-1.18741e-13
-1.01454e-13
9.90491e-05
0.000138184
9.90491e-05
0.000138184
-0.000119903
-9.25149e-05
-0.000119903
-9.25149e-05
-5.81681e-15
3.42503e-14
2.40148e-14
-1.95334e-14
0.000668822
0.000728483
0.000668822
0.000728483
-0.000150238
-8.00094e-05
-0.000150238
-8.00094e-05
1.64973e-13
1.63835e-14
2.88847e-14
3.72164e-14
0.00212141
0.00204771
0.00212141
0.00204771
-0.000733919
-0.000864087
-0.000733919
-0.000864087
-1.26767e-12
-6.56121e-13
-1.43038e-12
-7.90966e-13
0.00161692
0.00207054
0.00161692
0.00207054
9.71142e-05
-0.000602623
9.71142e-05
-0.000602623
-1.01965e-12
-1.07363e-12
-9.41377e-13
-7.58928e-13
-0.00515528
0.00108792
-0.00515528
0.00108792
-0.0034125
-0.00277298
-0.0034125
-0.00277298
-1.97369e-12
-1.2025e-12
-2.30589e-12
-1.57213e-12
0.000919843
0.00135597
0.000919843
0.00135597
0.0018456
0.00227498
0.0018456
0.00227498
-9.84175e-13
-1.03844e-12
-1.08065e-12
-7.7316e-13
-0.000487807
2.01121e-05
-0.000487807
2.01121e-05
-0.00560531
-0.00430771
-0.00560531
-0.00430771
-5.06229e-13
-1.30908e-12
-7.85194e-13
-1.51223e-12
0.00627315
-0.0012021
0.00627315
-0.0012021
-0.00146397
-0.00447055
-0.00146397
-0.00447055
-2.5274e-12
-1.00857e-12
-2.21629e-12
-1.15356e-12
-0.00122592
-0.00105179
-0.00122592
-0.00105179
6.69971e-06
6.76273e-05
6.69971e-06
6.76273e-05
-2.03059e-13
-1.09911e-12
-8.54533e-14
-1.02224e-12
-0.00186871
-0.00176123
-0.00186871
-0.00176123
-7.52805e-05
0.000298474
-7.52805e-05
0.000298474
-3.89386e-13
-1.51295e-12
-4.22555e-13
-1.69347e-12
-0.000155829
-0.000202064
-0.000155829
-0.000202064
-0.000134857
-0.000394796
-0.000134857
-0.000394796
6.59548e-14
-1.04683e-13
2.59075e-14
-1.43968e-13
-3.10043e-07
1.01323e-05
-3.10043e-07
1.01323e-05
-0.000666877
-0.000655488
-0.000666877
-0.000655488
-5.65006e-14
-8.57504e-14
-3.68177e-13
-5.47882e-13
9.90491e-05
0.000138184
9.90491e-05
0.000138184
-0.000119903
-9.25149e-05
-0.000119903
-9.25149e-05
-4.21115e-14
4.33063e-14
-4.1208e-14
-1.93667e-14
0.000668822
0.000728483
0.000668822
0.000728483
-0.000150238
-8.00094e-05
-0.000150238
-8.00094e-05
-5.98931e-13
-1.634e-13
-3.81708e-13
-1.14266e-13
0.00212141
0.00204771
0.00212141
0.00204771
-0.000733919
-0.000864087
-0.000733919
-0.000864087
3.0163e-14
1.25345e-13
2.23076e-13
2.84924e-13
0.00161692
0.00207054
0.00161692
0.00207054
9.71142e-05
-0.000602623
9.71142e-05
-0.000602623
-6.22494e-13
-5.50738e-13
-1.3352e-13
-8.38747e-15
-0.00515528
0.00108792
-0.00515528
0.00108792
-0.0034125
-0.00277298
-0.0034125
-0.00277298
-7.37028e-14
6.73488e-14
7.12068e-14
-4.83077e-14
0.000919843
0.00135597
0.000919843
0.00135597
0.0018456
0.00227498
0.0018456
0.00227498
4.83199e-13
3.17765e-13
-1.12994e-13
1.0767e-13
-0.000487807
2.01121e-05
-0.000487807
2.01121e-05
-0.00560531
-0.00430771
-0.00560531
-0.00430771
7.8253e-13
5.64752e-13
8.70761e-13
5.57831e-13
0.00627315
-0.0012021
0.00627315
-0.0012021
-0.00146397
-0.00447055
-0.00146397
-0.00447055
-7.65365e-13
3.05549e-14
-3.97864e-13
3.85723e-13
-0.00122592
-0.00105179
-0.00122592
-0.00105179
6.69971e-06
6.76273e-05
6.69971e-06
6.76273e-05
-8.2589e-14
-2.29588e-13
4.5562e-14
9.13699e-14
-0.00186871
-0.00176123
-0.00186871
-0.00176123
-7.52805e-05
0.000298474
-7.52805e-05
0.000298474
-3.5471e-13
-6.48771e-13
-2.24761e-13
-4.08957e-13
-0.000155829
-0.000202064
-0.000155829
-0.000202064
-0.000134857
-0.000394796
-0.000134857
-0.000394796
1.43406e-13
3.61211e-14
1.44684e-13
-2.46639e-14
-3.10043e-07
1.01323e-05
-3.10043e-07
1.01323e-05
-0.000666877
-0.000655488
-0.000666877
-0.000655488
1.14367e-13
1.34702e-13
1.44348e-13
2.02921e-13
9.90491e-05
0.000138184
9.90491e-05
0.000138184
-0.000119903
-9.25149e-05
-0.000119903
-9.25149e-05
1.6217e-13
9.90182e-14
1.20077e-13
1.41774e-13
0.000668822
0.000728483
0.000668822
0.000728483
-0.000150238
-8.00094e-05
-0.000150238
-8.00094e-05
-1.22385e-13
1.75687e-13
5.75253e-14
1.23471e-13
-0.000353937
-0.000516277
-0.000353937
-0.000516277
-0.000386806
-0.000529718
-0.000386806
-0.000529718
-2.35018e-15
-4.20313e-14
8.7484e-14
-2.37572e-13
-9.60719e-05
-0.000139333
-9.60719e-05
-0.000139333
-6.76998e-05
-8.76393e-05
-6.76998e-05
-8.76393e-05
2.61218e-14
3.24674e-14
7.16928e-15
2.51588e-14
0.000147534
0.000190917
0.000147534
0.000190917
-0.000298681
-0.0001003
-0.000298681
-0.0001003
7.38133e-14
1.78788e-14
1.35759e-13
3.78357e-14
0.00191771
0.00187518
0.00191771
0.00187518
-0.000829532
-0.000958541
-0.000829532
-0.000958541
4.32613e-13
3.11916e-13
-1.84777e-13
-1.48348e-13
0.00192766
0.0017845
0.00192766
0.0017845
0.000212403
-0.000466572
0.000212403
-0.000466572
8.95596e-13
3.65167e-13
4.77455e-13
2.64334e-13
-0.00517719
0.00102221
-0.00517719
0.00102221
-0.00349419
-0.00275439
-0.00349419
-0.00275439
1.41932e-13
5.99258e-13
-1.13851e-13
4.37031e-13
0.000916813
0.00135394
0.000916813
0.00135394
0.00185449
0.00227085
0.00185449
0.00227085
-2.58421e-12
-9.26658e-13
-1.59655e-12
-8.68295e-13
-0.000491102
1.77027e-05
-0.000491102
1.77027e-05
-0.0056152
-0.00431062
-0.0056152
-0.00431062
-2.43483e-12
-7.67716e-13
-2.75396e-12
-1.23561e-12
0.00625841
-0.00126721
0.00625841
-0.00126721
-0.00145324
-0.00440042
-0.00145324
-0.00440042
-1.62052e-13
-2.47331e-12
-1.58207e-12
-3.4121e-12
-0.00134679
-0.0012243
-0.00134679
-0.0012243
0.000418032
0.000487051
0.000418032
0.000487051
-1.16938e-13
-7.05854e-13
-8.10774e-14
-8.15925e-13
-0.00159913
-0.00219331
-0.00159913
-0.00219331
-0.000147847
0.000141778
-0.000147847
0.000141778
-2.67807e-13
-5.06732e-13
-1.62989e-13
-4.46344e-13
-0.000685109
-0.000768014
-0.000685109
-0.000768014
-0.000209489
-0.000375962
-0.000209489
-0.000375962
7.4811e-14
2.63797e-14
7.30633e-15
-2.30527e-14
-0.000353937
-0.000516277
-0.000353937
-0.000516277
-0.000386806
-0.000529718
-0.000386806
-0.000529718
-8.04318e-14
-2.31575e-13
-2.48506e-13
-5.16451e-13
-9.60719e-05
-0.000139333
-9.60719e-05
-0.000139333
-6.76998e-05
-8.76393e-05
-6.76998e-05
-8.76393e-05
7.68362e-14
5.50941e-14
2.25665e-14
-1.11918e-13
0.000147534
0.000190917
0.000147534
0.000190917
-0.000298681
-0.0001003
-0.000298681
-0.0001003
-5.78117e-14
8.83797e-14
-1.24013e-13
8.57795e-15
0.00191771
0.00187518
0.00191771
0.00187518
-0.000829532
-0.000958541
-0.000829532
-0.000958541
2.07565e-13
-1.31577e-13
-4.8972e-13
-4.6373e-13
0.00192766
0.0017845
0.00192766
0.0017845
0.000212403
-0.000466572
0.000212403
-0.000466572
1.81816e-13
-2.32467e-13
5.00578e-13
-6.83327e-14
-0.00517719
0.00102221
-0.00517719
0.00102221
-0.00349419
-0.00275439
-0.00349419
-0.00275439
1.97695e-13
1.0647e-12
-3.38367e-13
6.09937e-13
0.000916813
0.00135394
0.000916813
0.00135394
0.00185449
0.00227085
0.00185449
0.00227085
-1.70912e-12
-8.14506e-13
-1.21284e-12
-8.37501e-13
-0.000491102
1.77027e-05
-0.000491102
1.77027e-05
-0.0056152
-0.00431062
-0.0056152
-0.00431062
-1.39614e-12
-7.87976e-13
-1.64132e-12
-9.87323e-13
0.00625841
-0.00126721
0.00625841
-0.00126721
-0.00145324
-0.00440042
-0.00145324
-0.00440042
1.54013e-12
-1.05517e-12
-5.97286e-13
-1.82924e-12
-0.00134679
-0.0012243
-0.00134679
-0.0012243
0.000418032
0.000487051
0.000418032
0.000487051
-2.94768e-13
-7.65785e-13
-3.17857e-13
-9.32512e-13
-0.00159913
-0.00219331
-0.00159913
-0.00219331
-0.000147847
0.000141778
-0.000147847
0.000141778
-3.23349e-13
1.03018e-13
-3.76568e-13
-1.83392e-13
-0.000685109
-0.000768014
-0.000685109
-0.000768014
-0.000209489
-0.000375962
-0.000209489
-0.000375962
-3.87051e-14
-2.06883e-13
-2.12311e-13
-2.89049e-13
-0.000353937
-0.000516277
-0.000353937
-0.000516277
-0.000386806
-0.000529718
-0.000386806
-0.000529718
2.55642e-13
3.34828e-13
2.33008e-13
3.55953e-13
-9.60719e-05
-0.000139333
-9.60719e-05
-0.000139333
-6.76998e-05
-8.76393e-05
-6.76998e-05
-8.76393e-05
9.68383e-14
2.4131e-13
1.52794e-13
2.52497e-13
0.000147534
0.000190917
0.000147534
0.000190917
-0.000298681
-0.0001003
-0.000298681
-0.0001003
1.26888e-13
1.69441e-13
1.45831e-13
1.68611e-13
0.00191771
0.00187518
0.00191771
0.00187518
-0.000829532
-0.000958541
-0.000829532
-0.000958541
-5.27779e-13
-6.02234e-14
-4.57972e-13
-3.98922e-16
0.00192766
0.0017845
0.00192766
0.0017845
0.000212403
-0.000466572
0.000212403
-0.000466572
-5.97357e-13
-2.57233e-13
-3.02232e-13
-7.89987e-14
-0.00517719
0.00102221
-0.00517719
0.00102221
-0.00349419
-0.00275439
-0.00349419
-0.00275439
-1.22351e-12
-5.40908e-13
-1.04694e-12
-6.19967e-13
0.000916813
0.00135394
0.000916813
0.00135394
0.00185449
0.00227085
0.00185449
0.00227085
-8.32957e-13
-2.66652e-13
-8.28617e-13
1.91607e-14
-0.000491102
1.77027e-05
-0.000491102
1.77027e-05
-0.0056152
-0.00431062
-0.0056152
-0.00431062
-1.21853e-12
-9.34181e-13
-1.06144e-12
-7.03943e-13
0.00625841
-0.00126721
0.00625841
-0.00126721
-0.00145324
-0.00440042
-0.00145324
-0.00440042
-2.81993e-12
-2.3342e-12
-2.59861e-12
-1.94426e-12
-0.00134679
-0.0012243
-0.00134679
-0.0012243
0.000418032
0.000487051
0.000418032
0.000487051
-1.89578e-16
-5.06496e-13
3.4202e-13
3.53091e-13
-0.00159913
-0.00219331
-0.00159913
-0.00219331
-0.000147847
0.000141778
-0.000147847
0.000141778
-9.35847e-13
-1.74455e-12
-4.34019e-13
-1.44205e-12
-0.000685109
-0.000768014
-0.000685109
-0.000768014
-0.000209489
-0.000375962
-0.000209489
-0.000375962
2.27666e-13
-1.70898e-13
2.95618e-13
2.41498e-14
-0.0287888
-0.0287888
-0.0300613
-0.0300613
2.90572e-11
1.10307e-11
-2.3511e-11
-3.78277e-11
-0.000258396
-0.000860246
-0.000258396
-0.000860246
-0.0293373
-0.0293373
-0.0296935
-0.0296935
1.63812e-11
-3.62272e-11
-1.47584e-11
-8.90976e-12
-6.78413e-05
-0.000162433
-6.78413e-05
-0.000162433
-0.029467
-0.029467
-0.0296276
-0.0296276
9.14921e-12
-1.22393e-11
-5.2493e-12
7.23291e-12
-7.99121e-06
-4.15761e-05
-7.99123e-06
-4.15762e-05
-0.0287888
-0.0287888
-0.0300613
-0.0300613
4.54014e-12
1.03698e-12
-3.17793e-11
-5.66219e-11
-0.000258396
-0.000860246
-0.000258396
-0.000860246
-0.0293373
-0.0293373
-0.0296935
-0.0296935
-1.75798e-11
-1.54161e-11
-1.19638e-11
-3.93313e-11
-6.78413e-05
-0.000162433
-6.78413e-05
-0.000162433
-0.029467
-0.029467
-0.0296276
-0.0296276
-1.20356e-11
-6.50931e-12
8.02517e-12
-1.35198e-11
-7.99122e-06
-4.15761e-05
-7.99123e-06
-4.15762e-05
-0.0287888
-0.0287888
-0.0300613
-0.0300613
1.00702e-11
7.51387e-12
-1.71292e-11
-1.77427e-11
-0.000258396
-0.000860246
-0.000258396
-0.000860246
-0.0293373
-0.0293373
-0.0296935
-0.0296935
-5.04497e-12
2.15594e-11
-1.16252e-11
-1.22101e-11
-6.78413e-05
-0.000162433
-6.78413e-05
-0.000162433
-0.029467
-0.029467
-0.0296276
-0.0296276
-7.53063e-12
1.8026e-11
7.88101e-12
-1.9449e-11
-7.99127e-06
-4.15761e-05
-7.99127e-06
-4.15762e-05
-0.0300411
-0.0300411
-0.0298973
-0.0298973
-6.3461e-13
-2.11934e-11
-1.54714e-11
-1.61211e-11
5.18855e-05
9.06575e-05
5.18856e-05
9.06576e-05
-0.0298013
-0.0298013
-0.0297211
-0.0297211
-5.88589e-12
-1.49931e-11
-1.39179e-11
-4.97859e-12
1.99566e-05
3.56507e-05
1.99566e-05
3.56507e-05
-0.0297127
-0.0297127
-0.0296547
-0.0296547
-1.16652e-11
-1.57269e-11
-1.27514e-11
4.77704e-12
2.85045e-06
1.34933e-05
2.85045e-06
1.34933e-05
-0.0300411
-0.0300411
-0.0298973
-0.0298973
-4.17078e-11
-6.94235e-11
-1.96271e-11
-4.48813e-11
5.18855e-05
9.06575e-05
5.18855e-05
9.06575e-05
-0.0298013
-0.0298013
-0.0297211
-0.0297211
-7.04541e-13
-3.49181e-11
-6.241e-12
-2.60061e-11
1.99566e-05
3.56507e-05
1.99566e-05
3.56507e-05
-0.0297127
-0.0297127
-0.0296547
-0.0296547
-1.51527e-12
-2.35149e-11
-5.04991e-13
-5.33172e-12
2.85044e-06
1.34933e-05
2.85045e-06
1.34932e-05
-0.0300411
-0.0300411
-0.0298973
-0.0298973
-2.68713e-11
-3.66895e-11
-2.66112e-12
-1.64869e-11
5.18855e-05
9.06576e-05
5.18855e-05
9.06576e-05
-0.0298013
-0.0298013
-0.0297211
-0.0297211
-6.11954e-12
-1.64857e-11
1.25432e-11
-2.02979e-11
1.99566e-05
3.56507e-05
1.99566e-05
3.56507e-05
-0.0297127
-0.0297127
-0.0296547
-0.0296547
1.03366e-11
-1.44502e-11
1.59746e-11
-1.28513e-11
2.85045e-06
1.34932e-05
2.85045e-06
1.34932e-05
-0.0299217
-0.0299217
-0.0285022
-0.0285022
-3.10986e-12
2.62631e-12
9.92681e-12
3.28347e-11
0.000333959
0.000881227
0.000333959
0.000881227
-0.0295596
-0.0295596
-0.0290968
-0.0290968
3.2215e-13
-4.21452e-12
-1.36724e-11
5.0058e-11
9.28859e-05
0.000206652
9.28859e-05
0.000206652
-0.0294977
-0.0294977
-0.0292694
-0.0292694
3.4988e-12
-1.05184e-12
-3.78361e-11
5.00077e-11
1.1349e-05
5.77954e-05
1.1349e-05
5.77955e-05
-0.0299217
-0.0299217
-0.0285022
-0.0285022
-1.9823e-11
-2.61797e-11
1.22547e-11
2.00825e-11
0.000333959
0.000881227
0.000333959
0.000881227
-0.0295596
-0.0295596
-0.0290968
-0.0290968
-4.13066e-12
-1.70985e-11
8.94498e-12
1.32625e-11
9.28859e-05
0.000206652
9.28859e-05
0.000206652
-0.0294977
-0.0294977
-0.0292694
-0.0292694
4.87473e-12
5.44893e-13
-4.63254e-12
1.24625e-11
1.1349e-05
5.77954e-05
1.1349e-05
5.77955e-05
-0.0299217
-0.0299217
-0.0285022
-0.0285022
-2.11654e-11
-2.52367e-11
-2.38376e-13
5.95869e-12
0.00033396
0.000881227
0.000333959
0.000881227
-0.0295596
-0.0295596
-0.0290968
-0.0290968
2.86871e-12
4.01146e-12
1.02044e-12
-4.09232e-12
9.28859e-05
0.000206652
9.28859e-05
0.000206652
-0.0294977
-0.0294977
-0.0292694
-0.0292694
2.48127e-12
1.92991e-11
9.02101e-12
-1.56422e-11
1.1349e-05
5.77954e-05
1.1349e-05
5.77954e-05
-0.0299453
-0.0299453
-0.0289427
-0.0289427
1.10082e-11
7.23746e-12
-4.27561e-11
-4.72371e-11
0.000229728
0.000603248
0.000229729
0.000603248
-0.0296561
-0.0296561
-0.0293461
-0.0293461
5.69894e-12
-2.30204e-11
-2.44149e-11
-9.14085e-12
6.04743e-05
0.00013776
6.04744e-05
0.00013776
-0.0296063
-0.0296063
-0.0294622
-0.0294622
5.2491e-12
-1.95854e-11
-1.46398e-11
2.20724e-12
7.1891e-06
3.70385e-05
7.18911e-06
3.70385e-05
-0.0299453
-0.0299453
-0.0289427
-0.0289427
4.12182e-11
4.06773e-11
-3.36624e-11
-2.47757e-11
0.000229728
0.000603248
0.000229728
0.000603248
-0.0296561
-0.0296561
-0.0293461
-0.0293461
-2.53698e-12
5.21094e-12
-4.34191e-11
3.8597e-12
6.04742e-05
0.00013776
6.04743e-05
0.00013776
-0.0296063
-0.0296063
-0.0294622
-0.0294622
-3.82315e-11
8.78556e-12
-4.04329e-11
1.48122e-11
7.18913e-06
3.70383e-05
7.18916e-06
3.70383e-05
-0.0299453
-0.0299453
-0.0289427
-0.0289427
1.44265e-11
1.73947e-11
-1.42556e-11
-3.183e-12
0.000229728
0.000603247
0.000229728
0.000603247
-0.0296561
-0.0296561
-0.0293461
-0.0293461
1.86237e-12
-8.2698e-12
-3.37559e-11
3.93658e-12
6.04742e-05
0.00013776
6.04742e-05
0.00013776
-0.0296063
-0.0296063
-0.0294622
-0.0294622
-2.95414e-12
1.17617e-12
-4.26475e-11
1.25372e-11
7.18918e-06
3.70382e-05
7.18916e-06
3.70382e-05
-0.0300208
-0.0300208
-0.0298985
-0.0298985
2.29619e-11
3.11159e-11
-2.27268e-11
-3.2738e-11
7.01971e-06
1.75148e-05
7.01982e-06
1.75149e-05
-0.0297437
-0.0297437
-0.0297637
-0.0297637
9.05667e-12
-4.27693e-12
-7.10037e-13
-3.41809e-11
-9.00002e-06
-9.61948e-06
-8.99993e-06
-9.61943e-06
-0.0296598
-0.0296598
-0.0296942
-0.0296942
6.12332e-12
-1.33468e-11
1.65601e-11
-2.82173e-11
-1.6704e-06
-7.16826e-06
-1.67038e-06
-7.16821e-06
-0.0300208
-0.0300208
-0.0298985
-0.0298985
5.25188e-11
9.8689e-12
-6.38098e-11
-7.29748e-11
7.01935e-06
1.75142e-05
7.01963e-06
1.75146e-05
-0.0297437
-0.0297437
-0.0297637
-0.0297637
4.80642e-11
-3.46325e-11
-3.24134e-11
-4.2229e-11
-9.00013e-06
-9.61986e-06
-9e-06
-9.61962e-06
-0.0296598
-0.0296598
-0.0296942
-0.0296942
2.17238e-11
7.70456e-12
-6.10823e-12
-2.53945e-11
-1.67037e-06
-7.16844e-06
-1.67034e-06
-7.16828e-06
-0.0300208
-0.0300208
-0.0298985
-0.0298985
2.71362e-11
1.3911e-11
-3.19592e-11
-3.46988e-11
7.01915e-06
1.75138e-05
7.01928e-06
1.7514e-05
-0.0297437
-0.0297437
-0.0297637
-0.0297637
1.23055e-11
-2.34416e-11
-2.25625e-11
-3.30419e-11
-9.00013e-06
-9.62015e-06
-9.00008e-06
-9.61998e-06
-0.0296598
-0.0296598
-0.0296942
-0.0296942
2.84943e-12
7.10065e-12
-7.03708e-12
-2.59603e-11
-1.67029e-06
-7.16854e-06
-1.67029e-06
-7.16844e-06
-0.0283369
-0.0283369
-0.0300176
-0.0300176
3.17461e-11
2.82819e-11
-5.13128e-12
-2.49289e-12
-0.000356598
-0.00113395
-0.000356598
-0.00113395
-0.0290842
-0.0290842
-0.029583
-0.029583
1.55405e-11
1.06264e-11
8.91348e-12
9.88347e-12
-9.76438e-05
-0.000226916
-9.76437e-05
-0.000226916
-0.0292709
-0.0292709
-0.029508
-0.029508
-1.36054e-12
3.94243e-11
1.24488e-11
-4.11933e-12
-1.17752e-05
-6.05652e-05
-1.17752e-05
-6.05652e-05
-0.0283369
-0.0283369
-0.0300176
-0.0300176
6.08253e-11
2.99135e-11
-2.92643e-11
-8.97241e-11
-0.000356598
-0.00113395
-0.000356598
-0.00113395
-0.0290842
-0.0290842
-0.029583
-0.029583
3.70497e-11
-1.84214e-11
1.181e-11
-5.76994e-12
-9.76439e-05
-0.000226916
-9.76438e-05
-0.000226916
-0.0292709
-0.0292709
-0.029508
-0.029508
1.88482e-11
1.80155e-11
-7.04119e-12
-6.04777e-13
-1.17752e-05
-6.05653e-05
-1.17752e-05
-6.05651e-05
-0.0283369
-0.0283369
-0.0300176
-0.0300176
2.58544e-11
2.03177e-11
-1.86565e-11
-3.7029e-11
-0.000356598
-0.00113395
-0.000356598
-0.00113395
-0.0290842
-0.0290842
-0.029583
-0.029583
1.64064e-11
-1.49836e-11
4.57213e-12
4.04829e-12
-9.76439e-05
-0.000226916
-9.76439e-05
-0.000226916
-0.0292709
-0.0292709
-0.029508
-0.029508
1.03001e-11
-9.14305e-12
-4.0144e-12
4.52644e-13
-1.17752e-05
-6.05654e-05
-1.17752e-05
-6.05652e-05
0.0292694
0.0292694
0.0294977
0.0294977
-1.81416e-11
-1.00544e-11
-3.15078e-11
1.84722e-11
-5.77951e-05
-1.13491e-05
-5.77951e-05
-1.13491e-05
0.0290968
0.0290968
0.0295596
0.0295596
-5.75929e-12
-3.2405e-11
-1.91428e-11
-1.38184e-12
-0.000206652
-9.28856e-05
-0.000206652
-9.28856e-05
0.0285022
0.0285022
0.0299217
0.0299217
-3.25004e-11
-5.04034e-11
1.46275e-11
4.56443e-12
-0.000881226
-0.000333959
-0.000881226
-0.000333959
0.0292694
0.0292694
0.0294977
0.0294977
-4.00709e-11
-2.91768e-11
-6.9324e-11
2.59633e-11
-5.77951e-05
-1.1349e-05
-5.77952e-05
-1.13491e-05
0.0290968
0.0290968
0.0295596
0.0295596
-2.18632e-11
-5.81903e-11
-1.54377e-11
-1.97638e-11
-0.000206652
-9.28855e-05
-0.000206652
-9.28857e-05
0.0285022
0.0285022
0.0299217
0.0299217
-5.79507e-11
-6.86355e-11
4.23395e-11
-9.49741e-12
-0.000881226
-0.000333959
-0.000881226
-0.000333959
0.0292694
0.0292694
0.0294977
0.0294977
-1.30762e-11
-2.04924e-11
-4.19485e-12
-4.91759e-12
-5.77952e-05
-1.13489e-05
-5.77952e-05
-1.1349e-05
0.0290968
0.0290968
0.0295596
0.0295596
5.48661e-12
-1.59352e-11
4.18175e-12
-1.15052e-11
-0.000206652
-9.28856e-05
-0.000206652
-9.28857e-05
0.0285022
0.0285022
0.0299217
0.0299217
-1.94648e-11
-2.15134e-11
1.5404e-11
-6.13827e-12
-0.000881227
-0.000333959
-0.000881227
-0.000333959
0.0296547
0.0296547
0.0297127
0.0297127
6.83297e-12
1.14977e-11
1.89479e-11
6.11081e-12
-1.34928e-05
-2.85047e-06
-1.34928e-05
-2.85047e-06
0.0297211
0.0297211
0.0298013
0.0298013
-6.44767e-12
-1.43797e-11
2.61088e-11
3.04794e-11
-3.56498e-05
-1.99562e-05
-3.56499e-05
-1.99562e-05
0.0298973
0.0298973
0.0300411
0.0300411
-3.30789e-11
-4.16987e-11
2.36515e-11
3.95506e-11
-9.06564e-05
-5.18847e-05
-9.06566e-05
-5.18848e-05
0.0296547
0.0296547
0.0297127
0.0297127
-2.20066e-11
2.82361e-12
4.12631e-11
-2.51309e-12
-1.34928e-05
-2.85047e-06
-1.34928e-05
-2.85049e-06
0.0297211
0.0297211
0.0298013
0.0298013
-3.88632e-11
-5.38248e-11
7.40542e-11
3.91075e-11
-3.565e-05
-1.99562e-05
-3.56501e-05
-1.99562e-05
0.0298973
0.0298973
0.0300411
0.0300411
-3.21326e-11
-4.765e-11
7.37701e-11
5.84391e-11
-9.06567e-05
-5.18848e-05
-9.06569e-05
-5.1885e-05
0.0296547
0.0296547
0.0297127
0.0297127
-5.40305e-12
-2.59447e-12
2.56967e-11
-6.96932e-12
-1.34928e-05
-2.85043e-06
-1.34928e-05
-2.85048e-06
0.0297211
0.0297211
0.0298013
0.0298013
-2.06202e-11
-2.40801e-11
2.89416e-11
8.99589e-12
-3.56502e-05
-1.99562e-05
-3.56503e-05
-1.99563e-05
0.0298973
0.0298973
0.0300411
0.0300411
-2.52754e-11
-2.29292e-11
7.50591e-12
1.17834e-11
-9.0657e-05
-5.1885e-05
-9.06572e-05
-5.18851e-05
0.0296276
0.0296276
0.029467
0.029467
4.51037e-11
-1.81362e-11
4.10525e-11
-5.84616e-12
4.15768e-05
7.99117e-06
4.15768e-05
7.99117e-06
0.0296935
0.0296935
0.0293373
0.0293373
4.81063e-11
1.64199e-11
4.0517e-11
3.1468e-11
0.000162434
6.78419e-05
0.000162434
6.78418e-05
0.0300613
0.0300613
0.0287888
0.0287888
-8.33623e-12
1.09649e-12
2.53777e-11
4.7644e-11
0.000860247
0.000258397
0.000860247
0.000258397
0.0296276
0.0296276
0.029467
0.029467
7.43521e-11
-2.47964e-11
8.1602e-11
-2.03346e-11
4.15767e-05
7.99119e-06
4.15767e-05
7.99119e-06
0.0296935
0.0296935
0.0293373
0.0293373
8.29336e-11
3.22959e-11
9.34419e-11
3.11564e-11
0.000162434
6.78418e-05
0.000162434
6.78418e-05
0.0300613
0.0300613
0.0287888
0.0287888
1.47154e-11
2.19002e-11
9.81482e-11
8.25162e-11
0.000860247
0.000258396
0.000860246
0.000258396
0.0296276
0.0296276
0.029467
0.029467
2.87096e-11
-8.80319e-12
3.22401e-11
-1.69943e-11
4.15766e-05
7.99123e-06
4.15765e-05
7.99122e-06
0.0296935
0.0296935
0.0293373
0.0293373
2.24469e-11
1.22629e-11
1.96833e-11
-5.25548e-12
0.000162434
6.78417e-05
0.000162433
6.78417e-05
0.0300613
0.0300613
0.0287888
0.0287888
-2.45181e-11
-1.48496e-12
1.97772e-11
1.05687e-11
0.000860246
0.000258396
0.000860246
0.000258396
0.0289427
0.0289427
0.0299453
0.0299453
-3.34275e-11
-3.03625e-11
-2.53413e-11
2.35505e-14
-0.000603247
-0.000229728
-0.000603247
-0.000229728
0.0293461
0.0293461
0.0296561
0.0296561
-2.18576e-11
7.94211e-12
-6.10659e-11
4.27154e-11
-0.000137759
-6.04738e-05
-0.000137759
-6.04738e-05
0.0294622
0.0294622
0.0296063
0.0296063
-3.71252e-11
4.03894e-11
-8.47253e-11
8.85774e-11
-3.70377e-05
-7.18918e-06
-3.70378e-05
-7.18918e-06
0.0289427
0.0289427
0.0299453
0.0299453
1.29459e-11
1.37362e-12
4.78112e-11
2.14268e-11
-0.000603247
-0.000229727
-0.000603247
-0.000229728
0.0293461
0.0293461
0.0296561
0.0296561
4.11012e-11
2.32579e-11
-4.07435e-12
3.73478e-11
-0.000137759
-6.04737e-05
-0.000137759
-6.04738e-05
0.0294622
0.0294622
0.0296063
0.0296063
1.96275e-12
3.51788e-11
-4.46301e-11
6.60477e-11
-3.70376e-05
-7.18921e-06
-3.70378e-05
-7.18923e-06
0.0289427
0.0289427
0.0299453
0.0299453
7.98337e-14
9.9345e-13
2.9715e-11
9.27892e-12
-0.000603246
-0.000229727
-0.000603247
-0.000229727
0.0293461
0.0293461
0.0296561
0.0296561
1.75337e-11
1.33335e-11
1.23774e-11
4.547e-12
-0.000137759
-6.04736e-05
-0.000137759
-6.04737e-05
0.0294622
0.0294622
0.0296063
0.0296063
3.28205e-12
9.8911e-12
-1.00052e-11
1.47977e-11
-3.70375e-05
-7.18926e-06
-3.70376e-05
-7.18927e-06
0.0298985
0.0298985
0.0300208
0.0300208
2.2016e-11
1.03364e-11
2.82097e-11
-8.42979e-12
-1.75138e-05
-7.01892e-06
-1.75137e-05
-7.01883e-06
0.0297637
0.0297637
0.0297437
0.0297437
1.19481e-11
-7.87524e-12
1.80525e-11
-2.27731e-11
9.62043e-06
9.00054e-06
9.62051e-06
9.00057e-06
0.0296942
0.0296942
0.0296598
0.0296598
-2.37919e-11
-6.60682e-12
1.50405e-11
-2.05193e-11
7.1691e-06
1.67024e-06
7.16909e-06
1.67023e-06
0.0298985
0.0298985
0.0300208
0.0300208
3.30324e-11
1.6309e-11
4.18452e-11
2.41402e-11
-1.75138e-05
-7.01896e-06
-1.75138e-05
-7.01893e-06
0.0297637
0.0297637
0.0297437
0.0297437
1.39748e-11
-6.96555e-12
3.18943e-11
-2.64117e-12
9.62033e-06
9.00048e-06
9.6204e-06
9.00051e-06
0.0296942
0.0296942
0.0296598
0.0296598
-2.65121e-11
-9.41329e-12
1.62361e-11
-3.25434e-12
7.16896e-06
1.67029e-06
7.16882e-06
1.67028e-06
0.0298985
0.0298985
0.0300208
0.0300208
3.22352e-11
2.83586e-11
4.66823e-11
4.17926e-11
-1.75139e-05
-7.01898e-06
-1.75138e-05
-7.01899e-06
0.0297637
0.0297637
0.0297437
0.0297437
-2.86931e-12
-2.39651e-12
4.03533e-11
2.70199e-11
9.62028e-06
9.00043e-06
9.62033e-06
9.00046e-06
0.0296942
0.0296942
0.0296598
0.0296598
-1.3811e-11
5.0547e-12
3.01401e-11
-7.9357e-12
7.16883e-06
1.6703e-06
7.16874e-06
1.67029e-06
0.0300176
0.0300176
0.0283369
0.0283369
3.91348e-11
2.66907e-11
2.47058e-12
1.8356e-11
0.00113395
0.000356598
0.00113395
0.000356598
0.029583
0.029583
0.0290842
0.0290842
3.54085e-11
3.13745e-11
2.09959e-11
1.16698e-11
0.000226916
9.76438e-05
0.000226916
9.76438e-05
0.029508
0.029508
0.0292709
0.0292709
-5.55992e-12
1.70572e-11
5.23499e-11
-1.00471e-11
6.05652e-05
1.17753e-05
6.05653e-05
1.17752e-05
0.0300176
0.0300176
0.0283369
0.0283369
4.95778e-11
3.61225e-11
2.14894e-11
1.43187e-11
0.00113395
0.000356598
0.00113395
0.000356598
0.029583
0.029583
0.0290842
0.0290842
3.02357e-11
1.03418e-11
2.78595e-11
7.38339e-12
0.000226916
9.76437e-05
0.000226916
9.76437e-05
0.029508
0.029508
0.0292709
0.0292709
6.84745e-12
3.61862e-12
3.03254e-11
-1.70061e-12
6.05651e-05
1.17752e-05
6.05651e-05
1.17752e-05
0.0300176
0.0300176
0.0283369
0.0283369
5.41087e-11
3.51874e-11
1.91409e-11
4.80678e-12
0.00113395
0.000356598
0.00113395
0.000356598
0.029583
0.029583
0.0290842
0.0290842
4.0766e-11
9.84723e-12
1.56239e-11
6.61313e-12
0.000226916
9.76438e-05
0.000226916
9.76438e-05
0.029508
0.029508
0.0292709
0.0292709
3.93123e-11
-1.38943e-11
-1.14411e-11
1.39794e-11
6.05652e-05
1.17752e-05
6.05651e-05
1.17753e-05
