FiniteElementSpace
FiniteElementCollection: H1_3D_P2
VDim: 1
Ordering: 0

0.332877
0.332877
0.332877
0.332877
0.99863
0.99863
0.99863
0.99863
0.332877
0.332877
0.99863
0.99863
0.332877
0.99863
0.332877
0.332877
0.99863
0.99863
0.332877
0.99863
0.332877
0.99863
0.332877
0.332877
0.99863
0.99863
0.332877
0.99863
0.332877
0.99863
0.332877
0.99863
0.332877
0.99863
-0.332877
-0.332877
-0.332877
-0.332877
-0.332877
-0.332877
-0.332877
-0.332877
-0.332877
-0.332877
-0.332877
-0.332877
-0.332877
-0.332877
-0.332877
-0.332877
-0.332877
-0.99863
-0.99863
-0.99863
-0.99863
-0.99863
-0.99863
-0.99863
-0.99863
-0.99863
-0.99863
-0.99863
-0.99863
-0.99863
-0.99863
-0.99863
-0.99863
-0.99863
0.332877
0.332877
0.332877
0.332877
0.99863
0.99863
0.99863
0.99863
0.332877
0.99863
0.332877
0.332877
0.99863
0.99863
0.332877
0.99863
0.332877
0.332877
0.99863
0.99863
0.332877
0.99863
0.332877
0.99863
0.332877
0.99863
0.332877
0.99863
-0.332877
-0.332877
-0.332877
-0.332877
-0.332877
-0.332877
-0.332877
-0.332877
-0.332877
-0.332877
-0.332877
-0.332877
-0.332877
-0.332877
-0.99863
-0.99863
-0.99863
-0.99863
-0.99863
-0.99863
-0.99863
-0.99863
-0.99863
-0.99863
-0.99863
-0.99863
-0.99863
-0.99863
0.332877
0.332877
0.332877
0.332877
0.99863
0.99863
0.99863
0.99863
0.332877
0.99863
0.332877
0.332877
0.99863
0.99863
0.332877
0.99863
0.332877
0.99863
0.332877
0.332877
0.99863
0.99863
0.332877
0.99863
0.332877
0.99863
-0.332877
-0.332877
-0.332877
-0.332877
-0.332877
-0.332877
-0.332877
-0.332877
-0.332877
-0.332877
-0.332877
-0.332877
-0.332877
-0.99863
-0.99863
-0.99863
-0.99863
-0.99863
-0.99863
-0.99863
-0.99863
-0.99863
-0.99863
-0.99863
-0.99863
-0.99863
0.332877
0.332877
0.332877
0.332877
0.99863
0.99863
0.99863
0.99863
0.332877
0.332877
0.99863
0.99863
0.332877
0.99863
0.332877
0.332877
0.99863
0.99863
0.332877
0.99863
0.332877
0.99863
-0.332877
-0.332877
-0.332877
-0.332877
-0.332877
-0.332877
-0.332877
-0.332877
-0.332877
-0.332877
-0.332877
-0.99863
-0.99863
-0.99863
-0.99863
-0.99863
-0.99863
-0.99863
-0.99863
-0.99863
-0.99863
-0.99863
0.332877
0.99863
0.332877
0.99863
0.332877
0.99863
0.332877
0.99863
0.332877
0.99863
0.332877
0.99863
-0.332877
-0.332877
-0.332877
-0.332877
-0.332877
-0.332877
-0.99863
-0.99863
-0.99863
-0.99863
-0.99863
-0.99863
0.332877
0.99863
0.332877
0.99863
0.332877
0.99863
-0.332877
-0.332877
-0.332877
-0.99863
-0.99863
-0.99863
0.332877
0.99863
0.332877
0.99863
0.332877
0.99863
-0.332877
-0.332877
-0.332877
-0.99863
-0.99863
-0.99863
0.332877
0.99863
0.332877
0.99863
0.332877
0.99863
-0.332877
-0.332877
-0.332877
-0.99863
-0.99863
-0.99863
0.332877
0.99863
0.332877
0.99863
0.332877
0.99863
-0.332877
-0.332877
-0.332877
-0.99863
-0.99863
-0.99863
0.332877
0.99863
0.332877
0.99863
0.332877
0.99863
-0.332877
-0.332877
-0.332877
-0.99863
-0.99863
-0.99863
-0.99863
-0.99863
-0.332877
-0.332877
-0.99863
-0.332877
0.332877
0.332877
0.332877
0.99863
0.99863
0.99863
-0.99863
-0.99863
-0.332877
-0.332877
-0.99863
-0.332877
0.332877
0.332877
0.332877
0.99863
0.99863
0.99863
-0.99863
-0.99863
-0.332877
-0.332877
-0.99863
-0.332877
0.332877
0.332877
0.332877
0.99863
0.99863
0.99863
0.332877
0.99863
0.332877
0.99863
0.332877
0.99863
-0.332877
-0.332877
-0.332877
-0.99863
-0.99863
-0.99863
0.332877
0.99863
0.332877
0.99863
0.332877
0.99863
-0.332877
-0.332877
-0.332877
-0.99863
-0.99863
-0.99863
0.332877
0.332877
0.332877
0.332877
0.99863
0.99863
0.99863
0.99863
0.665753
0.665753
0.665753
0.665753
0.332877
0.332877
0.332877
0.99863
0.99863
0.99863
0.665753
0.665753
0.332877
0.332877
0.99863
0.99863
0.665753
0.332877
0.332877
0.332877
0.99863
0.99863
0.99863
0.665753
0.665753
0.332877
0.332877
0.99863
0.99863
0.665753
0.332877
0.332877
0.99863
0.99863
0.665753
0.332877
0.332877
0.332877
0.99863
0.99863
0.99863
0.665753
0.665753
0.332877
0.332877
0.99863
0.99863
0.665753
0.332877
0.332877
0.99863
0.99863
0.665753
0.332877
0.332877
0.99863
0.99863
0.665753
0.332877
0.332877
0.99863
0.99863
0.665753
0.332877
0.99863
-0.332877
-0.332877
-0.332877
-0.332877
-2.80146e-11
3.07328e-11
7.83611e-11
3.1925e-10
-0.332877
-0.332877
-0.332877
-3.58675e-10
-2.25184e-10
-0.332877
-0.332877
3.18882e-10
-0.332877
-0.332877
-0.332877
5.01966e-11
-6.94235e-11
-0.332877
-0.332877
-9.12443e-11
-0.332877
-0.332877
-2.13557e-10
-0.332877
-0.332877
-0.332877
-1.77387e-10
-1.83012e-10
-0.332877
-0.332877
-2.14921e-10
-0.332877
-0.332877
-1.18314e-10
-0.332877
-0.332877
-6.56755e-11
-0.332877
-0.332877
-6.41476e-11
-0.332877
-0.99863
-0.99863
-0.99863
-0.99863
-0.665753
-0.665753
-0.665753
-0.665753
-0.99863
-0.99863
-0.99863
-0.665753
-0.665753
-0.99863
-0.99863
-0.665753
-0.99863
-0.99863
-0.99863
-0.665753
-0.665753
-0.99863
-0.99863
-0.665753
-0.99863
-0.99863
-0.665753
-0.99863
-0.99863
-0.99863
-0.665753
-0.665753
-0.99863
-0.99863
-0.665753
-0.99863
-0.99863
-0.665753
-0.99863
-0.99863
-0.665753
-0.99863
-0.99863
-0.665753
-0.99863
0.332877
0.332877
0.332877
0.332877
0.99863
0.99863
0.99863
0.99863
0.665753
0.665753
0.665753
0.665753
0.332877
0.332877
0.332877
0.99863
0.99863
0.99863
0.665753
0.332877
0.99863
0.332877
0.332877
0.332877
0.99863
0.99863
0.99863
0.665753
0.665753
0.332877
0.99863
0.332877
0.332877
0.99863
0.99863
0.665753
0.332877
0.332877
0.332877
0.99863
0.99863
0.99863
0.665753
0.665753
0.332877
0.332877
0.99863
0.99863
0.665753
0.332877
0.332877
0.99863
0.99863
0.665753
0.332877
0.332877
0.99863
0.99863
0.665753
0.332877
0.332877
0.99863
0.99863
0.665753
0.332877
0.99863
-0.332877
-0.332877
-0.332877
-0.332877
-1.57307e-10
-2.75648e-10
-4.66202e-10
-4.22586e-10
-0.332877
-0.332877
-0.332877
-1.45439e-10
-0.332877
-0.332877
-0.332877
-0.332877
-5.22612e-10
-5.85897e-10
-0.332877
-0.332877
-0.332877
-7.42772e-10
-0.332877
-0.332877
-0.332877
-4.32546e-10
-4.80197e-10
-0.332877
-0.332877
-5.20514e-10
-0.332877
-0.332877
-2.17888e-10
-0.332877
-0.332877
-3.59635e-10
-0.332877
-0.332877
-2.95861e-10
-0.332877
-0.99863
-0.99863
-0.99863
-0.99863
-0.665753
-0.665753
-0.665753
-0.665753
-0.99863
-0.99863
-0.99863
-0.665753
-0.99863
-0.99863
-0.99863
-0.99863
-0.665753
-0.665753
-0.99863
-0.99863
-0.99863
-0.665753
-0.99863
-0.99863
-0.99863
-0.665753
-0.665753
-0.99863
-0.99863
-0.665753
-0.99863
-0.99863
-0.665753
-0.99863
-0.99863
-0.665753
-0.99863
-0.99863
-0.665753
-0.99863
0.332877
0.332877
0.332877
0.332877
0.99863
0.99863
0.99863
0.99863
0.665753
0.665753
0.665753
0.665753
0.332877
0.332877
0.99863
0.99863
0.332877
0.332877
0.99863
0.99863
0.665753
0.332877
0.332877
0.332877
0.99863
0.99863
0.99863
0.665753
0.665753
0.332877
0.332877
0.99863
0.99863
0.665753
0.332877
0.332877
0.99863
0.99863
0.665753
0.332877
0.332877
0.332877
0.99863
0.99863
0.99863
0.665753
0.665753
0.332877
0.332877
0.99863
0.99863
0.665753
0.332877
0.332877
0.99863
0.99863
0.332877
0.332877
0.99863
0.99863
0.665753
0.332877
0.99863
-0.332877
-0.332877
-0.332877
-0.332877
-1.75436e-10
-1.52106e-10
-4.31261e-11
1.82104e-10
-0.332877
-0.332877
-0.332877
-0.332877
8.29043e-11
-0.332877
-0.332877
-0.332877
-1.01614e-10
-6.28602e-11
-0.332877
-0.332877
-2.33264e-10
-0.332877
-0.332877
-1.32819e-10
-0.332877
-0.332877
-0.332877
-4.63873e-11
-1.24993e-10
-0.332877
-0.332877
-4.42291e-11
-0.332877
-0.332877
-0.332877
-0.332877
-9.41437e-11
-0.332877
-0.99863
-0.99863
-0.99863
-0.99863
-0.665753
-0.665753
-0.665753
-0.665753
-0.99863
-0.99863
-0.99863
-0.99863
-0.665753
-0.99863
-0.99863
-0.99863
-0.665753
-0.665753
-0.99863
-0.99863
-0.665753
-0.99863
-0.99863
-0.665753
-0.99863
-0.99863
-0.99863
-0.665753
-0.665753
-0.99863
-0.99863
-0.665753
-0.99863
-0.99863
-0.99863
-0.99863
-0.665753
-0.99863
0.332877
0.332877
0.332877
0.332877
0.99863
0.99863
0.99863
0.99863
0.665753
0.665753
0.665753
0.665753
0.332877
0.332877
0.99863
0.99863
0.332877
0.99863
0.332877
0.332877
0.332877
0.99863
0.99863
0.99863
0.665753
0.665753
0.332877
0.99863
0.332877
0.332877
0.99863
0.99863
0.665753
0.332877
0.332877
0.332877
0.99863
0.99863
0.99863
0.665753
0.665753
0.332877
0.332877
0.99863
0.99863
0.665753
0.332877
0.332877
0.99863
0.99863
0.332877
0.332877
0.99863
0.99863
0.665753
0.332877
0.99863
-0.332877
-0.332877
-0.332877
-0.332877
-4.99203e-11
-2.98586e-10
-5.0125e-10
-2.60392e-10
-0.332877
-0.332877
-0.332877
-0.332877
-0.332877
-0.332877
-1.81877e-10
-4.49086e-10
-0.332877
-0.332877
-0.332877
-4.20681e-10
-0.332877
-0.332877
-0.332877
-5.66067e-10
-4.26258e-10
-0.332877
-0.332877
-6.74861e-10
-0.332877
-0.332877
-0.332877
-0.332877
-3.0831e-10
-0.332877
-0.99863
-0.99863
-0.99863
-0.99863
-0.665753
-0.665753
-0.665753
-0.665753
-0.99863
-0.99863
-0.99863
-0.99863
-0.99863
-0.99863
-0.665753
-0.665753
-0.99863
-0.99863
-0.99863
-0.665753
-0.99863
-0.99863
-0.99863
-0.665753
-0.665753
-0.99863
-0.99863
-0.665753
-0.99863
-0.99863
-0.99863
-0.99863
-0.665753
-0.99863
0.332877
0.99863
0.665753
0.332877
0.99863
0.665753
0.332877
0.99863
0.332877
0.99863
0.665753
0.332877
0.99863
0.665753
0.332877
0.99863
0.332877
0.99863
0.665753
0.332877
0.99863
0.665753
0.332877
0.99863
-0.332877
-1.86979e-10
-0.332877
-1.81584e-11
-0.332877
-0.332877
-1.78873e-10
-0.332877
-1.07646e-10
-0.332877
-0.332877
-1.47468e-10
-0.332877
-1.296e-10
-0.332877
-0.99863
-0.665753
-0.99863
-0.665753
-0.99863
-0.99863
-0.665753
-0.99863
-0.665753
-0.99863
-0.99863
-0.665753
-0.99863
-0.665753
-0.99863
0.332877
0.99863
0.665753
0.332877
0.99863
0.332877
0.99863
0.665753
0.332877
0.99863
0.332877
0.99863
0.665753
0.332877
0.99863
-0.332877
-1.40152e-10
-0.332877
-0.332877
-6.47008e-11
-0.332877
-0.332877
7.38054e-11
-0.332877
-0.99863
-0.665753
-0.99863
-0.99863
-0.665753
-0.99863
-0.99863
-0.665753
-0.99863
0.332877
0.99863
0.665753
0.332877
0.99863
0.332877
0.99863
0.665753
0.332877
0.99863
0.332877
0.99863
0.665753
0.332877
0.99863
-0.332877
-2.36162e-11
-0.332877
-0.332877
-3.40153e-11
-0.332877
-0.332877
1.16536e-11
-0.332877
-0.99863
-0.665753
-0.99863
-0.99863
-0.665753
-0.99863
-0.99863
-0.665753
-0.99863
0.332877
0.99863
0.665753
0.332877
0.99863
0.332877
0.99863
0.665753
0.332877
0.99863
0.332877
0.99863
0.665753
0.332877
0.99863
-0.332877
1.58445e-10
-0.332877
-0.332877
7.63347e-11
-0.332877
-0.332877
7.17565e-11
-0.332877
-0.99863
-0.665753
-0.99863
-0.99863
-0.665753
-0.99863
-0.99863
-0.665753
-0.99863
0.332877
0.99863
0.665753
0.332877
0.99863
0.332877
0.99863
0.665753
0.332877
0.99863
0.332877
0.99863
0.665753
0.332877
0.99863
-0.332877
-1.85205e-10
-0.332877
-0.332877
-1.5628e-10
-0.332877
-0.332877
-2.88322e-11
-0.332877
-0.99863
-0.665753
-0.99863
-0.99863
-0.665753
-0.99863
-0.99863
-0.665753
-0.99863
0.332877
0.99863
0.665753
0.332877
0.99863
0.332877
0.99863
0.665753
0.332877
0.99863
0.332877
0.99863
0.665753
0.332877
0.99863
-0.332877
-2.7318e-10
-0.332877
-0.332877
-1.66541e-10
-0.332877
-0.332877
8.80422e-11
-0.332877
-0.99863
-0.665753
-0.99863
-0.99863
-0.665753
-0.99863
-0.99863
-0.665753
-0.99863
-0.99863
-0.665753
-0.332877
-0.665753
-0.99863
-0.99863
-0.332877
-0.332877
-0.99863
-0.332877
-0.665753
-0.99863
-0.332877
-0.99863
-0.332877
-1.47735e-10
0.332877
-4.22596e-10
0.332877
0.332877
0.332877
-3.08642e-10
0.332877
0.332877
0.665753
0.99863
0.665753
0.99863
0.99863
0.99863
0.665753
0.99863
0.99863
-0.99863
-0.665753
-0.332877
-0.665753
-0.99863
-0.99863
-0.332877
-0.332877
-0.99863
-0.332877
-0.665753
-0.99863
-0.332877
-0.99863
-0.332877
-4.50584e-10
0.332877
-5.95451e-10
0.332877
0.332877
0.332877
-3.84222e-10
0.332877
0.332877
0.665753
0.99863
0.665753
0.99863
0.99863
0.99863
0.665753
0.99863
0.99863
-0.99863
-0.665753
-0.332877
-0.665753
-0.99863
-0.99863
-0.332877
-0.332877
-0.99863
-0.332877
-0.665753
-0.99863
-0.332877
-0.99863
-0.332877
-3.30496e-10
0.332877
-2.66532e-10
0.332877
0.332877
0.332877
-3.72656e-10
0.332877
0.332877
0.665753
0.99863
0.665753
0.99863
0.99863
0.99863
0.665753
0.99863
0.99863
0.332877
0.665753
0.99863
0.332877
0.99863
0.332877
0.665753
0.99863
0.332877
0.99863
0.332877
0.665753
0.99863
0.332877
0.99863
-0.332877
-4.05651e-11
-0.332877
-0.332877
-4.71155e-11
-0.332877
-0.332877
-1.84417e-10
-0.332877
-0.99863
-0.665753
-0.99863
-0.99863
-0.665753
-0.99863
-0.99863
-0.665753
-0.99863
0.332877
0.665753
0.99863
0.332877
0.99863
0.332877
0.665753
0.99863
0.332877
0.99863
0.332877
0.665753
0.99863
0.332877
0.99863
-0.332877
-1.74258e-10
-0.332877
-0.332877
-2.54543e-11
-0.332877
-0.332877
1.19707e-10
-0.332877
-0.99863
-0.665753
-0.99863
-0.99863
-0.665753
-0.99863
-0.99863
-0.665753
-0.99863
0.332877
0.99863
0.332877
0.99863
0.332877
0.99863
-0.332877
-0.332877
-0.332877
-0.99863
-0.99863
-0.99863
0.332877
0.665753
0.665753
0.665753
0.665753
0.99863
0.332877
0.665753
0.665753
0.665753
0.99863
0.332877
0.665753
0.665753
0.99863
0.332877
0.665753
0.665753
0.665753
0.99863
0.332877
0.665753
0.665753
0.99863
0.332877
0.665753
0.665753
0.99863
0.332877
0.665753
0.665753
0.665753
0.99863
0.332877
0.665753
0.665753
0.99863
0.332877
0.665753
0.665753
0.99863
0.332877
0.665753
0.665753
0.99863
0.332877
0.665753
0.665753
0.99863
0.332877
0.665753
0.99863
-0.332877
3.53787e-11
1.13781e-10
2.33164e-10
1.69298e-10
-0.332877
-2.91176e-10
-1.74531e-10
-2.94981e-10
-0.332877
4.83137e-11
3.45747e-10
-0.332877
2.87157e-10
9.77292e-12
3.87324e-11
-0.332877
3.30561e-10
-6.83795e-11
-0.332877
1.25935e-11
-2.20203e-11
-0.332877
-1.04217e-10
-4.91171e-11
-2.13413e-10
-0.332877
-2.42693e-10
-1.88423e-10
-0.332877
-1.94538e-10
-1.44236e-10
-0.332877
-6.70918e-11
-4.91315e-11
-0.332877
-8.96463e-11
-7.55142e-11
-0.332877
-1.51924e-10
-0.99863
-0.665753
-0.665753
-0.665753
-0.665753
-0.99863
-0.665753
-0.665753
-0.665753
-0.99863
-0.665753
-0.665753
-0.99863
-0.665753
-0.665753
-0.665753
-0.99863
-0.665753
-0.665753
-0.99863
-0.665753
-0.665753
-0.99863
-0.665753
-0.665753
-0.665753
-0.99863
-0.665753
-0.665753
-0.99863
-0.665753
-0.665753
-0.99863
-0.665753
-0.665753
-0.99863
-0.665753
-0.665753
-0.99863
-0.665753
0.332877
0.665753
0.665753
0.665753
0.665753
0.99863
0.332877
0.665753
0.665753
0.665753
0.99863
0.332877
0.665753
0.99863
0.332877
0.665753
0.665753
0.665753
0.99863
0.332877
0.665753
0.99863
0.332877
0.665753
0.665753
0.99863
0.332877
0.665753
0.665753
0.665753
0.99863
0.332877
0.665753
0.665753
0.99863
0.332877
0.665753
0.665753
0.99863
0.332877
0.665753
0.665753
0.99863
0.332877
0.665753
0.665753
0.99863
0.332877
0.665753
0.99863
-0.332877
-2.33692e-10
-3.93833e-10
-5.35776e-10
-3.43944e-10
-0.332877
-2.12602e-10
-2.5876e-10
-1.97881e-10
-0.332877
-3.33129e-10
-0.332877
-4.80169e-10
-5.77679e-10
-6.44974e-10
-0.332877
-3.37749e-10
-0.332877
-5.88645e-10
-7.51384e-10
-0.332877
-3.70784e-10
-4.28585e-10
-5.38414e-10
-0.332877
-3.74276e-10
-4.79404e-10
-0.332877
-3.54853e-10
-3.29215e-10
-0.332877
-4.7738e-10
-3.11805e-10
-0.332877
-2.61904e-10
-3.52955e-10
-0.332877
-1.93287e-10
-0.99863
-0.665753
-0.665753
-0.665753
-0.665753
-0.99863
-0.665753
-0.665753
-0.665753
-0.99863
-0.665753
-0.99863
-0.665753
-0.665753
-0.665753
-0.99863
-0.665753
-0.99863
-0.665753
-0.665753
-0.99863
-0.665753
-0.665753
-0.665753
-0.99863
-0.665753
-0.665753
-0.99863
-0.665753
-0.665753
-0.99863
-0.665753
-0.665753
-0.99863
-0.665753
-0.665753
-0.99863
-0.665753
0.332877
0.665753
0.665753
0.665753
0.665753
0.99863
0.332877
0.665753
0.665753
0.99863
0.332877
0.665753
0.665753
0.99863
0.332877
0.665753
0.665753
0.665753
0.99863
0.332877
0.665753
0.665753
0.99863
0.332877
0.665753
0.665753
0.99863
0.332877
0.665753
0.665753
0.665753
0.99863
0.332877
0.665753
0.665753
0.99863
0.332877
0.665753
0.665753
0.99863
0.332877
0.665753
0.665753
0.99863
0.332877
0.665753
0.99863
0.332877
0.99863
-0.332877
-1.55748e-10
-5.71299e-11
8.6404e-11
-5.25417e-11
-0.332877
-2.49662e-10
-2.0733e-10
-0.332877
-7.58113e-11
1.53238e-10
-0.332877
1.34784e-10
3.44979e-11
2.43627e-12
-0.332877
1.30194e-10
-2.22009e-10
-0.332877
-1.14352e-10
-1.0114e-10
-0.332877
3.92287e-11
-6.36136e-11
-1.14107e-10
-0.332877
-1.12794e-10
-8.01563e-12
-0.332877
-1.34791e-10
-1.37229e-10
-0.332877
-5.34391e-11
-1.36927e-10
-0.332877
-1.71019e-10
-0.332877
-0.99863
-0.665753
-0.665753
-0.665753
-0.665753
-0.99863
-0.665753
-0.665753
-0.99863
-0.665753
-0.665753
-0.99863
-0.665753
-0.665753
-0.665753
-0.99863
-0.665753
-0.665753
-0.99863
-0.665753
-0.665753
-0.99863
-0.665753
-0.665753
-0.665753
-0.99863
-0.665753
-0.665753
-0.99863
-0.665753
-0.665753
-0.99863
-0.665753
-0.665753
-0.99863
-0.665753
-0.99863
0.332877
0.665753
0.665753
0.665753
0.665753
0.99863
0.332877
0.665753
0.665753
0.99863
0.332877
0.665753
0.99863
0.332877
0.665753
0.665753
0.665753
0.99863
0.332877
0.665753
0.99863
0.332877
0.665753
0.665753
0.99863
0.332877
0.665753
0.665753
0.665753
0.99863
0.332877
0.665753
0.665753
0.99863
0.332877
0.665753
0.665753
0.99863
0.332877
0.665753
0.665753
0.99863
0.332877
0.665753
0.99863
0.332877
0.99863
-0.332877
-1.74268e-10
-4.0722e-10
-4.18241e-10
-2.05137e-10
-0.332877
-1.44814e-10
-1.01237e-10
-0.332877
-1.47445e-10
-0.332877
-2.33665e-10
-5.32588e-10
-3.26457e-10
-0.332877
-1.31072e-10
-0.332877
-2.15757e-10
-5.09334e-10
-0.332877
-3.90679e-10
-5.25339e-10
-5.87098e-10
-0.332877
-3.95102e-10
-6.55319e-10
-0.332877
-3.96258e-10
-3.72077e-10
-0.332877
-3.7512e-10
-3.23567e-10
-0.332877
-2.10646e-10
-0.332877
-0.99863
-0.665753
-0.665753
-0.665753
-0.665753
-0.99863
-0.665753
-0.665753
-0.99863
-0.665753
-0.99863
-0.665753
-0.665753
-0.665753
-0.99863
-0.665753
-0.99863
-0.665753
-0.665753
-0.99863
-0.665753
-0.665753
-0.665753
-0.99863
-0.665753
-0.665753
-0.99863
-0.665753
-0.665753
-0.99863
-0.665753
-0.665753
-0.99863
-0.665753
-0.99863
0.665753
0.332877
0.99863
0.665753
0.665753
0.665753
0.332877
0.99863
0.665753
0.665753
0.665753
0.332877
0.99863
0.665753
0.665753
-2.14053e-10
-0.332877
-5.76211e-11
-1.34974e-10
-1.76605e-10
-0.332877
1.5539e-10
4.24289e-11
-2.14335e-10
-0.332877
2.50405e-10
-1.22825e-10
-0.665753
-0.99863
-0.665753
-0.665753
-0.665753
-0.99863
-0.665753
-0.665753
-0.665753
-0.99863
-0.665753
-0.665753
0.332877
0.99863
0.665753
0.665753
0.332877
0.99863
0.665753
0.665753
0.332877
0.99863
0.665753
0.665753
-0.332877
-2.75826e-10
-5.22089e-10
-0.332877
-1.4384e-10
-1.17316e-10
-0.332877
-3.17759e-11
3.01025e-10
-0.99863
-0.665753
-0.665753
-0.99863
-0.665753
-0.665753
-0.99863
-0.665753
-0.665753
0.332877
0.99863
0.665753
0.665753
0.332877
0.99863
0.665753
0.665753
0.332877
0.99863
0.665753
0.665753
-0.332877
-5.44233e-10
4.62792e-11
-0.332877
-4.71829e-10
7.17858e-11
-0.332877
-2.51824e-10
-2.87342e-11
-0.99863
-0.665753
-0.665753
-0.99863
-0.665753
-0.665753
-0.99863
-0.665753
-0.665753
0.665753
0.332877
0.99863
0.665753
0.665753
0.332877
0.99863
0.665753
0.665753
0.332877
0.99863
0.665753
1.42721e-10
-0.332877
-9.20109e-11
1.80041e-10
-0.332877
-1.7311e-10
-8.56014e-12
-0.332877
-2.24057e-10
-0.665753
-0.99863
-0.665753
-0.665753
-0.99863
-0.665753
-0.665753
-0.99863
-0.665753
0.665753
0.332877
0.99863
0.665753
0.665753
0.332877
0.99863
0.665753
0.665753
0.332877
0.99863
0.665753
-3.28909e-10
-0.332877
-2.84156e-10
-2.45409e-10
-0.332877
-4.06599e-10
-2.00359e-11
-0.332877
-3.34628e-10
-0.665753
-0.99863
-0.665753
-0.665753
-0.99863
-0.665753
-0.665753
-0.99863
-0.665753
0.665753
0.332877
0.99863
0.665753
0.665753
0.332877
0.99863
0.665753
0.665753
0.332877
0.99863
0.665753
-2.27823e-10
-0.332877
-3.76523e-10
-2.42255e-10
-0.332877
-2.17588e-10
9.21482e-11
-0.332877
-7.95296e-11
-0.665753
-0.99863
-0.665753
-0.665753
-0.99863
-0.665753
-0.665753
-0.99863
-0.665753
-0.99863
-0.665753
-0.332877
-0.665753
-0.665753
-0.99863
-0.332877
-0.665753
-0.665753
-0.99863
-0.332877
-0.665753
-2.76142e-10
0.332877
-3.80135e-10
-7.14902e-11
0.332877
-4.84006e-10
-4.76851e-10
0.332877
-3.25173e-10
0.665753
0.99863
0.665753
0.665753
0.99863
0.665753
0.665753
0.99863
0.665753
-0.99863
-0.665753
-0.332877
-0.665753
-0.665753
-0.99863
-0.332877
-0.665753
-0.665753
-0.99863
-0.332877
-0.665753
-3.5692e-10
0.332877
-2.81039e-10
-4.80303e-10
0.332877
-3.15731e-10
-3.37412e-10
0.332877
-4.42546e-10
0.665753
0.99863
0.665753
0.665753
0.99863
0.665753
0.665753
0.99863
0.665753
-0.99863
-0.665753
-0.332877
-0.665753
-0.665753
-0.99863
-0.332877
-0.665753
-0.665753
-0.99863
-0.332877
-0.665753
2.0819e-11
0.332877
-3.57618e-10
-2.33458e-10
0.332877
-5.20455e-10
-2.75716e-10
0.332877
-5.14186e-10
0.665753
0.99863
0.665753
0.665753
0.99863
0.665753
0.665753
0.99863
0.665753
0.332877
0.665753
0.99863
0.665753
0.332877
0.665753
0.99863
0.665753
0.332877
0.665753
0.99863
0.665753
-0.332877
-1.43992e-10
1.29431e-10
-0.332877
-9.15541e-11
3.09836e-11
-0.332877
1.39494e-10
-5.05946e-11
-0.99863
-0.665753
-0.665753
-0.99863
-0.665753
-0.665753
-0.99863
-0.665753
-0.665753
0.332877
0.665753
0.99863
0.665753
0.332877
0.665753
0.99863
0.665753
0.332877
0.665753
0.99863
0.665753
-0.332877
-1.91911e-10
-2.43206e-10
-0.332877
-3.09632e-10
-1.74103e-10
-0.332877
-1.95776e-10
1.10738e-10
-0.99863
-0.665753
-0.665753
-0.99863
-0.665753
-0.665753
-0.99863
-0.665753
-0.665753
0.332877
0.665753
0.99863
0.332877
0.665753
0.99863
0.332877
0.665753
0.99863
-0.332877
-1.8998e-10
-0.332877
-6.06136e-11
-0.332877
7.98814e-11
-0.99863
-0.665753
-0.99863
-0.665753
-0.99863
-0.665753
0.665753
0.665753
0.665753
0.665753
0.665753
0.665753
0.665753
0.665753
0.665753
0.665753
0.665753
0.665753
2.35434e-10
-2.06203e-10
2.12758e-10
1.22054e-10
3.4113e-10
-3.44255e-11
-1.19492e-10
-1.12892e-10
-2.6209e-10
-3.65211e-11
-6.97931e-11
-1.36265e-10
-0.665753
-0.665753
-0.665753
-0.665753
-0.665753
-0.665753
-0.665753
-0.665753
-0.665753
-0.665753
-0.665753
-0.665753
0.665753
0.665753
0.665753
0.665753
0.665753
0.665753
0.665753
0.665753
0.665753
0.665753
0.665753
0.665753
-3.47196e-10
-1.89764e-10
-2.18474e-10
-5.67143e-10
-4.07656e-10
-6.8052e-10
-3.962e-10
-3.5888e-10
-4.86639e-10
-4.14786e-10
-3.85367e-10
-2.87e-10
-0.665753
-0.665753
-0.665753
-0.665753
-0.665753
-0.665753
-0.665753
-0.665753
-0.665753
-0.665753
-0.665753
-0.665753
0.665753
0.665753
0.665753
0.665753
0.665753
0.665753
0.665753
0.665753
0.665753
0.665753
0.665753
0.665753
-9.61672e-12
-2.26632e-10
-7.91591e-11
9.73893e-12
1.47943e-10
-1.7107e-10
-1.55513e-11
4.53904e-11
-1.72282e-10
-1.03441e-10
-1.50652e-10
-1.70393e-10
-0.665753
-0.665753
-0.665753
-0.665753
-0.665753
-0.665753
-0.665753
-0.665753
-0.665753
-0.665753
-0.665753
-0.665753
0.665753
0.665753
0.665753
0.665753
0.665753
0.665753
0.665753
0.665753
0.665753
0.665753
0.665753
0.665753
-3.28138e-10
-3.14852e-11
-1.29082e-10
-3.74004e-10
-1.46734e-10
-2.34998e-10
-5.08712e-10
-3.91845e-10
-5.03794e-10
-4.31493e-10
-2.71637e-10
-1.9435e-10
-0.665753
-0.665753
-0.665753
-0.665753
-0.665753
-0.665753
-0.665753
-0.665753
-0.665753
-0.665753
-0.665753
-0.665753
0.665753
0.665753
0.665753
-1.23446e-10
1.88709e-10
3.06501e-10
-0.665753
-0.665753
-0.665753
0.665753
0.665753
0.665753
-2.40883e-10
-8.37423e-11
-1.25736e-10
-0.665753
-0.665753
-0.665753
0.665753
0.665753
0.665753
-4.6843e-10
-4.97867e-10
-4.25481e-10
-0.665753
-0.665753
-0.665753
0.665753
0.665753
0.665753
5.98645e-11
-1.79801e-11
-2.21926e-10
-0.665753
-0.665753
-0.665753
0.665753
0.665753
0.665753
-5.98841e-11
-3.58185e-10
-3.26974e-10
-0.665753
-0.665753
-0.665753
0.665753
0.665753
0.665753
-3.83945e-10
-2.90008e-10
-3.66238e-11
-0.665753
-0.665753
-0.665753
-0.665753
-0.665753
-0.665753
-4.22436e-10
-4.73091e-10
-2.71481e-10
0.665753
0.665753
0.665753
-0.665753
-0.665753
-0.665753
-5.74345e-10
-2.17477e-10
-2.60134e-10
0.665753
0.665753
0.665753
-0.665753
-0.665753
-0.665753
-2.11549e-10
-5.40544e-10
-5.81861e-10
0.665753
0.665753
0.665753
0.665753
0.665753
0.665753
-1.33602e-10
-6.24436e-11
8.25415e-12
-0.665753
-0.665753
-0.665753
0.665753
0.665753
0.665753
-1.83079e-11
-3.01335e-10
-2.94314e-10
-0.665753
-0.665753
-0.665753
0.665753
0.665753
0.665753
-1.29698e-10
-5.81419e-11
2.12036e-10
-0.665753
-0.665753
-0.665753
