FiniteElementSpace
FiniteElementCollection: L2_3D_P1
VDim: 1
Ordering: 0

0.647028
0.427776
0.67798
0.495561
0.647028
0.427776
0.67798
0.495561
0.759154
0.562097
0.764159
0.438367
0.759154
0.562097
0.764159
0.438367
0.488182
0.549947
0.806455
0.809152
0.488182
0.549947
0.806455
0.809152
0.740753
0.699466
0.628883
0.541471
0.740753
0.699466
0.628883
0.541471
0.399947
0.441173
0.792637
0.802023
0.399947
0.441173
0.792637
0.802023
0.599091
0.447601
0.803588
0.795514
0.599091
0.447601
0.803588
0.795514
0.235158
0.483119
0.137022
0.358501
0.235158
0.483119
0.137022
0.358501
0.364956
0.75307
0.295041
0.676068
0.364956
0.75307
0.295041
0.676068
0.0350859
0.0975104
0.0700032
0.145846
0.0350859
0.0975104
0.0700032
0.145846
0.15047
0.125383
0.28653
0.318764
0.15047
0.125383
0.28653
0.318764
0.062427
0.0332997
0.0985236
0.0670675
0.062427
0.0332997
0.0985236
0.0670675
0.272713
0.112061
0.274099
0.144521
0.272713
0.112061
0.274099
0.144521
0.647028
0.427776
0.67798
0.495561
0.647028
0.427776
0.67798
0.495561
0.759154
0.562097
0.764159
0.438367
0.759154
0.562097
0.764159
0.438367
0.488182
0.549947
0.806455
0.809152
0.488182
0.549947
0.806455
0.809152
0.740753
0.699466
0.628883
0.541471
0.740753
0.699466
0.628883
0.541471
0.399947
0.441173
0.792637
0.802023
0.399947
0.441173
0.792637
0.802023
0.599091
0.447601
0.803588
0.795514
0.599091
0.447601
0.803588
0.795514
0.235158
0.483119
0.137022
0.358501
0.235158
0.483119
0.137022
0.358501
0.364956
0.75307
0.295041
0.676068
0.364956
0.75307
0.295041
0.676068
0.0350859
0.0975104
0.0700032
0.145846
0.0350859
0.0975104
0.0700032
0.145846
0.15047
0.125383
0.28653
0.318764
0.15047
0.125383
0.28653
0.318764
0.062427
0.0332997
0.0985236
0.0670675
0.062427
0.0332997
0.0985236
0.0670675
0.272713
0.112061
0.274099
0.144521
0.272713
0.112061
0.274099
0.144521
0.647028
0.427776
0.67798
0.495561
0.647028
0.427776
0.67798
0.495561
0.759154
0.562097
0.764159
0.438367
0.759154
0.562097
0.764159
0.438367
0.488182
0.549947
0.806455
0.809152
0.488182
0.549947
0.806455
0.809152
0.740753
0.699466
0.628883
0.541471
0.740753
0.699466
0.628883
0.541471
0.399947
0.441173
0.792637
0.802023
0.399947
0.441173
0.792637
0.802023
0.599091
0.447601
0.803588
0.795514
0.599091
0.447601
0.803588
0.795514
0.235158
0.483119
0.137022
0.358501
0.235158
0.483119
0.137022
0.358501
0.364956
0.75307
0.295041
0.676068
0.364956
0.75307
0.295041
0.676068
0.0350859
0.0975104
0.0700032
0.145846
0.0350859
0.0975104
0.0700032
0.145846
0.15047
0.125383
0.28653
0.318764
0.15047
0.125383
0.28653
0.318764
0.062427
0.0332997
0.0985236
0.0670675
0.062427
0.0332997
0.0985236
0.0670675
0.272713
0.112061
0.274099
0.144521
0.272713
0.112061
0.274099
0.144521
0.0892308
0.163355
0.200443
0.32125
0.0892308
0.163355
0.200443
0.32125
0.0329222
0.0624348
0.0558655
0.104482
0.0329222
0.0624348
0.0558655
0.104482
0.0968162
0.0337621
0.144469
0.0568745
0.0968162
0.0337621
0.144469
0.0568745
0.629919
0.34992
0.673748
0.475687
0.629919
0.34992
0.673748
0.475687
0.753434
0.370916
0.729874
0.31597
0.753434
0.370916
0.729874
0.31597
0.489859
0.547762
0.808095
0.819105
0.489859
0.547762
0.808095
0.819105
0.740878
0.700819
0.626635
0.542194
0.740878
0.700819
0.626635
0.542194
0.400505
0.440744
0.793312
0.802332
0.400505
0.440744
0.793312
0.802332
0.601486
0.447404
0.795181
0.795439
0.601486
0.447404
0.795181
0.795439
0.35089
0.524236
0.231485
0.401928
0.35089
0.524236
0.231485
0.401928
0.562424
0.76527
0.43639
0.720887
0.562424
0.76527
0.43639
0.720887
0.114809
0.277432
0.161723
0.285038
0.114809
0.277432
0.161723
0.285038
0.0892308
0.163355
0.200443
0.32125
0.0892308
0.163355
0.200443
0.32125
0.0329222
0.0624348
0.0558655
0.104482
0.0329222
0.0624348
0.0558655
0.104482
0.0968162
0.0337621
0.144469
0.0568745
0.0968162
0.0337621
0.144469
0.0568745
0.629919
0.34992
0.673748
0.475687
0.629919
0.34992
0.673748
0.475687
0.753434
0.370916
0.729874
0.31597
0.753434
0.370916
0.729874
0.31597
0.489859
0.547762
0.808095
0.819105
0.489859
0.547762
0.808095
0.819105
0.740878
0.700819
0.626635
0.542194
0.740878
0.700819
0.626635
0.542194
0.400505
0.440744
0.793312
0.802332
0.400505
0.440744
0.793312
0.802332
0.601486
0.447404
0.795181
0.795439
0.601486
0.447404
0.795181
0.795439
0.35089
0.524236
0.231485
0.401928
0.35089
0.524236
0.231485
0.401928
0.562424
0.76527
0.43639
0.720887
0.562424
0.76527
0.43639
0.720887
0.114809
0.277432
0.161723
0.285038
0.114809
0.277432
0.161723
0.285038
0.0892308
0.163355
0.200443
0.32125
0.0892308
0.163355
0.200443
0.32125
0.0329222
0.0624348
0.0558655
0.104482
0.0329222
0.0624348
0.0558655
0.104482
0.0968162
0.0337621
0.144469
0.0568745
0.0968162
0.0337621
0.144469
0.0568745
0.629919
0.34992
0.673748
0.475687
0.629919
0.34992
0.673748
0.475687
0.753434
0.370916
0.729874
0.31597
0.753434
0.370916
0.729874
0.31597
0.489859
0.547762
0.808095
0.819105
0.489859
0.547762
0.808095
0.819105
0.740878
0.700819
0.626635
0.542194
0.740878
0.700819
0.626635
0.542194
0.400505
0.440744
0.793312
0.802332
0.400505
0.440744
0.793312
0.802332
0.601486
0.447404
0.795181
0.795439
0.601486
0.447404
0.795181
0.795439
0.35089
0.524236
0.231485
0.401928
0.35089
0.524236
0.231485
0.401928
0.562424
0.76527
0.43639
0.720887
0.562424
0.76527
0.43639
0.720887
0.114809
0.277432
0.161723
0.285038
0.114809
0.277432
0.161723
0.285038
0.647028
0.427776
0.67798
0.495561
0.647028
0.427776
0.67798
0.495561
0.759154
0.562097
0.764159
0.438367
0.759154
0.562097
0.764159
0.438367
0.488182
0.549947
0.806455
0.809152
0.488182
0.549947
0.806455
0.809152
0.740753
0.699466
0.628883
0.541471
0.740753
0.699466
0.628883
0.541471
0.399947
0.441173
0.792637
0.802023
0.399947
0.441173
0.792637
0.802023
0.599091
0.447601
0.803588
0.795514
0.599091
0.447601
0.803588
0.795514
0.235158
0.483119
0.137022
0.358501
0.235158
0.483119
0.137022
0.358501
0.364956
0.75307
0.295041
0.676068
0.364956
0.75307
0.295041
0.676068
0.0350859
0.0975104
0.0700032
0.145846
0.0350859
0.0975104
0.0700032
0.145846
0.15047
0.125383
0.28653
0.318764
0.15047
0.125383
0.28653
0.318764
0.062427
0.0332997
0.0985236
0.0670675
0.062427
0.0332997
0.0985236
0.0670675
0.272713
0.112061
0.274099
0.144521
0.272713
0.112061
0.274099
0.144521
0.647028
0.427776
0.67798
0.495561
0.647028
0.427776
0.67798
0.495561
0.759154
0.562097
0.764159
0.438367
0.759154
0.562097
0.764159
0.438367
0.488182
0.549947
0.806455
0.809152
0.488182
0.549947
0.806455
0.809152
0.740753
0.699466
0.628883
0.541471
0.740753
0.699466
0.628883
0.541471
0.399947
0.441173
0.792637
0.802023
0.399947
0.441173
0.792637
0.802023
0.599091
0.447601
0.803588
0.795514
0.599091
0.447601
0.803588
0.795514
0.235158
0.483119
0.137022
0.358501
0.235158
0.483119
0.137022
0.358501
0.364956
0.75307
0.295041
0.676068
0.364956
0.75307
0.295041
0.676068
0.0350859
0.0975104
0.0700032
0.145846
0.0350859
0.0975104
0.0700032
0.145846
0.15047
0.125383
0.28653
0.318764
0.15047
0.125383
0.28653
0.318764
0.062427
0.0332997
0.0985236
0.0670675
0.062427
0.0332997
0.0985236
0.0670675
0.272713
0.112061
0.274099
0.144521
0.272713
0.112061
0.274099
0.144521
0.647028
0.427776
0.67798
0.495561
0.647028
0.427776
0.67798
0.495561
0.759154
0.562097
0.764159
0.438367
0.759154
0.562097
0.764159
0.438367
0.488182
0.549947
0.806455
0.809152
0.488182
0.549947
0.806455
0.809152
0.740753
0.699466
0.628883
0.541471
0.740753
0.699466
0.628883
0.541471
0.399947
0.441173
0.792637
0.802023
0.399947
0.441173
0.792637
0.802023
0.599091
0.447601
0.803588
0.795514
0.599091
0.447601
0.803588
0.795514
0.235158
0.483119
0.137022
0.358501
0.235158
0.483119
0.137022
0.358501
0.364956
0.75307
0.295041
0.676068
0.364956
0.75307
0.295041
0.676068
0.0350859
0.0975104
0.0700032
0.145846
0.0350859
0.0975104
0.0700032
0.145846
0.15047
0.125383
0.28653
0.318764
0.15047
0.125383
0.28653
0.318764
0.062427
0.0332997
0.0985236
0.0670675
0.062427
0.0332997
0.0985236
0.0670675
0.272713
0.112061
0.274099
0.144521
0.272713
0.112061
0.274099
0.144521
0.0892308
0.163355
0.200443
0.32125
0.0892308
0.163355
0.200443
0.32125
0.0329222
0.0624348
0.0558655
0.104482
0.0329222
0.0624348
0.0558655
0.104482
0.0968162
0.0337621
0.144469
0.0568745
0.0968162
0.0337621
0.144469
0.0568745
0.629919
0.34992
0.673748
0.475687
0.629919
0.34992
0.673748
0.475687
0.753434
0.370916
0.729874
0.31597
0.753434
0.370916
0.729874
0.31597
0.489859
0.547762
0.808095
0.819105
0.489859
0.547762
0.808095
0.819105
0.740878
0.700819
0.626635
0.542194
0.740878
0.700819
0.626635
0.542194
0.400505
0.440744
0.793312
0.802332
0.400505
0.440744
0.793312
0.802332
0.601486
0.447404
0.795181
0.795439
0.601486
0.447404
0.795181
0.795439
0.35089
0.524236
0.231485
0.401928
0.35089
0.524236
0.231485
0.401928
0.562424
0.76527
0.43639
0.720887
0.562424
0.76527
0.43639
0.720887
0.114809
0.277432
0.161723
0.285038
0.114809
0.277432
0.161723
0.285038
0.0892308
0.163355
0.200443
0.32125
0.0892308
0.163355
0.200443
0.32125
0.0329222
0.0624348
0.0558655
0.104482
0.0329222
0.0624348
0.0558655
0.104482
0.0968162
0.0337621
0.144469
0.0568745
0.0968162
0.0337621
0.144469
0.0568745
0.629919
0.34992
0.673748
0.475687
0.629919
0.34992
0.673748
0.475687
0.753434
0.370916
0.729874
0.31597
0.753434
0.370916
0.729874
0.31597
0.489859
0.547762
0.808095
0.819105
0.489859
0.547762
0.808095
0.819105
0.740878
0.700819
0.626635
0.542194
0.740878
0.700819
0.626635
0.542194
0.400505
0.440744
0.793312
0.802332
0.400505
0.440744
0.793312
0.802332
0.601486
0.447404
0.795181
0.795439
0.601486
0.447404
0.795181
0.795439
0.35089
0.524236
0.231485
0.401928
0.35089
0.524236
0.231485
0.401928
0.562424
0.76527
0.43639
0.720887
0.562424
0.76527
0.43639
0.720887
0.114809
0.277432
0.161723
0.285038
0.114809
0.277432
0.161723
0.285038
0.0892308
0.163355
0.200443
0.32125
0.0892308
0.163355
0.200443
0.32125
0.0329222
0.0624348
0.0558655
0.104482
0.0329222
0.0624348
0.0558655
0.104482
0.0968162
0.0337621
0.144469
0.0568745
0.0968162
0.0337621
0.144469
0.0568745
0.629919
0.34992
0.673748
0.475687
0.629919
0.34992
0.673748
0.475687
0.753434
0.370916
0.729874
0.31597
0.753434
0.370916
0.729874
0.31597
0.489859
0.547762
0.808095
0.819105
0.489859
0.547762
0.808095
0.819105
0.740878
0.700819
0.626635
0.542194
0.740878
0.700819
0.626635
0.542194
0.400505
0.440744
0.793312
0.802332
0.400505
0.440744
0.793312
0.802332
0.601486
0.447404
0.795181
0.795439
0.601486
0.447404
0.795181
0.795439
0.35089
0.524236
0.231485
0.401928
0.35089
0.524236
0.231485
0.401928
0.562424
0.76527
0.43639
0.720887
0.562424
0.76527
0.43639
0.720887
0.114809
0.277432
0.161723
0.285038
0.114809
0.277432
0.161723
0.285038
8.05791e-06
1.057e-05
8.05794e-06
1.05701e-05
8.13312e-06
1.07681e-05
8.13314e-06
1.07681e-05
4.18882e-06
6.35164e-06
4.18884e-06
6.35166e-06
4.21246e-06
6.40049e-06
4.21246e-06
6.4005e-06
6.74856e-07
2.67053e-06
6.74856e-07
2.67053e-06
6.78032e-07
2.68468e-06
6.78032e-07
2.68468e-06
8.05789e-06
1.057e-05
8.05791e-06
1.057e-05
8.13313e-06
1.07681e-05
8.13312e-06
1.07681e-05
4.18882e-06
6.35161e-06
4.18883e-06
6.35166e-06
4.21246e-06
6.40048e-06
4.21246e-06
6.4005e-06
6.74856e-07
2.67051e-06
6.74857e-07
2.67052e-06
6.78032e-07
2.68467e-06
6.78033e-07
2.68467e-06
8.05792e-06
1.05701e-05
8.0579e-06
1.05701e-05
8.13314e-06
1.07681e-05
8.13313e-06
1.07681e-05
4.18883e-06
6.35166e-06
4.18882e-06
6.35167e-06
4.21246e-06
6.4005e-06
4.21246e-06
6.40051e-06
6.74856e-07
2.67053e-06
6.74856e-07
2.67052e-06
6.78032e-07
2.68468e-06
6.78032e-07
2.68467e-06
8.1701e-06
1.07963e-05
8.1701e-06
1.07963e-05
8.15324e-06
1.07691e-05
8.15324e-06
1.0769e-05
4.22639e-06
6.42439e-06
4.22639e-06
6.42439e-06
4.21856e-06
6.41177e-06
4.21856e-06
6.41176e-06
6.79891e-07
2.69261e-06
6.79891e-07
2.6926e-06
6.78634e-07
2.68752e-06
6.78634e-07
2.68752e-06
8.17008e-06
1.07963e-05
8.17008e-06
1.07963e-05
8.15322e-06
1.0769e-05
8.15324e-06
1.0769e-05
4.22638e-06
6.42438e-06
4.22638e-06
6.42439e-06
4.21856e-06
6.41175e-06
4.21856e-06
6.41177e-06
6.79891e-07
2.6926e-06
6.79891e-07
2.6926e-06
6.78634e-07
2.68752e-06
6.78634e-07
2.68752e-06
8.17011e-06
1.07963e-05
8.17011e-06
1.07963e-05
8.1532e-06
1.0769e-05
8.15322e-06
1.0769e-05
4.22639e-06
6.42438e-06
4.22639e-06
6.42439e-06
4.21855e-06
6.41173e-06
4.21855e-06
6.41175e-06
6.7989e-07
2.6926e-06
6.7989e-07
2.6926e-06
6.78634e-07
2.68751e-06
6.78634e-07
2.68752e-06
8.09426e-06
1.07139e-05
8.09426e-06
1.07139e-05
7.99491e-06
1.04896e-05
7.9949e-06
1.04895e-05
4.19335e-06
6.37049e-06
4.19334e-06
6.37048e-06
4.16025e-06
6.3058e-06
4.16024e-06
6.30579e-06
6.75073e-07
2.67279e-06
6.75073e-07
2.67279e-06
6.7047e-07
2.65271e-06
6.7047e-07
2.6527e-06
8.09425e-06
1.07139e-05
8.09426e-06
1.07139e-05
7.99489e-06
1.04896e-05
7.99491e-06
1.04896e-05
4.19334e-06
6.37048e-06
4.19334e-06
6.37049e-06
4.16024e-06
6.30579e-06
4.16025e-06
6.3058e-06
6.75073e-07
2.67279e-06
6.75074e-07
2.67279e-06
6.70469e-07
2.65271e-06
6.7047e-07
2.65271e-06
8.09422e-06
1.07138e-05
8.09423e-06
1.07139e-05
7.99486e-06
1.04895e-05
7.99489e-06
1.04895e-05
4.19333e-06
6.37045e-06
4.19333e-06
6.37047e-06
4.16023e-06
6.30575e-06
4.16024e-06
6.30578e-06
6.75071e-07
2.67278e-06
6.75071e-07
2.67278e-06
6.7047e-07
2.65269e-06
6.7047e-07
2.6527e-06
8.12512e-06
1.07464e-05
8.12517e-06
1.07465e-05
8.05796e-06
1.05917e-05
8.058e-06
1.05917e-05
4.2093e-06
6.39445e-06
4.20931e-06
6.39447e-06
4.18811e-06
6.35187e-06
4.18812e-06
6.3519e-06
6.77584e-07
2.68276e-06
6.77584e-07
2.68276e-06
6.74722e-07
2.67007e-06
6.74723e-07
2.67007e-06
8.1251e-06
1.07463e-05
8.12513e-06
1.07464e-05
8.05794e-06
1.05916e-05
8.05795e-06
1.05916e-05
4.20929e-06
6.39438e-06
4.20929e-06
6.39445e-06
4.1881e-06
6.35184e-06
4.1881e-06
6.35187e-06
6.77585e-07
2.68273e-06
6.77585e-07
2.68274e-06
6.74723e-07
2.67006e-06
6.74723e-07
2.67006e-06
8.12511e-06
1.07464e-05
8.1251e-06
1.07463e-05
8.05797e-06
1.05917e-05
8.05796e-06
1.05917e-05
4.20929e-06
6.39442e-06
4.20928e-06
6.39444e-06
4.18811e-06
6.35188e-06
4.1881e-06
6.35188e-06
6.77584e-07
2.68274e-06
6.77584e-07
2.68274e-06
6.74723e-07
2.67006e-06
6.74723e-07
2.67006e-06
8.15869e-06
1.07834e-05
8.15868e-06
1.07834e-05
8.16052e-06
1.0776e-05
8.16055e-06
1.07761e-05
4.21942e-06
6.41411e-06
4.2194e-06
6.41412e-06
4.22358e-06
6.41885e-06
4.22359e-06
6.41889e-06
6.78708e-07
2.68795e-06
6.78708e-07
2.68795e-06
6.79509e-07
2.69094e-06
6.79509e-07
2.69095e-06
8.15868e-06
1.07834e-05
8.15866e-06
1.07834e-05
8.16049e-06
1.07759e-05
8.1605e-06
1.0776e-05
4.21942e-06
6.41408e-06
4.21941e-06
6.41412e-06
4.22357e-06
6.41882e-06
4.22357e-06
6.41886e-06
6.78709e-07
2.68795e-06
6.78709e-07
2.68794e-06
6.79509e-07
2.69093e-06
6.79509e-07
2.69094e-06
8.15867e-06
1.07833e-05
8.15865e-06
1.07833e-05
8.1605e-06
1.0776e-05
8.1605e-06
1.07759e-05
4.2194e-06
6.41409e-06
4.2194e-06
6.41411e-06
4.22357e-06
6.41885e-06
4.22357e-06
6.41886e-06
6.78708e-07
2.68794e-06
6.78708e-07
2.68794e-06
6.79509e-07
2.69093e-06
6.79509e-07
2.69094e-06
7.99356e-06
1.04652e-05
7.99353e-06
1.04652e-05
8.09874e-06
1.07305e-05
8.09873e-06
1.07304e-05
4.16046e-06
6.30465e-06
4.16043e-06
6.30464e-06
4.19494e-06
6.37393e-06
4.19492e-06
6.37394e-06
6.70532e-07
2.65286e-06
6.70525e-07
2.65285e-06
6.75275e-07
2.67373e-06
6.75274e-07
2.67372e-06
7.99357e-06
1.04653e-05
7.99355e-06
1.04653e-05
8.09874e-06
1.07305e-05
8.09873e-06
1.07305e-05
4.16047e-06
6.3047e-06
4.16045e-06
6.30468e-06
4.19493e-06
6.37394e-06
4.19493e-06
6.37395e-06
6.70529e-07
2.65288e-06
6.70526e-07
2.65285e-06
6.75274e-07
2.67374e-06
6.75275e-07
2.67372e-06
7.99355e-06
1.04652e-05
7.99356e-06
1.04653e-05
8.09872e-06
1.07304e-05
8.09873e-06
1.07305e-05
4.16044e-06
6.30466e-06
4.16046e-06
6.30469e-06
4.19492e-06
6.37394e-06
4.19493e-06
6.37395e-06
6.70526e-07
2.65286e-06
6.70527e-07
2.65286e-06
6.75274e-07
2.67372e-06
6.75275e-07
2.67372e-06
2.65271e-06
6.70471e-07
2.65272e-06
6.70471e-07
2.67282e-06
6.75073e-07
2.67283e-06
6.75073e-07
6.30583e-06
4.16027e-06
6.30585e-06
4.16027e-06
6.37052e-06
4.19336e-06
6.37055e-06
4.19337e-06
1.04896e-05
7.99493e-06
1.04897e-05
7.99494e-06
1.07139e-05
8.0943e-06
1.0714e-05
8.09432e-06
2.65273e-06
6.70474e-07
2.65272e-06
6.70472e-07
2.67283e-06
6.75076e-07
2.67282e-06
6.75073e-07
6.30586e-06
4.16029e-06
6.30586e-06
4.16028e-06
6.37055e-06
4.19338e-06
6.37053e-06
4.19337e-06
1.04897e-05
7.99496e-06
1.04897e-05
7.99496e-06
1.0714e-05
8.09432e-06
1.0714e-05
8.09433e-06
2.65272e-06
6.70477e-07
2.6527e-06
6.7047e-07
2.67282e-06
6.75079e-07
2.67281e-06
6.75071e-07
6.30584e-06
4.16028e-06
6.30582e-06
4.16026e-06
6.37053e-06
4.19338e-06
6.3705e-06
4.19335e-06
1.04896e-05
7.99495e-06
1.04896e-05
7.99491e-06
1.0714e-05
8.09432e-06
1.07139e-05
8.09428e-06
2.68753e-06
6.78642e-07
2.68754e-06
6.78642e-07
2.69263e-06
6.7989e-07
2.69263e-06
6.7989e-07
6.4118e-06
4.2186e-06
6.41182e-06
4.2186e-06
6.42441e-06
4.2264e-06
6.42442e-06
4.2264e-06
1.0769e-05
8.15326e-06
1.07691e-05
8.15327e-06
1.07963e-05
8.17015e-06
1.07964e-05
8.17016e-06
2.68754e-06
6.78653e-07
2.68754e-06
6.78648e-07
2.69263e-06
6.79894e-07
2.69263e-06
6.79889e-07
6.41184e-06
4.21862e-06
6.41183e-06
4.21862e-06
6.42442e-06
4.22641e-06
6.42441e-06
4.2264e-06
1.07691e-05
8.1533e-06
1.07691e-05
8.15332e-06
1.07964e-05
8.17015e-06
1.07964e-05
8.17017e-06
2.68752e-06
6.78644e-07
2.68752e-06
6.78637e-07
2.69263e-06
6.79897e-07
2.69262e-06
6.79889e-07
6.41181e-06
4.2186e-06
6.41179e-06
4.21859e-06
6.42441e-06
4.22641e-06
6.4244e-06
4.22639e-06
1.07691e-05
8.15325e-06
1.0769e-05
8.15324e-06
1.07964e-05
8.17015e-06
1.07963e-05
8.17014e-06
2.68468e-06
6.78042e-07
2.68469e-06
6.78043e-07
2.67053e-06
6.74857e-07
2.67053e-06
6.74857e-07
6.40054e-06
4.21249e-06
6.40054e-06
4.21248e-06
6.35167e-06
4.18883e-06
6.35165e-06
4.18883e-06
1.07681e-05
8.13315e-06
1.07682e-05
8.13315e-06
1.05701e-05
8.05795e-06
1.05701e-05
8.05794e-06
2.68469e-06
6.78048e-07
2.68469e-06
6.78047e-07
2.67053e-06
6.74857e-07
2.67053e-06
6.74856e-07
6.40055e-06
4.2125e-06
6.40055e-06
4.2125e-06
6.35165e-06
4.18884e-06
6.35165e-06
4.18883e-06
1.07682e-05
8.13316e-06
1.07681e-05
8.13317e-06
1.057e-05
8.05791e-06
1.057e-05
8.05793e-06
2.68468e-06
6.78042e-07
2.68468e-06
6.78038e-07
2.67053e-06
6.74862e-07
2.67053e-06
6.74857e-07
6.40053e-06
4.21248e-06
6.40053e-06
4.21248e-06
6.35166e-06
4.18884e-06
6.35168e-06
4.18884e-06
1.07681e-05
8.13313e-06
1.07681e-05
8.13314e-06
1.057e-05
8.05791e-06
1.05701e-05
8.05795e-06
1.05917e-05
8.05796e-06
1.05917e-05
8.05799e-06
1.07464e-05
8.12513e-06
1.07465e-05
8.12516e-06
6.35189e-06
4.18813e-06
6.3519e-06
4.18813e-06
6.39445e-06
4.2093e-06
6.39447e-06
4.2093e-06
2.67007e-06
6.74725e-07
2.67007e-06
6.74725e-07
2.68276e-06
6.77585e-07
2.68276e-06
6.77585e-07
1.05916e-05
8.05796e-06
1.05916e-05
8.05795e-06
1.07463e-05
8.12513e-06
1.07463e-05
8.12513e-06
6.35185e-06
4.18812e-06
6.35188e-06
4.18812e-06
6.39442e-06
4.2093e-06
6.39445e-06
4.2093e-06
2.67007e-06
6.74732e-07
2.67007e-06
6.74733e-07
2.68275e-06
6.77584e-07
2.68275e-06
6.77584e-07
1.05917e-05
8.05799e-06
1.05917e-05
8.05798e-06
1.07464e-05
8.12515e-06
1.07464e-05
8.12513e-06
6.35189e-06
4.18813e-06
6.3519e-06
4.18812e-06
6.39446e-06
4.2093e-06
6.39446e-06
4.20929e-06
2.67007e-06
6.74725e-07
2.67007e-06
6.74726e-07
2.68275e-06
6.77584e-07
2.68275e-06
6.77584e-07
1.07761e-05
8.16052e-06
1.07761e-05
8.16053e-06
1.07834e-05
8.15867e-06
1.07834e-05
8.15867e-06
6.41888e-06
4.22359e-06
6.41888e-06
4.22359e-06
6.41413e-06
4.2194e-06
6.41413e-06
4.21939e-06
2.69095e-06
6.79514e-07
2.69095e-06
6.79514e-07
2.68795e-06
6.78709e-07
2.68794e-06
6.78709e-07
1.0776e-05
8.16047e-06
1.0776e-05
8.16047e-06
1.07834e-05
8.15867e-06
1.07834e-05
8.15868e-06
6.41885e-06
4.22357e-06
6.41887e-06
4.22357e-06
6.41412e-06
4.2194e-06
6.41414e-06
4.2194e-06
2.69095e-06
6.79512e-07
2.69094e-06
6.79512e-07
2.68795e-06
6.78709e-07
2.68795e-06
6.78709e-07
1.07761e-05
8.16051e-06
1.0776e-05
8.16051e-06
1.07834e-05
8.15866e-06
1.07834e-05
8.15866e-06
6.41888e-06
4.22359e-06
6.41889e-06
4.22359e-06
6.41411e-06
4.21939e-06
6.41414e-06
4.21939e-06
2.69094e-06
6.79509e-07
2.69094e-06
6.79509e-07
2.68794e-06
6.78709e-07
2.68795e-06
6.78709e-07
1.07304e-05
8.09871e-06
1.07304e-05
8.0987e-06
1.04652e-05
7.99352e-06
1.04651e-05
7.99351e-06
6.37393e-06
4.19492e-06
6.37392e-06
4.19491e-06
6.30464e-06
4.16043e-06
6.30464e-06
4.16042e-06
2.67372e-06
6.75277e-07
2.67372e-06
6.75277e-07
2.65284e-06
6.70531e-07
2.65283e-06
6.70531e-07
1.07304e-05
8.09869e-06
1.07304e-05
8.0987e-06
1.04652e-05
7.99352e-06
1.04652e-05
7.99353e-06
6.37393e-06
4.19492e-06
6.37394e-06
4.19492e-06
6.30465e-06
4.16043e-06
6.30466e-06
4.16044e-06
2.67372e-06
6.75276e-07
2.67372e-06
6.75276e-07
2.65284e-06
6.70532e-07
2.65284e-06
6.70532e-07
1.07304e-05
8.09869e-06
1.07304e-05
8.09869e-06
1.04651e-05
7.99346e-06
1.04651e-05
7.99347e-06
6.37391e-06
4.19491e-06
6.37393e-06
4.19491e-06
6.30461e-06
4.16041e-06
6.30463e-06
4.16041e-06
2.67371e-06
6.75277e-07
2.67371e-06
6.75277e-07
2.65283e-06
6.70529e-07
2.65283e-06
6.70529e-07
