FiniteElementSpace
FiniteElementCollection: L2_3D_P1
VDim: 1
Ordering: 0

1.36754
0.491505
1.66539
0.709341
1.36754
0.491505
1.66539
0.709341
4.42967
0.667102
1.79308
0.479522
4.42967
0.667102
1.79308
0.479522
8.51978
8.16894
3.11798
2.74485
8.51978
8.16894
3.11798
2.74485
2.39773
1.91643
1.32676
0.874186
2.39773
1.91643
1.32676
0.874186
9.14614
8.81744
4.06496
3.51323
9.14614
8.81744
4.06496
3.51323
7.77412
8.89292
2.35554
3.70041
7.77412
8.89292
2.35554
3.70041
0.142991
0.670926
0.0583895
0.367613
0.142991
0.670926
0.0583895
0.367613
0.161883
3.16528
0.185069
1.14538
0.161883
3.16528
0.185069
1.14538
0.00699934
0.0542848
0.0232895
0.0765793
0.00699934
0.0542848
0.0232895
0.0765793
0.0719009
0.05111
0.236015
0.296528
0.0719009
0.05111
0.236015
0.296528
0.0181139
0.00727061
0.0366401
0.0202827
0.0181139
0.00727061
0.0366401
0.0202827
0.225397
0.0430847
0.218065
0.0677969
0.225397
0.0430847
0.218065
0.0677969
1.36754
0.491505
1.66539
0.709341
1.36754
0.491505
1.66539
0.709341
4.42967
0.667102
1.79308
0.479522
4.42967
0.667102
1.79308
0.479522
8.51978
8.16894
3.11798
2.74485
8.51978
8.16894
3.11798
2.74485
2.39773
1.91643
1.32676
0.874186
2.39773
1.91643
1.32676
0.874186
9.14614
8.81744
4.06496
3.51323
9.14614
8.81744
4.06496
3.51323
7.77412
8.89292
2.35554
3.70041
7.77412
8.89292
2.35554
3.70041
0.142991
0.670926
0.0583895
0.367613
0.142991
0.670926
0.0583895
0.367613
0.161883
3.16528
0.185069
1.14538
0.161883
3.16528
0.185069
1.14538
0.00699934
0.0542848
0.0232895
0.0765793
0.00699934
0.0542848
0.0232895
0.0765792
0.0719009
0.05111
0.236015
0.296528
0.0719009
0.05111
0.236015
0.296528
0.0181139
0.00727061
0.0366401
0.0202827
0.0181139
0.00727061
0.0366401
0.0202827
0.225397
0.0430847
0.218065
0.0677969
0.225397
0.0430847
0.218065
0.0677969
1.36754
0.491505
1.66539
0.709341
1.36754
0.491505
1.66539
0.709341
4.42967
0.667102
1.79308
0.479522
4.42967
0.667102
1.79308
0.479522
8.51978
8.16894
3.11798
2.74485
8.51978
8.16894
3.11798
2.74485
2.39773
1.91643
1.32676
0.874186
2.39773
1.91643
1.32676
0.874186
9.14614
8.81744
4.06496
3.51323
9.14614
8.81744
4.06496
3.51323
7.77412
8.89292
2.35554
3.70041
7.77412
8.89292
2.35554
3.70041
0.142991
0.670926
0.0583895
0.367613
0.142991
0.670926
0.0583895
0.367613
0.161883
3.16528
0.185069
1.14538
0.161883
3.16528
0.185069
1.14538
0.00699934
0.0542848
0.0232895
0.0765793
0.00699934
0.0542848
0.0232895
0.0765793
0.0719009
0.05111
0.236015
0.296528
0.0719009
0.05111
0.236015
0.296528
0.0181139
0.00727061
0.0366401
0.0202827
0.0181139
0.00727061
0.0366401
0.0202827
0.225397
0.0430847
0.218065
0.0677969
0.225397
0.0430847
0.218065
0.0677969
0.0319484
0.0840333
0.125304
0.300096
0.0319484
0.0840333
0.125304
0.300096
0.00710866
0.0180664
0.015144
0.0414469
0.00710866
0.0180664
0.015144
0.0414469
0.0532975
0.00672282
0.0795082
0.0166148
0.0532975
0.00672282
0.0795082
0.0166148
1.21571
0.299418
1.61723
0.637566
1.21571
0.299418
1.61723
0.637566
3.43374
0.164938
1.51485
0.20984
3.43374
0.164938
1.51485
0.20984
8.5426
8.15207
3.11849
2.7763
8.5426
8.15207
3.11849
2.7763
2.40031
1.91667
1.32926
0.876358
2.40031
1.91667
1.32926
0.876358
9.15415
8.81132
4.06638
3.51385
9.15415
8.81132
4.06638
3.51385
7.78273
8.87542
2.33163
3.70314
7.78273
8.87542
2.33163
3.70314
0.329254
0.820592
0.152278
0.459583
0.329254
0.820592
0.152278
0.459583
0.670253
4.11967
0.46738
1.39826
0.670253
4.11967
0.46738
1.39826
0.0446101
0.231611
0.082768
0.228906
0.0446101
0.231611
0.082768
0.228906
0.0319484
0.0840333
0.125304
0.300096
0.0319484
0.0840333
0.125304
0.300096
0.00710866
0.0180664
0.015144
0.0414469
0.00710866
0.0180664
0.015144
0.0414469
0.0532975
0.00672282
0.0795082
0.0166148
0.0532975
0.00672282
0.0795082
0.0166148
1.21571
0.299418
1.61723
0.637566
1.21571
0.299418
1.61723
0.637566
3.43374
0.164938
1.51485
0.20984
3.43374
0.164938
1.51485
0.20984
8.5426
8.15207
3.11849
2.7763
8.5426
8.15207
3.11849
2.7763
2.40031
1.91667
1.32926
0.876358
2.40031
1.91667
1.32926
0.876358
9.15415
8.81132
4.06638
3.51385
9.15415
8.81132
4.06638
3.51385
7.78273
8.87542
2.33163
3.70314
7.78273
8.87542
2.33163
3.70314
0.329254
0.820592
0.152278
0.459583
0.329254
0.820592
0.152278
0.459583
0.670253
4.11967
0.46738
1.39826
0.670253
4.11967
0.46738
1.39826
0.0446101
0.231611
0.082768
0.228906
0.0446101
0.231611
0.082768
0.228906
0.0319484
0.0840333
0.125304
0.300096
0.0319484
0.0840333
0.125304
0.300096
0.00710866
0.0180664
0.015144
0.0414469
0.00710866
0.0180664
0.015144
0.0414469
0.0532975
0.00672282
0.0795082
0.0166148
0.0532975
0.00672282
0.0795082
0.0166148
1.21571
0.299418
1.61723
0.637566
1.21571
0.299418
1.61723
0.637566
3.43374
0.164938
1.51485
0.20984
3.43374
0.164938
1.51485
0.20984
8.5426
8.15207
3.11849
2.7763
8.5426
8.15207
3.11849
2.7763
2.40031
1.91667
1.32926
0.876358
2.40031
1.91667
1.32926
0.876358
9.15415
8.81132
4.06638
3.51385
9.15415
8.81132
4.06638
3.51385
7.78273
8.87542
2.33163
3.70314
7.78273
8.87542
2.33163
3.70314
0.329254
0.820592
0.152278
0.459583
0.329254
0.820592
0.152278
0.459583
0.670253
4.11967
0.46738
1.39826
0.670253
4.11967
0.46738
1.39826
0.0446101
0.231611
0.082768
0.228906
0.0446101
0.231611
0.082768
0.228906
1.36754
0.491505
1.66539
0.709341
1.36754
0.491505
1.66539
0.709341
4.42967
0.667102
1.79308
0.479522
4.42967
0.667102
1.79308
0.479522
8.51978
8.16894
3.11798
2.74485
8.51978
8.16894
3.11798
2.74485
2.39773
1.91643
1.32676
0.874186
2.39773
1.91643
1.32676
0.874186
9.14614
8.81744
4.06496
3.51323
9.14614
8.81744
4.06496
3.51323
7.77412
8.89292
2.35554
3.70041
7.77412
8.89292
2.35554
3.70041
0.142991
0.670926
0.0583895
0.367613
0.142991
0.670926
0.0583895
0.367613
0.161883
3.16528
0.185069
1.14538
0.161883
3.16528
0.185069
1.14538
0.00699934
0.0542848
0.0232895
0.0765793
0.00699934
0.0542848
0.0232895
0.0765793
0.0719009
0.05111
0.236015
0.296528
0.0719009
0.05111
0.236015
0.296528
0.0181139
0.00727061
0.0366401
0.0202827
0.0181139
0.00727061
0.0366401
0.0202827
0.225397
0.0430847
0.218065
0.0677969
0.225397
0.0430847
0.218065
0.0677969
1.36754
0.491505
1.66539
0.709341
1.36754
0.491505
1.66539
0.709341
4.42967
0.667102
1.79308
0.479522
4.42967
0.667102
1.79308
0.479522
8.51978
8.16894
3.11798
2.74485
8.51978
8.16894
3.11798
2.74485
2.39773
1.91643
1.32676
0.874186
2.39773
1.91643
1.32676
0.874186
9.14614
8.81744
4.06496
3.51323
9.14614
8.81744
4.06496
3.51323
7.77412
8.89292
2.35554
3.70041
7.77412
8.89292
2.35554
3.70041
0.142991
0.670926
0.0583895
0.367613
0.142991
0.670926
0.0583895
0.367613
0.161883
3.16528
0.185069
1.14538
0.161883
3.16528
0.185069
1.14538
0.00699934
0.0542848
0.0232895
0.0765793
0.00699934
0.0542848
0.0232895
0.0765793
0.0719009
0.05111
0.236015
0.296528
0.0719009
0.05111
0.236015
0.296528
0.0181139
0.00727061
0.0366401
0.0202827
0.0181139
0.00727061
0.0366401
0.0202827
0.225397
0.0430847
0.218065
0.0677969
0.225397
0.0430847
0.218065
0.0677969
1.36754
0.491505
1.66539
0.709341
1.36754
0.491505
1.66539
0.709341
4.42967
0.667102
1.79308
0.479522
4.42967
0.667102
1.79308
0.479522
8.51978
8.16894
3.11798
2.74485
8.51978
8.16894
3.11798
2.74485
2.39773
1.91643
1.32676
0.874186
2.39773
1.91643
1.32676
0.874186
9.14614
8.81744
4.06496
3.51323
9.14614
8.81744
4.06496
3.51323
7.77412
8.89292
2.35554
3.70041
7.77412
8.89292
2.35554
3.70041
0.142991
0.670926
0.0583895
0.367613
0.142991
0.670926
0.0583895
0.367613
0.161883
3.16528
0.185069
1.14538
0.161883
3.16528
0.185069
1.14538
0.00699934
0.0542848
0.0232895
0.0765793
0.00699934
0.0542848
0.0232895
0.0765792
0.0719009
0.05111
0.236015
0.296528
0.0719009
0.05111
0.236015
0.296528
0.0181139
0.00727061
0.0366401
0.0202827
0.0181139
0.00727061
0.0366401
0.0202827
0.225397
0.0430847
0.218065
0.0677969
0.225397
0.0430847
0.218065
0.0677969
0.0319484
0.0840333
0.125304
0.300096
0.0319484
0.0840333
0.125304
0.300096
0.00710866
0.0180664
0.015144
0.0414469
0.00710866
0.0180664
0.015144
0.0414469
0.0532975
0.00672282
0.0795082
0.0166148
0.0532975
0.00672282
0.0795082
0.0166148
1.21571
0.299418
1.61723
0.637566
1.21571
0.299418
1.61723
0.637566
3.43374
0.164938
1.51485
0.20984
3.43374
0.164938
1.51485
0.20984
8.5426
8.15207
3.11849
2.7763
8.5426
8.15207
3.11849
2.7763
2.40031
1.91667
1.32926
0.876358
2.40031
1.91667
1.32926
0.876358
9.15415
8.81132
4.06638
3.51385
9.15415
8.81132
4.06638
3.51385
7.78273
8.87542
2.33163
3.70314
7.78273
8.87542
2.33163
3.70314
0.329254
0.820592
0.152278
0.459583
0.329254
0.820592
0.152278
0.459583
0.670253
4.11967
0.46738
1.39826
0.670253
4.11967
0.46738
1.39826
0.0446101
0.231611
0.082768
0.228906
0.0446101
0.231611
0.082768
0.228906
0.0319484
0.0840333
0.125304
0.300096
0.0319484
0.0840333
0.125304
0.300096
0.00710866
0.0180664
0.015144
0.0414469
0.00710866
0.0180664
0.015144
0.0414469
0.0532975
0.00672282
0.0795082
0.0166148
0.0532975
0.00672282
0.0795082
0.0166148
1.21571
0.299418
1.61723
0.637566
1.21571
0.299418
1.61723
0.637566
3.43374
0.164938
1.51485
0.20984
3.43374
0.164938
1.51485
0.20984
8.5426
8.15207
3.11849
2.7763
8.5426
8.15207
3.11849
2.7763
2.40031
1.91667
1.32926
0.876358
2.40031
1.91667
1.32926
0.876358
9.15415
8.81132
4.06638
3.51385
9.15415
8.81132
4.06638
3.51385
7.78273
8.87542
2.33163
3.70314
7.78273
8.87542
2.33163
3.70314
0.329254
0.820592
0.152278
0.459583
0.329254
0.820592
0.152278
0.459583
0.670253
4.11967
0.46738
1.39826
0.670253
4.11967
0.46738
1.39826
0.0446101
0.231611
0.082768
0.228906
0.0446101
0.231611
0.082768
0.228906
0.0319484
0.0840333
0.125304
0.300096
0.0319484
0.0840333
0.125304
0.300096
0.00710866
0.0180664
0.015144
0.0414469
0.00710866
0.0180664
0.015144
0.0414469
0.0532975
0.00672282
0.0795082
0.0166148
0.0532975
0.00672282
0.0795082
0.0166148
1.21571
0.299418
1.61723
0.637566
1.21571
0.299418
1.61723
0.637566
3.43374
0.164938
1.51485
0.20984
3.43374
0.164938
1.51485
0.20984
8.5426
8.15207
3.11849
2.7763
8.5426
8.15207
3.11849
2.7763
2.40031
1.91667
1.32926
0.876358
2.40031
1.91667
1.32926
0.876358
9.15415
8.81132
4.06638
3.51385
9.15415
8.81132
4.06638
3.51385
7.78273
8.87542
2.33163
3.70314
7.78273
8.87542
2.33163
3.70314
0.329254
0.820592
0.152278
0.459583
0.329254
0.820592
0.152278
0.459583
0.670253
4.11967
0.46738
1.39826
0.670253
4.11967
0.46738
1.39826
0.0446101
0.231611
0.082768
0.228906
0.0446101
0.231611
0.082768
0.228906
5.35459e-05
2.11076e-05
5.35459e-05
2.11076e-05
5.35861e-05
2.12061e-05
5.35861e-05
2.12061e-05
0.000130305
8.32202e-05
0.000130305
8.32202e-05
0.000130322
8.32529e-05
0.000130322
8.32529e-05
0.000228689
0.000169381
0.000228689
0.000169381
0.000228692
0.000169392
0.000228692
0.000169392
5.35459e-05
2.11076e-05
5.35459e-05
2.11076e-05
5.35861e-05
2.12061e-05
5.35861e-05
2.12061e-05
0.000130305
8.32202e-05
0.000130305
8.32202e-05
0.000130322
8.32529e-05
0.000130322
8.32529e-05
0.000228689
0.000169381
0.000228689
0.000169381
0.000228692
0.000169392
0.000228692
0.000169392
5.35459e-05
2.11076e-05
5.35459e-05
2.11076e-05
5.35861e-05
2.12061e-05
5.35861e-05
2.12061e-05
0.000130305
8.32202e-05
0.000130305
8.32202e-05
0.000130322
8.32529e-05
0.000130322
8.32529e-05
0.000228689
0.000169381
0.000228689
0.000169381
0.000228692
0.000169392
0.000228692
0.000169392
5.35888e-05
2.11654e-05
5.35888e-05
2.11654e-05
5.3588e-05
2.11605e-05
5.3588e-05
2.11605e-05
0.00013033
8.3258e-05
0.00013033
8.3258e-05
0.000130322
8.32505e-05
0.000130322
8.32505e-05
0.000228694
0.000169398
0.000228694
0.000169398
0.000228692
0.000169392
0.000228692
0.000169392
5.35888e-05
2.11654e-05
5.35888e-05
2.11654e-05
5.3588e-05
2.11605e-05
5.3588e-05
2.11605e-05
0.00013033
8.3258e-05
0.00013033
8.3258e-05
0.000130322
8.32505e-05
0.000130322
8.32505e-05
0.000228694
0.000169398
0.000228694
0.000169398
0.000228692
0.000169392
0.000228692
0.000169392
5.35888e-05
2.11654e-05
5.35888e-05
2.11654e-05
5.3588e-05
2.11605e-05
5.3588e-05
2.11605e-05
0.00013033
8.3258e-05
0.00013033
8.3258e-05
0.000130322
8.32505e-05
0.000130322
8.32505e-05
0.000228694
0.000169398
0.000228694
0.000169398
0.000228692
0.000169392
0.000228692
0.000169392
5.35526e-05
2.12192e-05
5.35526e-05
2.12192e-05
5.34581e-05
2.09884e-05
5.34581e-05
2.09884e-05
0.000130291
8.32205e-05
0.000130291
8.32205e-05
0.000130248
8.31408e-05
0.000130248
8.31408e-05
0.000228686
0.00016937
0.000228686
0.00016937
0.000228678
0.000169341
0.000228678
0.000169341
5.35526e-05
2.12192e-05
5.35526e-05
2.12192e-05
5.34581e-05
2.09884e-05
5.34581e-05
2.09884e-05
0.000130291
8.32205e-05
0.000130291
8.32205e-05
0.000130248
8.31408e-05
0.000130248
8.31408e-05
0.000228686
0.00016937
0.000228686
0.00016937
0.000228678
0.000169341
0.000228678
0.000169341
5.35526e-05
2.12192e-05
5.35526e-05
2.12192e-05
5.34581e-05
2.09884e-05
5.34581e-05
2.09884e-05
0.000130291
8.32205e-05
0.000130291
8.32205e-05
0.000130248
8.31408e-05
0.000130248
8.31408e-05
0.000228686
0.00016937
0.000228686
0.00016937
0.000228678
0.000169341
0.000228678
0.000169341
5.35778e-05
2.11965e-05
5.35778e-05
2.11965e-05
5.35403e-05
2.1097e-05
5.35403e-05
2.1097e-05
0.000130317
8.3246e-05
0.000130317
8.3246e-05
0.000130302
8.32156e-05
0.000130302
8.32156e-05
0.000228691
0.000169389
0.000228691
0.000169389
0.000228689
0.000169379
0.000228689
0.000169379
5.35778e-05
2.11965e-05
5.35778e-05
2.11965e-05
5.35403e-05
2.1097e-05
5.35403e-05
2.1097e-05
0.000130317
8.3246e-05
0.000130317
8.3246e-05
0.000130302
8.32156e-05
0.000130302
8.32156e-05
0.000228691
0.000169389
0.000228691
0.000169389
0.000228689
0.000169379
0.000228689
0.000169379
5.35778e-05
2.11965e-05
5.35778e-05
2.11965e-05
5.35403e-05
2.1097e-05
5.35403e-05
2.1097e-05
0.000130317
8.3246e-05
0.000130317
8.3246e-05
0.000130302
8.32156e-05
0.000130302
8.32156e-05
0.000228691
0.000169389
0.000228691
0.000169389
0.000228689
0.000169379
0.000228689
0.000169379
5.3588e-05
2.11568e-05
5.3588e-05
2.11568e-05
5.35855e-05
2.11665e-05
5.35855e-05
2.11665e-05
0.000130322
8.32502e-05
0.000130322
8.32502e-05
0.000130328
8.3255e-05
0.000130328
8.3255e-05
0.000228692
0.000169392
0.000228692
0.000169392
0.000228693
0.000169396
0.000228693
0.000169396
5.3588e-05
2.11568e-05
5.3588e-05
2.11568e-05
5.35855e-05
2.11665e-05
5.35855e-05
2.11665e-05
0.000130322
8.32502e-05
0.000130322
8.32502e-05
0.000130328
8.3255e-05
0.000130328
8.3255e-05
0.000228692
0.000169392
0.000228692
0.000169392
0.000228693
0.000169396
0.000228693
0.000169396
5.3588e-05
2.11568e-05
5.3588e-05
2.11568e-05
5.35855e-05
2.11665e-05
5.35855e-05
2.11665e-05
0.000130322
8.32502e-05
0.000130322
8.32502e-05
0.000130328
8.3255e-05
0.000130328
8.3255e-05
0.000228692
0.000169392
0.000228692
0.000169392
0.000228693
0.000169396
0.000228693
0.000169396
5.34624e-05
2.09978e-05
5.34624e-05
2.09978e-05
5.35576e-05
2.12249e-05
5.35576e-05
2.12249e-05
0.00013025
8.31443e-05
0.00013025
8.31443e-05
0.000130294
8.32244e-05
0.000130294
8.32244e-05
0.000228679
0.000169342
0.000228679
0.000169342
0.000228686
0.000169371
0.000228686
0.000169371
5.34624e-05
2.09978e-05
5.34624e-05
2.09978e-05
5.35576e-05
2.12249e-05
5.35576e-05
2.12249e-05
0.00013025
8.31443e-05
0.00013025
8.31443e-05
0.000130294
8.32244e-05
0.000130294
8.32244e-05
0.000228679
0.000169342
0.000228679
0.000169342
0.000228686
0.000169371
0.000228686
0.000169371
5.34624e-05
2.09978e-05
5.34624e-05
2.09978e-05
5.35576e-05
2.12249e-05
5.35576e-05
2.12249e-05
0.00013025
8.31443e-05
0.00013025
8.31443e-05
0.000130294
8.32244e-05
0.000130294
8.32244e-05
0.000228679
0.000169342
0.000228679
0.000169342
0.000228686
0.000169371
0.000228686
0.000169371
0.000169341
0.000228678
0.000169341
0.000228678
0.00016937
0.000228686
0.00016937
0.000228686
8.31408e-05
0.000130248
8.31408e-05
0.000130248
8.32205e-05
0.000130291
8.32205e-05
0.000130291
2.09884e-05
5.34581e-05
2.09884e-05
5.34581e-05
2.12192e-05
5.35526e-05
2.12192e-05
5.35526e-05
0.000169341
0.000228678
0.000169341
0.000228678
0.00016937
0.000228686
0.00016937
0.000228686
8.31408e-05
0.000130248
8.31408e-05
0.000130248
8.32205e-05
0.000130291
8.32205e-05
0.000130291
2.09884e-05
5.34581e-05
2.09884e-05
5.34581e-05
2.12192e-05
5.35526e-05
2.12192e-05
5.35526e-05
0.000169341
0.000228678
0.000169341
0.000228678
0.00016937
0.000228686
0.00016937
0.000228686
8.31408e-05
0.000130248
8.31408e-05
0.000130248
8.32205e-05
0.000130291
8.32205e-05
0.000130291
2.09884e-05
5.34581e-05
2.09884e-05
5.34581e-05
2.12192e-05
5.35526e-05
2.12192e-05
5.35526e-05
0.000169392
0.000228692
0.000169392
0.000228692
0.000169398
0.000228694
0.000169398
0.000228694
8.32505e-05
0.000130322
8.32505e-05
0.000130322
8.3258e-05
0.00013033
8.3258e-05
0.00013033
2.11605e-05
5.3588e-05
2.11605e-05
5.3588e-05
2.11654e-05
5.35888e-05
2.11654e-05
5.35888e-05
0.000169392
0.000228692
0.000169392
0.000228692
0.000169398
0.000228694
0.000169398
0.000228694
8.32505e-05
0.000130322
8.32505e-05
0.000130322
8.3258e-05
0.00013033
8.3258e-05
0.00013033
2.11605e-05
5.3588e-05
2.11605e-05
5.3588e-05
2.11654e-05
5.35888e-05
2.11654e-05
5.35888e-05
0.000169392
0.000228692
0.000169392
0.000228692
0.000169398
0.000228694
0.000169398
0.000228694
8.32505e-05
0.000130322
8.32505e-05
0.000130322
8.3258e-05
0.00013033
8.3258e-05
0.00013033
2.11605e-05
5.3588e-05
2.11605e-05
5.3588e-05
2.11654e-05
5.35888e-05
2.11654e-05
5.35888e-05
0.000169392
0.000228692
0.000169392
0.000228692
0.000169381
0.000228689
0.000169381
0.000228689
8.32529e-05
0.000130322
8.32529e-05
0.000130322
8.32202e-05
0.000130305
8.32202e-05
0.000130305
2.12061e-05
5.35861e-05
2.12061e-05
5.35861e-05
2.11076e-05
5.35459e-05
2.11076e-05
5.35459e-05
0.000169392
0.000228692
0.000169392
0.000228692
0.000169381
0.000228689
0.000169381
0.000228689
8.32529e-05
0.000130322
8.32529e-05
0.000130322
8.32202e-05
0.000130305
8.32202e-05
0.000130305
2.12061e-05
5.35861e-05
2.12061e-05
5.35861e-05
2.11076e-05
5.35459e-05
2.11076e-05
5.35459e-05
0.000169392
0.000228692
0.000169392
0.000228692
0.000169381
0.000228689
0.000169381
0.000228689
8.32529e-05
0.000130322
8.32529e-05
0.000130322
8.32202e-05
0.000130305
8.32202e-05
0.000130305
2.12061e-05
5.35861e-05
2.12061e-05
5.35861e-05
2.11076e-05
5.35459e-05
2.11076e-05
5.35459e-05
2.1097e-05
5.35403e-05
2.1097e-05
5.35403e-05
2.11965e-05
5.35778e-05
2.11965e-05
5.35778e-05
8.32156e-05
0.000130302
8.32156e-05
0.000130302
8.3246e-05
0.000130317
8.3246e-05
0.000130317
0.000169379
0.000228689
0.000169379
0.000228689
0.000169389
0.000228691
0.000169389
0.000228691
2.1097e-05
5.35403e-05
2.1097e-05
5.35403e-05
2.11965e-05
5.35778e-05
2.11965e-05
5.35778e-05
8.32156e-05
0.000130302
8.32156e-05
0.000130302
8.3246e-05
0.000130317
8.3246e-05
0.000130317
0.000169379
0.000228689
0.000169379
0.000228689
0.000169389
0.000228691
0.000169389
0.000228691
2.1097e-05
5.35403e-05
2.1097e-05
5.35403e-05
2.11965e-05
5.35778e-05
2.11965e-05
5.35778e-05
8.32156e-05
0.000130302
8.32156e-05
0.000130302
8.3246e-05
0.000130317
8.3246e-05
0.000130317
0.000169379
0.000228689
0.000169379
0.000228689
0.000169389
0.000228691
0.000169389
0.000228691
2.11665e-05
5.35855e-05
2.11665e-05
5.35855e-05
2.11568e-05
5.3588e-05
2.11568e-05
5.3588e-05
8.3255e-05
0.000130328
8.3255e-05
0.000130328
8.32502e-05
0.000130322
8.32502e-05
0.000130322
0.000169396
0.000228693
0.000169396
0.000228693
0.000169392
0.000228692
0.000169392
0.000228692
2.11665e-05
5.35855e-05
2.11665e-05
5.35855e-05
2.11568e-05
5.3588e-05
2.11568e-05
5.3588e-05
8.3255e-05
0.000130328
8.3255e-05
0.000130328
8.32502e-05
0.000130322
8.32502e-05
0.000130322
0.000169396
0.000228693
0.000169396
0.000228693
0.000169392
0.000228692
0.000169392
0.000228692
2.11665e-05
5.35855e-05
2.11665e-05
5.35855e-05
2.11568e-05
5.3588e-05
2.11568e-05
5.3588e-05
8.3255e-05
0.000130328
8.3255e-05
0.000130328
8.32502e-05
0.000130322
8.32502e-05
0.000130322
0.000169396
0.000228693
0.000169396
0.000228693
0.000169392
0.000228692
0.000169392
0.000228692
2.12249e-05
5.35576e-05
2.12249e-05
5.35576e-05
2.09978e-05
5.34624e-05
2.09978e-05
5.34624e-05
8.32244e-05
0.000130294
8.32244e-05
0.000130294
8.31443e-05
0.00013025
8.31443e-05
0.00013025
0.000169371
0.000228686
0.000169371
0.000228686
0.000169342
0.000228679
0.000169342
0.000228679
2.12249e-05
5.35576e-05
2.12249e-05
5.35576e-05
2.09978e-05
5.34624e-05
2.09978e-05
5.34624e-05
8.32244e-05
0.000130294
8.32244e-05
0.000130294
8.31443e-05
0.00013025
8.31443e-05
0.00013025
0.000169371
0.000228686
0.000169371
0.000228686
0.000169342
0.000228679
0.000169342
0.000228679
2.12249e-05
5.35576e-05
2.12249e-05
5.35576e-05
2.09978e-05
5.34624e-05
2.09978e-05
5.34624e-05
8.32244e-05
0.000130294
8.32244e-05
0.000130294
8.31443e-05
0.00013025
8.31443e-05
0.00013025
0.000169371
0.000228686
0.000169371
0.000228686
0.000169342
0.000228679
0.000169342
0.000228679
