FiniteElementSpace
FiniteElementCollection: RT_3D_P1
VDim: 1
Ordering: 0

2.15268e-12
7.51325e-12
-3.58883e-12
-3.96307e-12
-0.0972701
-0.0634623
-0.0972701
-0.0634623
0.0141792
0.0346586
0.0141792
0.0346586
0.0576952
0.0796711
0.0576952
0.0796711
-0.0329684
0.00749667
-0.0329684
0.00749667
-1.1961e-16
-1.1961e-16
8.5876e-18
8.5876e-18
-5.77718e-13
-2.28633e-12
5.4123e-12
-4.16464e-12
-0.266382
-0.141448
-0.266382
-0.141448
-0.0202131
-0.000526746
-0.0202131
-0.000526746
0.101282
0.166555
0.101282
0.166555
-1.28198e-16
-1.28198e-16
1.28198e-16
1.28198e-16
6.65998e-12
2.77421e-12
2.87928e-12
-4.87203e-12
-9.77056e-05
-0.000830331
-9.77057e-05
-0.000830331
0.10182
0.141474
0.10182
0.141474
-1.1961e-16
-1.1961e-16
8.5876e-18
8.5876e-18
-3.26282e-13
-2.13928e-12
-1.15222e-12
-2.8054e-12
-0.0361016
-0.00198308
-0.0361016
-0.00198308
0.0151064
0.0605575
0.0151064
0.0605575
0.0355022
0.0642849
0.0355022
0.0642849
-1.28198e-16
0
0
1.28198e-16
-9.10016e-12
-3.45747e-12
1.32869e-12
-6.66566e-12
0.00014985
0.000469041
0.00014985
0.000469041
0.089635
0.114955
0.089635
0.114955
-1.28198e-16
-1.28198e-16
1.28198e-16
1.28198e-16
5.96267e-12
8.15934e-12
4.98936e-12
8.72963e-12
0.00413571
-0.00166669
0.00413571
-0.00166669
0.105711
0.196197
0.105711
0.196197
-1.1961e-16
-1.1961e-16
8.5876e-18
8.5876e-18
1.97832e-12
1.13343e-12
7.22525e-13
1.19666e-12
0.0643477
0.109587
0.0643477
0.109587
-0.105044
-0.0480728
-0.105044
-0.0480728
0.0187826
0.0360638
0.0187826
0.0360638
-1.28198e-16
0
0
1.28198e-16
3.65306e-12
-1.56662e-13
1.46063e-12
-2.3183e-12
0.129393
0.357842
0.129393
0.357842
-0.0115801
0.000187488
-0.0115801
0.000187488
-1.28198e-16
-1.28198e-16
1.28198e-16
1.28198e-16
-1.49483e-12
3.35196e-12
-5.07736e-12
4.18444e-12
0.00865866
0.0654303
0.00865866
0.0654303
-0.027656
-0.00297914
-0.027656
-0.00297914
-1.1961e-16
-1.1961e-16
8.5876e-18
8.5876e-18
-4.45499e-13
7.44568e-12
-1.40867e-12
1.06492e-12
-0.0144602
-0.00796978
-0.0144602
-0.00796978
-0.049038
-0.0328111
-0.049038
-0.0328111
-1.36785e-16
-8.5876e-18
1.1961e-16
2.47807e-16
2.78315e-12
-3.18821e-12
9.63348e-13
-4.26963e-12
-0.0239305
-0.00257407
-0.0239305
-0.00257407
-0.0181717
-0.00838879
-0.0181717
-0.00838879
-1.28198e-16
-1.28198e-16
1.28198e-16
1.28198e-16
-2.71171e-12
3.32711e-12
-7.65449e-13
-1.30836e-13
-0.0878084
-0.041341
-0.0878084
-0.041341
-1.1961e-16
-1.1961e-16
8.5876e-18
8.5876e-18
3.79771e-12
1.17007e-11
3.02956e-12
-8.13668e-12
-0.0972701
-0.0634623
-0.0972701
-0.0634623
0.0141792
0.0346586
0.0141792
0.0346586
0.0576952
0.0796711
0.0576952
0.0796711
-0.0329684
0.00749667
-0.0329684
0.00749667
-2.92621e-12
-6.41531e-12
-9.39142e-12
-5.26642e-12
-0.266382
-0.141448
-0.266382
-0.141448
-0.0202131
-0.000526746
-0.0202131
-0.000526746
0.101282
0.166555
0.101282
0.166555
1.0754e-11
-3.46893e-13
1.04393e-11
-4.36601e-13
-9.77057e-05
-0.000830331
-9.77057e-05
-0.000830331
0.10182
0.141474
0.10182
0.141474
-2.74127e-12
1.72578e-12
1.25475e-12
7.19592e-12
-0.0361016
-0.00198308
-0.0361016
-0.00198308
0.0151064
0.0605575
0.0151064
0.0605575
0.0355022
0.0642849
0.0355022
0.0642849
3.70208e-12
6.10519e-12
1.83338e-12
1.62188e-11
0.00014985
0.000469041
0.00014985
0.000469041
0.089635
0.114955
0.089635
0.114955
-8.67553e-12
2.39881e-12
-1.30942e-11
3.46175e-12
0.00413571
-0.00166669
0.00413571
-0.00166669
0.105711
0.196197
0.105711
0.196197
6.13191e-13
-1.03176e-12
7.18212e-13
-4.13306e-12
0.0643477
0.109587
0.0643477
0.109587
-0.105044
-0.0480728
-0.105044
-0.0480728
0.0187826
0.0360638
0.0187826
0.0360638
9.6315e-13
-4.35721e-12
8.1018e-13
-1.19607e-11
0.129393
0.357842
0.129393
0.357842
-0.0115801
0.000187488
-0.0115801
0.000187488
-2.74022e-12
8.07136e-12
-2.83268e-12
-3.97632e-12
0.00865866
0.0654303
0.00865866
0.0654303
-0.027656
-0.00297914
-0.027656
-0.00297914
-9.37151e-14
8.87286e-12
-2.60645e-12
-2.42615e-12
-0.0144602
-0.00796978
-0.0144602
-0.00796978
-0.049038
-0.0328111
-0.049038
-0.0328111
2.22464e-12
-2.98292e-13
-5.91245e-12
-7.75266e-13
-0.0239305
-0.00257407
-0.0239305
-0.00257407
-0.0181717
-0.00838879
-0.0181717
-0.00838879
-4.46531e-12
2.68796e-12
-3.89186e-12
-5.52046e-13
-0.0878084
-0.041341
-0.0878084
-0.041341
8.5876e-18
8.5876e-18
-1.1961e-16
-1.1961e-16
-0.0972701
-0.0634623
-0.0972701
-0.0634623
0.0141792
0.0346586
0.0141792
0.0346586
0.0576952
0.0796711
0.0576952
0.0796711
-0.0329684
0.00749667
-0.0329684
0.00749667
1.28198e-16
1.28198e-16
-1.28198e-16
-1.28198e-16
-0.266382
-0.141448
-0.266382
-0.141448
-0.0202131
-0.000526746
-0.0202131
-0.000526746
0.101282
0.166555
0.101282
0.166555
8.5876e-18
8.5876e-18
-1.1961e-16
-1.1961e-16
-9.77057e-05
-0.000830331
-9.77057e-05
-0.000830331
0.10182
0.141474
0.10182
0.141474
0
1.28198e-16
-1.28198e-16
0
-0.0361016
-0.00198308
-0.0361016
-0.00198308
0.0151064
0.0605575
0.0151064
0.0605575
0.0355022
0.0642849
0.0355022
0.0642849
1.28198e-16
1.28198e-16
-1.28198e-16
-1.28198e-16
0.00014985
0.000469041
0.00014985
0.000469041
0.089635
0.114955
0.089635
0.114955
8.5876e-18
8.5876e-18
-1.1961e-16
-1.1961e-16
0.00413571
-0.00166669
0.00413571
-0.00166669
0.105711
0.196197
0.105711
0.196197
0
1.28198e-16
-1.28198e-16
0
0.0643477
0.109587
0.0643477
0.109587
-0.105044
-0.0480728
-0.105044
-0.0480728
0.0187826
0.0360638
0.0187826
0.0360638
1.28198e-16
1.28198e-16
-1.28198e-16
-1.28198e-16
0.129393
0.357842
0.129393
0.357842
-0.0115801
0.000187488
-0.0115801
0.000187488
8.5876e-18
8.5876e-18
-1.1961e-16
-1.1961e-16
0.00865866
0.0654303
0.00865866
0.0654303
-0.027656
-0.00297914
-0.027656
-0.00297914
1.1961e-16
2.47807e-16
-1.36785e-16
-8.5876e-18
-0.0144602
-0.00796978
-0.0144602
-0.00796978
-0.049038
-0.0328111
-0.049038
-0.0328111
1.28198e-16
1.28198e-16
-1.28198e-16
-1.28198e-16
-0.0239305
-0.00257407
-0.0239305
-0.00257407
-0.0181717
-0.00838879
-0.0181717
-0.00838879
8.5876e-18
8.5876e-18
-1.1961e-16
-1.1961e-16
-0.0878084
-0.041341
-0.0878084
-0.041341
-2.23941e-12
-8.98943e-13
-9.4744e-13
-6.99494e-12
0.017696
0.0305974
0.017696
0.0305974
0.0431405
0.0749838
0.0431405
0.0749838
-0.0562596
-0.0328928
-0.0562596
-0.0328928
-0.0519153
-0.0253501
-0.0519153
-0.0253501
-1.1961e-16
-1.1961e-16
8.5876e-18
8.5876e-18
-1.17385e-12
-9.12564e-13
-8.08863e-13
1.80218e-12
0.00257407
0.0239305
0.00257407
0.0239305
0.0116824
0.0276761
0.0116824
0.0276761
-0.0164911
-0.00107867
-0.0164911
-0.00107867
-1.28198e-16
-1.28198e-16
1.28198e-16
1.28198e-16
-1.41104e-12
5.10275e-12
-6.25997e-12
-2.56895e-12
-0.0190811
-0.001665
-0.0190811
-0.001665
1.97215e-31
0
0
-1.97215e-31
-2.80022e-12
-6.01389e-12
-4.74393e-12
-3.50224e-13
-0.131032
-0.0705837
-0.131032
-0.0705837
0.0573134
0.0800015
0.0573134
0.0800015
-0.0331338
0.00828203
-0.0331338
0.00828203
-1.28198e-16
0
0
1.28198e-16
-1.35735e-12
2.18395e-12
3.89943e-12
1.42398e-12
0.101576
0.163298
0.101576
0.163298
-8.5876e-18
-8.5876e-18
1.1961e-16
1.1961e-16
-3.12045e-12
1.25735e-11
-2.11571e-12
-5.21641e-12
0.00108288
-0.00386665
0.00108288
-0.00386665
0.101642
0.141163
0.101642
0.141163
-1.1961e-16
-1.1961e-16
8.5876e-18
8.5876e-18
-8.52933e-12
-9.96225e-12
6.11927e-12
-5.3981e-12
-0.0362131
-0.00176903
-0.0362131
-0.00176903
0.0150408
0.0601934
0.0150408
0.0601934
0.0356208
0.064442
0.0356208
0.064442
-1.28198e-16
0
0
1.28198e-16
1.21973e-11
-6.04746e-13
-3.26341e-12
1.3543e-12
-0.000245113
0.000167491
-0.000245113
0.000167491
0.089504
0.115397
0.089504
0.115397
-1.28198e-16
-1.28198e-16
1.28198e-16
1.28198e-16
-1.71504e-11
-1.54031e-11
-8.68027e-12
2.8599e-12
0.00108137
-0.000379842
0.00108137
-0.000379842
0.104417
0.199846
0.104417
0.199846
-1.1961e-16
-1.1961e-16
8.5876e-18
8.5876e-18
-1.78947e-12
-6.12484e-12
-6.91563e-13
-6.58397e-12
0.0527438
0.0729622
0.0527438
0.0729622
0.0271322
0.0405202
0.0271322
0.0405202
-1.36785e-16
-8.5876e-18
1.1961e-16
2.47807e-16
-3.61652e-12
-2.74597e-12
-1.96245e-12
-1.13039e-11
0.141448
0.266382
0.141448
0.266382
0.00450902
0.0176294
0.00450902
0.0176294
-1.28198e-16
-1.28198e-16
1.28198e-16
1.28198e-16
-4.8575e-12
-1.35581e-12
-6.40792e-12
-1.75391e-12
0.041341
0.0878084
0.041341
0.0878084
-1.1961e-16
-1.1961e-16
8.5876e-18
8.5876e-18
-4.93959e-12
2.21581e-12
-2.4323e-12
-5.10769e-12
0.017696
0.0305974
0.017696
0.0305974
0.0431405
0.0749838
0.0431405
0.0749838
-0.0562596
-0.0328928
-0.0562596
-0.0328928
-0.0519153
-0.0253501
-0.0519153
-0.0253501
-1.2797e-12
-5.84799e-12
3.59243e-12
-1.71394e-12
0.00257407
0.0239305
0.00257407
0.0239305
0.0116824
0.0276761
0.0116824
0.0276761
-0.0164911
-0.00107867
-0.0164911
-0.00107867
-6.14306e-12
3.32645e-12
-3.64079e-12
-1.15375e-11
-0.0190811
-0.001665
-0.0190811
-0.001665
-1.39693e-12
-7.77422e-12
-4.37713e-12
-3.03838e-12
-0.131032
-0.0705837
-0.131032
-0.0705837
0.0573134
0.0800015
0.0573134
0.0800015
-0.0331338
0.00828203
-0.0331338
0.00828203
-5.82264e-12
8.83883e-13
8.95805e-12
-3.11307e-12
0.101576
0.163298
0.101576
0.163298
-2.27184e-12
7.95843e-12
5.24826e-12
-2.5607e-12
0.00108288
-0.00386665
0.00108288
-0.00386665
0.101642
0.141163
0.101642
0.141163
-7.86445e-12
-1.57345e-13
-7.33082e-12
1.95961e-12
-0.0362131
-0.00176903
-0.0362131
-0.00176903
0.0150408
0.0601934
0.0150408
0.0601934
0.0356208
0.064442
0.0356208
0.064442
6.74162e-12
-6.12566e-13
-1.1183e-11
-2.9441e-12
-0.000245113
0.000167491
-0.000245113
0.000167491
0.089504
0.115397
0.089504
0.115397
-1.75823e-11
-9.08857e-12
-2.0406e-11
-2.70825e-11
0.00108137
-0.000379842
0.00108137
-0.000379842
0.104417
0.199846
0.104417
0.199846
-4.35993e-12
-1.39036e-12
4.03215e-12
-1.27853e-11
0.0527438
0.0729622
0.0527438
0.0729622
0.0271322
0.0405202
0.0271322
0.0405202
-2.33521e-12
-7.55106e-12
-1.20366e-11
-1.58999e-11
0.141448
0.266382
0.141448
0.266382
0.00450902
0.0176294
0.00450902
0.0176294
-1.118e-12
-6.87565e-12
-5.93937e-12
2.14954e-12
0.041341
0.0878084
0.041341
0.0878084
8.5876e-18
8.5876e-18
-1.1961e-16
-1.1961e-16
0.017696
0.0305974
0.017696
0.0305974
0.0431405
0.0749838
0.0431405
0.0749838
-0.0562596
-0.0328928
-0.0562596
-0.0328928
-0.0519153
-0.0253501
-0.0519153
-0.0253501
1.28198e-16
1.28198e-16
-1.28198e-16
-1.28198e-16
0.00257407
0.0239305
0.00257407
0.0239305
0.0116824
0.0276761
0.0116824
0.0276761
-0.0164911
-0.00107867
-0.0164911
-0.00107867
0
-1.97215e-31
1.97215e-31
0
-0.0190811
-0.001665
-0.0190811
-0.001665
0
1.28198e-16
-1.28198e-16
0
-0.131032
-0.0705837
-0.131032
-0.0705837
0.0573134
0.0800015
0.0573134
0.0800015
-0.0331338
0.00828203
-0.0331338
0.00828203
1.1961e-16
1.1961e-16
-8.5876e-18
-8.5876e-18
0.101576
0.163298
0.101576
0.163298
8.5876e-18
8.5876e-18
-1.1961e-16
-1.1961e-16
0.00108288
-0.00386665
0.00108288
-0.00386665
0.101642
0.141163
0.101642
0.141163
0
1.28198e-16
-1.28198e-16
0
-0.0362131
-0.00176903
-0.0362131
-0.00176903
0.0150408
0.0601934
0.0150408
0.0601934
0.0356208
0.064442
0.0356208
0.064442
1.28198e-16
1.28198e-16
-1.28198e-16
-1.28198e-16
-0.000245113
0.000167491
-0.000245113
0.000167491
0.089504
0.115397
0.089504
0.115397
8.5876e-18
8.5876e-18
-1.1961e-16
-1.1961e-16
0.00108137
-0.000379842
0.00108137
-0.000379842
0.104417
0.199846
0.104417
0.199846
1.1961e-16
2.47807e-16
-1.36785e-16
-8.5876e-18
0.0527438
0.0729622
0.0527438
0.0729622
0.0271322
0.0405202
0.0271322
0.0405202
1.28198e-16
1.28198e-16
-1.28198e-16
-1.28198e-16
0.141448
0.266382
0.141448
0.266382
0.00450902
0.0176294
0.00450902
0.0176294
8.5876e-18
8.5876e-18
-1.1961e-16
-1.1961e-16
0.041341
0.0878084
0.041341
0.0878084
-5.23825e-13
4.7148e-13
-7.34528e-12
-2.69574e-13
-0.0972701
-0.0634623
-0.0972701
-0.0634623
0.0141792
0.0346586
0.0141792
0.0346586
0.0576952
0.0796711
0.0576952
0.0796711
-0.0329684
0.00749667
-0.0329684
0.00749667
-1.1961e-16
-1.1961e-16
8.5876e-18
8.5876e-18
8.85389e-13
2.76933e-13
-2.4086e-12
-6.26041e-12
-0.0202131
-0.000526746
-0.0202131
-0.000526746
0.101282
0.166555
0.101282
0.166555
-8.5876e-18
-8.5876e-18
1.1961e-16
1.1961e-16
-2.34524e-12
9.20096e-12
-9.71001e-14
-1.02176e-11
-9.77057e-05
-0.000830331
-9.77057e-05
-0.000830331
0.10182
0.141474
0.10182
0.141474
-1.1961e-16
-1.1961e-16
8.5876e-18
8.5876e-18
3.28561e-12
-8.07563e-12
-5.06353e-12
-2.86251e-12
-0.0361016
-0.00198308
-0.0361016
-0.00198308
0.0151064
0.0605575
0.0151064
0.0605575
0.0355022
0.0642849
0.0355022
0.0642849
-1.28198e-16
0
0
1.28198e-16
-9.32024e-12
-3.5728e-12
-5.29149e-13
-4.07404e-12
0.00014985
0.000469041
0.00014985
0.000469041
0.089635
0.114955
0.089635
0.114955
-1.28198e-16
-1.28198e-16
1.28198e-16
1.28198e-16
-5.66187e-12
1.91138e-12
3.27285e-12
-2.9591e-12
0.00413571
-0.00166669
0.00413571
-0.00166669
0.105711
0.196197
0.105711
0.196197
-1.1961e-16
-1.1961e-16
8.5876e-18
8.5876e-18
7.09873e-13
5.20023e-12
9.04892e-13
1.11427e-12
0.0643477
0.109587
0.0643477
0.109587
-0.105044
-0.0480728
-0.105044
-0.0480728
0.0187826
0.0360638
0.0187826
0.0360638
-1.28198e-16
0
0
1.28198e-16
-1.26421e-12
-1.49571e-12
3.40049e-12
-9.9528e-14
0.129393
0.357842
0.129393
0.357842
-0.0115801
0.000187488
-0.0115801
0.000187488
-1.28198e-16
-1.28198e-16
1.28198e-16
1.28198e-16
-2.26553e-12
2.63514e-12
-5.15738e-12
1.05475e-12
0.00865866
0.0654303
0.00865866
0.0654303
-0.027656
-0.00297914
-0.027656
-0.00297914
-1.1961e-16
-1.1961e-16
8.5876e-18
8.5876e-18
-8.82483e-13
1.17892e-12
-7.9025e-13
7.91889e-13
-0.0144602
-0.00796978
-0.0144602
-0.00796978
-0.049038
-0.0328111
-0.049038
-0.0328111
-1.36785e-16
-8.5876e-18
1.1961e-16
2.47807e-16
2.11567e-13
-3.7114e-12
4.57092e-12
-3.37005e-12
-0.0181717
-0.00838879
-0.0181717
-0.00838879
-8.5876e-18
-8.5876e-18
1.1961e-16
1.1961e-16
-2.05384e-12
3.17419e-12
-4.38502e-12
3.70845e-12
1.97215e-31
0
0
-1.97215e-31
8.28315e-13
-7.76341e-12
-3.29124e-12
-2.52624e-12
-0.0972701
-0.0634623
-0.0972701
-0.0634623
0.0141792
0.0346586
0.0141792
0.0346586
0.0576952
0.0796711
0.0576952
0.0796711
-0.0329684
0.00749667
-0.0329684
0.00749667
-1.87791e-12
-1.21018e-11
-1.79904e-11
-1.06384e-11
-0.0202131
-0.000526746
-0.0202131
-0.000526746
0.101282
0.166555
0.101282
0.166555
-1.13039e-11
-3.8955e-13
1.48806e-12
-2.00866e-11
-9.77057e-05
-0.000830331
-9.77057e-05
-0.000830331
0.10182
0.141474
0.10182
0.141474
8.54848e-12
3.6186e-12
-2.71856e-12
4.02463e-12
-0.0361016
-0.00198308
-0.0361016
-0.00198308
0.0151064
0.0605575
0.0151064
0.0605575
0.0355022
0.0642849
0.0355022
0.0642849
3.77416e-12
1.883e-12
-7.86744e-12
4.2684e-12
0.00014985
0.000469041
0.00014985
0.000469041
0.089635
0.114955
0.089635
0.114955
3.29147e-12
-1.38037e-12
4.77159e-12
1.28952e-12
0.00413571
-0.00166669
0.00413571
-0.00166669
0.105711
0.196197
0.105711
0.196197
4.70363e-13
5.95455e-12
7.49729e-13
7.00393e-12
0.0643477
0.109587
0.0643477
0.109587
-0.105044
-0.0480728
-0.105044
-0.0480728
0.0187826
0.0360638
0.0187826
0.0360638
4.94238e-12
6.16372e-12
2.06059e-12
1.8324e-11
0.129393
0.357842
0.129393
0.357842
-0.0115801
0.000187488
-0.0115801
0.000187488
-2.37114e-12
1.51166e-12
3.78072e-12
4.67241e-12
0.00865866
0.0654303
0.00865866
0.0654303
-0.027656
-0.00297914
-0.027656
-0.00297914
-8.79024e-15
3.87594e-12
-4.69322e-12
-1.49322e-12
-0.0144602
-0.00796978
-0.0144602
-0.00796978
-0.049038
-0.0328111
-0.049038
-0.0328111
-4.55097e-13
-6.29794e-13
-2.6589e-13
-1.25586e-12
-0.0181717
-0.00838879
-0.0181717
-0.00838879
2.44684e-12
-1.68325e-12
-1.02305e-11
-2.92323e-12
8.5876e-18
8.5876e-18
-1.1961e-16
-1.1961e-16
-0.0972701
-0.0634623
-0.0972701
-0.0634623
0.0141792
0.0346586
0.0141792
0.0346586
0.0576952
0.0796711
0.0576952
0.0796711
-0.0329684
0.00749667
-0.0329684
0.00749667
1.1961e-16
1.1961e-16
-8.5876e-18
-8.5876e-18
-0.0202131
-0.000526746
-0.0202131
-0.000526746
0.101282
0.166555
0.101282
0.166555
8.5876e-18
8.5876e-18
-1.1961e-16
-1.1961e-16
-9.77057e-05
-0.000830331
-9.77057e-05
-0.000830331
0.10182
0.141474
0.10182
0.141474
0
1.28198e-16
-1.28198e-16
0
-0.0361016
-0.00198308
-0.0361016
-0.00198308
0.0151064
0.0605575
0.0151064
0.0605575
0.0355022
0.0642849
0.0355022
0.0642849
1.28198e-16
1.28198e-16
-1.28198e-16
-1.28198e-16
0.00014985
0.000469041
0.00014985
0.000469041
0.089635
0.114955
0.089635
0.114955
8.5876e-18
8.5876e-18
-1.1961e-16
-1.1961e-16
0.00413571
-0.00166669
0.00413571
-0.00166669
0.105711
0.196197
0.105711
0.196197
0
1.28198e-16
-1.28198e-16
0
0.0643477
0.109587
0.0643477
0.109587
-0.105044
-0.0480728
-0.105044
-0.0480728
0.0187826
0.0360638
0.0187826
0.0360638
1.28198e-16
1.28198e-16
-1.28198e-16
-1.28198e-16
0.129393
0.357842
0.129393
0.357842
-0.0115801
0.000187488
-0.0115801
0.000187488
8.5876e-18
8.5876e-18
-1.1961e-16
-1.1961e-16
0.00865866
0.0654303
0.00865866
0.0654303
-0.027656
-0.00297914
-0.027656
-0.00297914
1.1961e-16
2.47807e-16
-1.36785e-16
-8.5876e-18
-0.0144602
-0.00796978
-0.0144602
-0.00796978
-0.049038
-0.0328111
-0.049038
-0.0328111
1.1961e-16
1.1961e-16
-8.5876e-18
-8.5876e-18
-0.0181717
-0.00838879
-0.0181717
-0.00838879
0
-1.97215e-31
1.97215e-31
0
7.98785e-12
-3.54414e-12
-1.45582e-12
-3.7226e-13
0.017696
0.0305974
0.017696
0.0305974
0.0431405
0.0749838
0.0431405
0.0749838
-0.0562596
-0.0328928
-0.0562596
-0.0328928
-0.0519153
-0.0253501
-0.0519153
-0.0253501
-1.1961e-16
-1.1961e-16
8.5876e-18
8.5876e-18
-3.77551e-12
-4.93703e-13
2.38247e-12
4.45181e-12
0.0116824
0.0276761
0.0116824
0.0276761
-0.0164911
-0.00107867
-0.0164911
-0.00107867
-8.5876e-18
-8.5876e-18
1.1961e-16
1.1961e-16
1.91494e-12
3.32111e-12
-7.31535e-13
-5.78763e-12
-0.0190811
-0.001665
-0.0190811
-0.001665
1.97215e-31
0
0
-1.97215e-31
2.51355e-12
3.14095e-12
-1.06486e-12
3.40481e-12
-0.131032
-0.0705837
-0.131032
-0.0705837
0.0573134
0.0800015
0.0573134
0.0800015
-0.0331338
0.00828203
-0.0331338
0.00828203
-1.28198e-16
0
0
1.28198e-16
-2.26963e-12
2.74735e-12
-1.42796e-11
9.20418e-12
0.101576
0.163298
0.101576
0.163298
-8.5876e-18
-8.5876e-18
1.1961e-16
1.1961e-16
3.4347e-12
6.80569e-12
7.37515e-12
-3.49858e-12
0.00108288
-0.00386665
0.00108288
-0.00386665
0.101642
0.141163
0.101642
0.141163
-1.1961e-16
-1.1961e-16
8.5876e-18
8.5876e-18
1.33327e-12
-3.95417e-12
6.23651e-12
-2.1051e-12
-0.0362131
-0.00176903
-0.0362131
-0.00176903
0.0150408
0.0601934
0.0150408
0.0601934
0.0356208
0.064442
0.0356208
0.064442
-1.28198e-16
0
0
1.28198e-16
1.90066e-11
1.71604e-13
1.85082e-13
1.32043e-11
-0.000245113
0.000167491
-0.000245113
0.000167491
0.089504
0.115397
0.089504
0.115397
-1.28198e-16
-1.28198e-16
1.28198e-16
1.28198e-16
-1.07837e-11
-6.42119e-12
-6.71625e-12
4.43704e-12
0.00108137
-0.000379842
0.00108137
-0.000379842
0.104417
0.199846
0.104417
0.199846
-1.1961e-16
-1.1961e-16
8.5876e-18
8.5876e-18
-4.66799e-14
-7.20019e-13
-1.58963e-12
2.51845e-12
0.0527438
0.0729622
0.0527438
0.0729622
0.0271322
0.0405202
0.0271322
0.0405202
-1.36785e-16
-8.5876e-18
1.1961e-16
2.47807e-16
-6.05415e-13
-9.31072e-13
4.03846e-12
7.56951e-12
0.00450902
0.0176294
0.00450902
0.0176294
-8.5876e-18
-8.5876e-18
1.1961e-16
1.1961e-16
-1.80445e-12
2.9968e-13
-3.43491e-12
-8.1539e-13
1.97215e-31
0
0
-1.97215e-31
5.38433e-12
2.79439e-12
-1.17496e-12
5.8715e-12
0.017696
0.0305974
0.017696
0.0305974
0.0431405
0.0749838
0.0431405
0.0749838
-0.0562596
-0.0328928
-0.0562596
-0.0328928
-0.0519153
-0.0253501
-0.0519153
-0.0253501
5.75432e-13
-7.02033e-13
1.51563e-12
-4.75115e-13
0.0116824
0.0276761
0.0116824
0.0276761
-0.0164911
-0.00107867
-0.0164911
-0.00107867
5.32936e-12
9.30061e-12
-8.44674e-12
-1.58018e-12
-0.0190811
-0.001665
-0.0190811
-0.001665
1.2e-11
5.45605e-12
1.20452e-11
7.4939e-12
-0.131032
-0.0705837
-0.131032
-0.0705837
0.0573134
0.0800015
0.0573134
0.0800015
-0.0331338
0.00828203
-0.0331338
0.00828203
4.82599e-12
5.3262e-12
1.45287e-11
1.04918e-11
0.101576
0.163298
0.101576
0.163298
2.29062e-11
2.22299e-11
2.33439e-11
6.49944e-12
0.00108288
-0.00386665
0.00108288
-0.00386665
0.101642
0.141163
0.101642
0.141163
-3.55639e-12
-7.0866e-12
-2.21656e-12
6.26604e-12
-0.0362131
-0.00176903
-0.0362131
-0.00176903
0.0150408
0.0601934
0.0150408
0.0601934
0.0356208
0.064442
0.0356208
0.064442
8.10874e-12
5.29759e-12
5.0988e-12
3.58216e-11
-0.000245113
0.000167491
-0.000245113
0.000167491
0.089504
0.115397
0.089504
0.115397
-1.07699e-11
-7.87125e-13
-1.46939e-11
-2.23521e-11
0.00108137
-0.000379842
0.00108137
-0.000379842
0.104417
0.199846
0.104417
0.199846
-2.67548e-12
-3.01511e-12
6.89727e-12
-7.88182e-12
0.0527438
0.0729622
0.0527438
0.0729622
0.0271322
0.0405202
0.0271322
0.0405202
-2.54897e-13
-1.51537e-12
-4.5561e-12
-6.92505e-12
0.00450902
0.0176294
0.00450902
0.0176294
2.00246e-12
-3.80338e-12
-1.34797e-12
-2.02764e-12
8.5876e-18
8.5876e-18
-1.1961e-16
-1.1961e-16
0.017696
0.0305974
0.017696
0.0305974
0.0431405
0.0749838
0.0431405
0.0749838
-0.0562596
-0.0328928
-0.0562596
-0.0328928
-0.0519153
-0.0253501
-0.0519153
-0.0253501
1.1961e-16
1.1961e-16
-8.5876e-18
-8.5876e-18
0.0116824
0.0276761
0.0116824
0.0276761
-0.0164911
-0.00107867
-0.0164911
-0.00107867
0
-1.97215e-31
1.97215e-31
0
-0.0190811
-0.001665
-0.0190811
-0.001665
0
1.28198e-16
-1.28198e-16
0
-0.131032
-0.0705837
-0.131032
-0.0705837
0.0573134
0.0800015
0.0573134
0.0800015
-0.0331338
0.00828203
-0.0331338
0.00828203
1.1961e-16
1.1961e-16
-8.5876e-18
-8.5876e-18
0.101576
0.163298
0.101576
0.163298
8.5876e-18
8.5876e-18
-1.1961e-16
-1.1961e-16
0.00108288
-0.00386665
0.00108288
-0.00386665
0.101642
0.141163
0.101642
0.141163
0
1.28198e-16
-1.28198e-16
0
-0.0362131
-0.00176903
-0.0362131
-0.00176903
0.0150408
0.0601934
0.0150408
0.0601934
0.0356208
0.064442
0.0356208
0.064442
1.28198e-16
1.28198e-16
-1.28198e-16
-1.28198e-16
-0.000245113
0.000167491
-0.000245113
0.000167491
0.089504
0.115397
0.089504
0.115397
8.5876e-18
8.5876e-18
-1.1961e-16
-1.1961e-16
0.00108137
-0.000379842
0.00108137
-0.000379842
0.104417
0.199846
0.104417
0.199846
1.1961e-16
2.47807e-16
-1.36785e-16
-8.5876e-18
0.0527438
0.0729622
0.0527438
0.0729622
0.0271322
0.0405202
0.0271322
0.0405202
1.1961e-16
1.1961e-16
-8.5876e-18
-8.5876e-18
0.00450902
0.0176294
0.00450902
0.0176294
0
-1.97215e-31
1.97215e-31
0
0.260626
0.313317
0.260626
0.313317
-4.98835e-12
1.48498e-12
3.30437e-13
-2.11623e-11
0
-1.97215e-31
1.97215e-31
-4.93038e-32
-0.0812737
-0.0812737
0.0813545
0.0813545
-0.260529
-0.312793
-0.260529
-0.312793
0.205508
0.235021
0.205508
0.235021
-1.22467e-11
-5.56804e-12
-8.04642e-12
-1.4709e-11
0
-1.97215e-31
1.97215e-31
-4.93038e-32
-0.0767483
-0.0767483
0.0767688
0.0767688
-0.205493
-0.234976
-0.205493
-0.234976
0.174602
0.188062
0.174602
0.188062
-2.50813e-11
-2.01295e-11
-2.86682e-11
-2.06128e-11
0
-1.97215e-31
1.97215e-31
-4.93038e-32
7.77156e-16
4.44089e-16
-1.1241e-15
9.71445e-17
-0.174594
-0.188049
-0.174594
-0.188049
0.260626
0.313317
0.260626
0.313317
-1.35395e-11
-3.20285e-11
-1.16051e-11
-3.73839e-11
-0.0812737
-0.0812737
0.0813545
0.0813545
-0.260529
-0.312793
-0.260529
-0.312793
0.205508
0.235021
0.205508
0.235021
-1.02275e-11
-1.20228e-11
-1.25498e-11
-2.99098e-11
-0.0767483
-0.0767483
0.0767688
0.0767688
-0.205493
-0.234976
-0.205493
-0.234976
0.174602
0.188062
0.174602
0.188062
-1.70462e-11
-2.38594e-11
-1.32952e-11
-2.17822e-11
-1.11022e-16
0
4.16334e-17
-5.55112e-17
-0.174594
-0.188049
-0.174594
-0.188049
0.260626
0.313317
0.260626
0.313317
0
1.97215e-31
-1.97215e-31
4.93038e-32
-0.0812737
-0.0812737
0.0813545
0.0813545
-0.260529
-0.312793
-0.260529
-0.312793
0.205508
0.235021
0.205508
0.235021
0
1.97215e-31
-1.97215e-31
4.93038e-32
-0.0767483
-0.0767483
0.0767688
0.0767688
-0.205493
-0.234976
-0.205493
-0.234976
0.174602
0.188062
0.174602
0.188062
0
1.97215e-31
-1.97215e-31
4.93038e-32
-1.11022e-16
1.22125e-15
2.56739e-16
-1.30451e-15
-0.174594
-0.188049
-0.174594
-0.188049
-4.51513e-12
-8.09856e-12
-4.75295e-12
1.24236e-11
0
-1.97215e-31
1.97215e-31
-4.93038e-32
-0.08135
-0.08135
0.0813648
0.0813648
-0.260338
-0.313076
-0.260338
-0.313076
-8.56141e-12
-9.15056e-12
-2.93636e-12
-5.31014e-12
0
-1.97215e-31
1.97215e-31
-4.93038e-32
-0.0767537
-0.0767537
0.0767533
0.0767533
-0.205483
-0.234971
-0.205483
-0.234971
-2.34736e-11
-1.80221e-11
-1.37839e-11
-1.46668e-11
0
-1.97215e-31
1.97215e-31
-4.93038e-32
1.55431e-15
-7.77156e-16
-7.91034e-16
2.498e-16
-0.174595
-0.188048
-0.174595
-0.188048
-1.71645e-11
-1.27704e-11
-4.97978e-12
7.75396e-12
-0.08135
-0.08135
0.0813648
0.0813648
-0.260338
-0.313076
-0.260338
-0.313076
-4.10938e-12
-1.46819e-11
-2.67817e-12
-1.61548e-11
-0.0767537
-0.0767537
0.0767533
0.0767533
-0.205483
-0.234971
-0.205483
-0.234971
-7.93647e-12
-1.58146e-11
-3.22236e-12
-1.30038e-11
2.22045e-16
1.11022e-16
-6.93889e-17
-6.245e-17
-0.174595
-0.188048
-0.174595
-0.188048
0
1.97215e-31
-1.97215e-31
4.93038e-32
-0.08135
-0.08135
0.0813648
0.0813648
-0.260338
-0.313076
-0.260338
-0.313076
0
1.97215e-31
-1.97215e-31
4.93038e-32
-0.0767537
-0.0767537
0.0767533
0.0767533
-0.205483
-0.234971
-0.205483
-0.234971
0
1.97215e-31
-1.97215e-31
4.93038e-32
-2.22045e-16
9.99201e-16
1.31839e-16
-7.35523e-16
-0.174595
-0.188048
-0.174595
-0.188048
-3.79983e-12
-1.13959e-12
8.35509e-13
-7.53909e-13
0
-1.97215e-31
1.97215e-31
-4.93038e-32
-0.081409
-0.081409
0.0810555
0.0810555
-0.260532
-0.315313
-0.260532
-0.315313
2.70865e-12
-3.11286e-12
-1.07531e-12
-6.97957e-12
0
-1.97215e-31
1.97215e-31
-4.93038e-32
-0.076805
-0.076805
0.0767243
0.0767243
-0.205544
-0.235183
-0.205544
-0.235183
9.068e-13
-7.69636e-12
-9.70182e-13
-2.93857e-12
0
-1.97215e-31
1.97215e-31
-4.93038e-32
9.99201e-16
0
-9.57567e-16
-6.245e-17
-0.174626
-0.188097
-0.174626
-0.188097
1.31326e-12
1.09018e-11
4.44083e-12
4.18112e-12
-0.081409
-0.081409
0.0810555
0.0810555
-0.260532
-0.315313
-0.260532
-0.315313
7.10447e-12
2.44918e-12
5.61667e-13
-2.49248e-12
-0.076805
-0.076805
0.0767243
0.0767243
-0.205544
-0.235183
-0.205544
-0.235183
-1.43467e-12
2.27178e-12
-8.39136e-12
-7.02461e-13
4.44089e-16
2.22045e-16
-4.02456e-16
-2.15106e-16
-0.174626
-0.188097
-0.174626
-0.188097
0
1.97215e-31
-1.97215e-31
4.93038e-32
-0.081409
-0.081409
0.0810555
0.0810555
-0.260532
-0.315313
-0.260532
-0.315313
0
1.97215e-31
-1.97215e-31
4.93038e-32
-0.076805
-0.076805
0.0767243
0.0767243
-0.205544
-0.235183
-0.205544
-0.235183
0
1.97215e-31
-1.97215e-31
4.93038e-32
0
9.99201e-16
3.33067e-16
-1.20043e-15
-0.174626
-0.188097
-0.174626
-0.188097
0.260509
0.312597
0.260509
0.312597
-4.1779e-12
-2.75974e-12
-8.7949e-12
3.47593e-12
0
-1.97215e-31
1.97215e-31
-4.93038e-32
-0.0813926
-0.0813926
0.0813015
0.0813015
0.205492
0.234965
0.205492
0.234965
-6.80843e-12
-8.18686e-12
-1.22177e-11
-8.35254e-13
0
-1.97215e-31
1.97215e-31
-4.93038e-32
-0.0767723
-0.0767723
0.0767534
0.0767534
0.174595
0.18805
0.174595
0.18805
-1.58757e-11
-2.04959e-11
-2.07164e-11
-1.27279e-11
0
-1.97215e-31
1.97215e-31
-4.93038e-32
8.88178e-16
2.22045e-16
-5.82867e-16
-4.85723e-16
0.260509
0.312597
0.260509
0.312597
-7.23371e-12
-6.74422e-12
-1.20536e-11
-1.57437e-11
-0.0813926
-0.0813926
0.0813015
0.0813015
0.205492
0.234965
0.205492
0.234965
-1.4435e-11
-9.04726e-12
-2.10962e-11
-1.06222e-11
-0.0767723
-0.0767723
0.0767534
0.0767534
0.174595
0.18805
0.174595
0.18805
-2.38091e-11
-2.16286e-11
-2.56118e-11
-1.52207e-11
0
-1.11022e-16
-1.80411e-16
2.01228e-16
0.260509
0.312597
0.260509
0.312597
0
1.97215e-31
-1.97215e-31
4.93038e-32
-0.0813926
-0.0813926
0.0813015
0.0813015
0.205492
0.234965
0.205492
0.234965
0
1.97215e-31
-1.97215e-31
4.93038e-32
-0.0767723
-0.0767723
0.0767534
0.0767534
0.174595
0.18805
0.174595
0.18805
0
1.97215e-31
-1.97215e-31
4.93038e-32
-2.22045e-16
1.22125e-15
6.245e-17
-7.42462e-16
0.260361
0.31334
0.260361
0.31334
-2.95338e-12
-1.31791e-11
-1.87707e-12
-9.44275e-12
0
-1.97215e-31
1.97215e-31
-4.93038e-32
-0.081346
-0.081346
0.0813698
0.0813698
0.205487
0.23499
0.205487
0.23499
5.01043e-13
-2.23822e-12
-2.34517e-12
-8.11971e-12
0
-1.97215e-31
1.97215e-31
-4.93038e-32
-0.076753
-0.076753
0.0767566
0.0767566
0.174597
0.188051
0.174597
0.188051
-5.10761e-12
-1.17638e-11
-1.41257e-11
-4.9753e-13
0
-1.97215e-31
1.97215e-31
-4.93038e-32
1.33227e-15
-4.44089e-16
-1.10328e-15
3.19189e-16
0.260361
0.31334
0.260361
0.31334
-4.64988e-12
-1.942e-12
-6.66762e-12
-9.65613e-12
-0.081346
-0.081346
0.0813698
0.0813698
0.205487
0.23499
0.205487
0.23499
-2.87392e-12
-9.36826e-12
-1.59557e-11
-9.12736e-12
-0.076753
-0.076753
0.0767566
0.0767566
0.174597
0.188051
0.174597
0.188051
-6.96476e-12
-1.4009e-11
-2.31872e-11
-1.49711e-11
0
1.11022e-16
-6.93889e-18
-1.59595e-16
0.260361
0.31334
0.260361
0.31334
0
1.97215e-31
-1.97215e-31
4.93038e-32
-0.081346
-0.081346
0.0813698
0.0813698
0.205487
0.23499
0.205487
0.23499
0
1.97215e-31
-1.97215e-31
4.93038e-32
-0.076753
-0.076753
0.0767566
0.0767566
0.174597
0.188051
0.174597
0.188051
0
1.97215e-31
-1.97215e-31
4.93038e-32
-5.55112e-16
1.44329e-15
3.60822e-16
-1.33227e-15
0.260532
0.315313
0.260532
0.315313
9.52025e-12
-3.39247e-12
1.08086e-12
1.40892e-11
0
-1.97215e-31
1.97215e-31
-4.93038e-32
-0.0810338
-0.0810338
0.081359
0.081359
0.205544
0.235183
0.205544
0.235183
5.02812e-12
1.58386e-11
4.31146e-12
7.44392e-12
0
-1.97215e-31
1.97215e-31
-4.93038e-32
-0.0767229
-0.0767229
0.0767987
0.0767987
0.174626
0.188097
0.174626
0.188097
1.36827e-11
1.20004e-11
5.06244e-12
7.18106e-12
0
-1.97215e-31
1.97215e-31
-4.93038e-32
5.55112e-16
1.11022e-16
-5.41234e-16
0
0.260532
0.315313
0.260532
0.315313
2.1773e-11
1.51974e-11
-2.30134e-12
-3.51672e-12
-0.0810338
-0.0810338
0.081359
0.081359
0.205544
0.235183
0.205544
0.235183
1.82741e-11
1.90849e-11
7.24701e-12
-6.60012e-13
-0.0767229
-0.0767229
0.0767987
0.0767987
0.174626
0.188097
0.174626
0.188097
2.56028e-11
2.11498e-11
1.17894e-11
1.17881e-11
-5.55112e-16
2.22045e-16
2.77556e-16
2.08167e-16
0.260532
0.315313
0.260532
0.315313
0
1.97215e-31
-1.97215e-31
4.93038e-32
-0.0810338
-0.0810338
0.081359
0.081359
0.205544
0.235183
0.205544
0.235183
0
1.97215e-31
-1.97215e-31
4.93038e-32
-0.0767229
-0.0767229
0.0767987
0.0767987
0.174626
0.188097
0.174626
0.188097
0
1.97215e-31
-1.97215e-31
4.93038e-32
-4.44089e-16
1.33227e-15
4.44089e-16
-1.23512e-15
-1.1961e-16
-1.1961e-16
8.5876e-18
8.5876e-18
-1.22125e-15
1.11022e-16
5.68989e-16
1.11022e-16
-2.63867e-11
-3.74888e-11
-2.22858e-11
-1.57762e-11
-0.0767243
-0.0767243
0.076805
0.076805
0.188048
0.174595
0.188048
0.174595
-1.1961e-16
-1.1961e-16
8.5876e-18
8.5876e-18
-2.27318e-11
-2.2251e-11
-2.20526e-11
-1.9927e-11
-0.0810555
-0.0810555
0.081409
0.081409
0.234971
0.205483
0.234971
0.205483
0
-1.28198e-16
1.28198e-16
0
-2.50932e-11
-3.28529e-11
-2.76015e-11
-4.41573e-11
0.313076
0.260338
0.313076
0.260338
1.11022e-16
1.11022e-16
-9.71445e-17
-1.66533e-16
-2.01013e-11
-2.61035e-11
-1.87283e-11
-1.18867e-11
-0.0767243
-0.0767243
0.076805
0.076805
0.188048
0.174595
0.188048
0.174595
-1.71733e-11
-1.50208e-11
-1.55029e-11
-1.61803e-11
-0.0810555
-0.0810555
0.081409
0.081409
0.234971
0.205483
0.234971
0.205483
-1.26591e-11
-1.50975e-12
-1.34635e-11
-1.78166e-11
0.313076
0.260338
0.313076
0.260338
-2.22045e-16
-6.66134e-16
4.44089e-16
5.41234e-16
1.1961e-16
1.1961e-16
-8.5876e-18
-8.5876e-18
-0.0767243
-0.0767243
0.076805
0.076805
0.188048
0.174595
0.188048
0.174595
1.1961e-16
1.1961e-16
-8.5876e-18
-8.5876e-18
-0.0810555
-0.0810555
0.081409
0.081409
0.234971
0.205483
0.234971
0.205483
1.11022e-16
2.3922e-16
-1.71752e-17
1.11022e-16
0.313076
0.260338
0.313076
0.260338
0
1.97215e-31
-1.97215e-31
4.93038e-32
-8.88178e-16
2.22045e-16
8.39606e-16
2.08167e-17
-1.28907e-11
-2.18904e-11
-7.74113e-12
4.39199e-12
-0.0767533
-0.0767533
0.0767537
0.0767537
0.188049
0.174594
0.188049
0.174594
0
1.97215e-31
-1.97215e-31
4.93038e-32
-8.91612e-12
-2.10552e-11
-1.38865e-11
5.25284e-12
-0.0813648
-0.0813648
0.08135
0.08135
0.234976
0.205493
0.234976
0.205493
1.1961e-16
-8.5876e-18
1.1961e-16
-8.5876e-18
-2.266e-11
-4.73321e-11
-1.40135e-11
-8.42825e-12
0.312793
0.260529
0.312793
0.260529
-1.11022e-16
2.22045e-16
-2.63678e-16
1.04083e-16
-1.17364e-11
-1.86714e-11
-6.46841e-13
2.98438e-12
-0.0767533
-0.0767533
0.0767537
0.0767537
0.188049
0.174594
0.188049
0.174594
-7.5654e-12
-1.72476e-11
-1.61102e-11
-1.88336e-12
-0.0813648
-0.0813648
0.08135
0.08135
0.234976
0.205493
0.234976
0.205493
-5.53267e-12
3.04775e-12
-2.1548e-11
-1.34568e-11
0.312793
0.260529
0.312793
0.260529
-3.33067e-16
-6.66134e-16
-3.40006e-16
1.02002e-15
0
-1.97215e-31
1.97215e-31
-4.93038e-32
-0.0767533
-0.0767533
0.0767537
0.0767537
0.188049
0.174594
0.188049
0.174594
0
-1.97215e-31
1.97215e-31
-4.93038e-32
-0.0813648
-0.0813648
0.08135
0.08135
0.234976
0.205493
0.234976
0.205493
-8.5876e-18
1.1961e-16
-8.5876e-18
1.1961e-16
0.312793
0.260529
0.312793
0.260529
0
1.97215e-31
-1.97215e-31
4.93038e-32
-7.77156e-16
1.11022e-16
6.17562e-16
-1.31839e-16
5.66501e-12
3.79791e-12
7.75999e-12
1.17031e-11
-0.0767688
-0.0767688
0.0767483
0.0767483
0.188062
0.174602
0.188062
0.174602
0
1.97215e-31
-1.97215e-31
4.93038e-32
8.89508e-12
-7.86876e-13
1.16443e-13
6.28198e-12
-0.0813545
-0.0813545
0.0812737
0.0812737
0.235021
0.205508
0.235021
0.205508
1.1961e-16
-8.5876e-18
1.1961e-16
-8.5876e-18
-1.52479e-12
4.11063e-12
-9.73136e-13
2.14579e-11
0.313317
0.260626
0.313317
0.260626
0
2.22045e-16
-6.245e-17
1.73472e-16
1.59505e-11
-4.53291e-12
-2.71432e-12
1.12553e-11
-0.0767688
-0.0767688
0.0767483
0.0767483
0.188062
0.174602
0.188062
0.174602
-6.20163e-13
-1.32098e-11
-7.76341e-12
2.40314e-12
-0.0813545
-0.0813545
0.0812737
0.0812737
0.235021
0.205508
0.235021
0.205508
-1.79529e-12
1.01035e-11
-1.22317e-11
-2.30181e-11
0.313317
0.260626
0.313317
0.260626
0
-9.99201e-16
4.85723e-17
7.35523e-16
0
-1.97215e-31
1.97215e-31
-4.93038e-32
-0.0767688
-0.0767688
0.0767483
0.0767483
0.188062
0.174602
0.188062
0.174602
0
-1.97215e-31
1.97215e-31
-4.93038e-32
-0.0813545
-0.0813545
0.0812737
0.0812737
0.235021
0.205508
0.235021
0.205508
-8.5876e-18
1.1961e-16
-8.5876e-18
1.1961e-16
0.313317
0.260626
0.313317
0.260626
4.49119e-12
1.64241e-12
-7.28678e-12
3.3738e-12
0.0813015
0.0813015
-0.0813926
-0.0813926
-8.5876e-18
1.1961e-16
-8.5876e-18
1.1961e-16
0.312597
0.260509
0.312597
0.260509
1.3555e-12
4.26297e-12
6.63089e-13
1.48295e-11
0.0767534
0.0767534
-0.0767723
-0.0767723
0
-1.97215e-31
1.97215e-31
-4.93038e-32
0.234965
0.205492
0.234965
0.205492
-3.09733e-13
3.8901e-12
1.06215e-11
1.38393e-11
-1.11022e-16
-6.66134e-16
9.02056e-17
1.00614e-15
0
-1.97215e-31
1.97215e-31
-4.93038e-32
0.18805
0.174595
0.18805
0.174595
-2.63488e-13
5.61557e-12
1.09069e-11
7.11684e-12
0.0813015
0.0813015
-0.0813926
-0.0813926
0.312597
0.260509
0.312597
0.260509
2.21447e-12
-2.76771e-12
1.2767e-11
8.65213e-12
0.0767534
0.0767534
-0.0767723
-0.0767723
0.234965
0.205492
0.234965
0.205492
-1.36801e-13
-6.29652e-12
8.76485e-12
6.02083e-12
-3.33067e-16
2.22045e-16
2.01228e-16
-4.85723e-17
0.18805
0.174595
0.18805
0.174595
1.1961e-16
-8.5876e-18
1.1961e-16
-8.5876e-18
0.0813015
0.0813015
-0.0813926
-0.0813926
0.312597
0.260509
0.312597
0.260509
0
1.97215e-31
-1.97215e-31
4.93038e-32
0.0767534
0.0767534
-0.0767723
-0.0767723
0.234965
0.205492
0.234965
0.205492
0
1.97215e-31
-1.97215e-31
4.93038e-32
-1.11022e-15
5.55112e-16
6.38378e-16
-2.77556e-16
0.18805
0.174595
0.18805
0.174595
-1.86473e-11
-6.29915e-14
-7.69959e-12
4.63826e-12
0.0813698
0.0813698
-0.081346
-0.081346
-8.5876e-18
1.1961e-16
-8.5876e-18
1.1961e-16
0.31334
0.260361
0.31334
0.260361
5.37512e-12
-5.38358e-15
4.46471e-12
6.74295e-12
0.0767566
0.0767566
-0.076753
-0.076753
0
-1.97215e-31
1.97215e-31
-4.93038e-32
0.23499
0.205487
0.23499
0.205487
1.32274e-12
8.62421e-12
5.07141e-12
3.7357e-12
-3.33067e-16
-1.22125e-15
-9.71445e-17
1.0339e-15
0
-1.97215e-31
1.97215e-31
-4.93038e-32
0.188051
0.174597
0.188051
0.174597
2.21278e-12
1.01e-11
1.94231e-11
5.21201e-12
0.0813698
0.0813698
-0.081346
-0.081346
0.31334
0.260361
0.31334
0.260361
1.37983e-11
-2.57771e-12
5.59528e-12
1.22934e-11
0.0767566
0.0767566
-0.076753
-0.076753
0.23499
0.205487
0.23499
0.205487
7.55075e-12
4.20973e-12
6.36893e-12
6.95809e-12
1.11022e-16
-1.11022e-16
2.08167e-17
3.19189e-16
0.188051
0.174597
0.188051
0.174597
1.1961e-16
-8.5876e-18
1.1961e-16
-8.5876e-18
0.0813698
0.0813698
-0.081346
-0.081346
0.31334
0.260361
0.31334
0.260361
0
1.97215e-31
-1.97215e-31
4.93038e-32
0.0767566
0.0767566
-0.076753
-0.076753
0.23499
0.205487
0.23499
0.205487
0
1.97215e-31
-1.97215e-31
4.93038e-32
-7.77156e-16
2.22045e-16
4.71845e-16
9.02056e-17
0.188051
0.174597
0.188051
0.174597
3.64883e-11
2.61779e-12
7.71309e-12
5.32679e-12
0.081359
0.081359
-0.0810338
-0.0810338
0
1.28198e-16
-1.28198e-16
-4.93038e-32
1.18291e-11
-5.69262e-12
1.92908e-12
9.04172e-12
0.0767987
0.0767987
-0.0767229
-0.0767229
8.5876e-18
8.5876e-18
-1.1961e-16
-1.1961e-16
1.06645e-11
-7.34519e-13
7.37993e-12
5.96261e-12
5.55112e-16
-1.55431e-15
-2.08167e-16
1.249e-15
8.5876e-18
8.5876e-18
-1.1961e-16
-1.1961e-16
-1.67641e-12
-6.76912e-13
-9.00196e-12
-1.85953e-12
0.081359
0.081359
-0.0810338
-0.0810338
5.83458e-12
-6.02763e-12
-6.25177e-13
7.07027e-12
0.0767987
0.0767987
-0.0767229
-0.0767229
8.58492e-12
1.89182e-12
-3.70585e-12
1.97488e-13
0
-1.11022e-16
-1.04083e-16
-8.32667e-17
1.11022e-16
-1.71752e-17
2.3922e-16
1.11022e-16
0.081359
0.081359
-0.0810338
-0.0810338
-8.5876e-18
-8.5876e-18
1.1961e-16
1.1961e-16
0.0767987
0.0767987
-0.0767229
-0.0767229
-8.5876e-18
-8.5876e-18
1.1961e-16
1.1961e-16
-8.88178e-16
0
1.11716e-15
-2.56739e-16
0.00603531
0.0362429
0.00603531
0.0362429
0.0840112
0.0563841
0.0840112
0.0563841
-3.8841e-12
-2.14613e-12
-1.5043e-12
1.43639e-12
-0.0692229
-0.0356071
-0.0692229
-0.0356071
0.167524
0.0970174
0.167524
0.0970174
2.7497e-12
9.54597e-13
2.22913e-12
3.44117e-12
-0.165402
-0.108003
-0.165402
-0.108003
0.0245477
-0.000254395
0.0245477
-0.000254395
1.03121e-12
-1.93231e-12
1.99075e-12
3.70332e-12
-0.0753356
-0.0481483
-0.0753356
-0.0481483
0.0477598
0.00616701
0.0477598
0.00616701
-3.94823e-12
2.39179e-12
-1.40624e-12
-8.4101e-12
-0.135345
-0.103233
-0.135345
-0.103233
0.020892
0.00404765
0.020892
0.00404765
-2.97423e-12
-2.07419e-12
-7.54078e-12
-6.98253e-12
-0.164818
-0.103407
-0.164818
-0.103407
-0.0321737
-0.047172
-0.0321737
-0.047172
1.34699e-12
-2.66138e-12
1.56627e-13
4.99261e-12
-0.0482493
-0.0220861
-0.0482493
-0.0220861
-0.0527127
-0.0986151
-0.0527127
-0.0986151
-2.22031e-12
-3.75512e-12
-1.75886e-12
-2.45896e-12
-0.0457963
-0.0201291
-0.0457963
-0.0201291
-0.092557
-0.203942
-0.092557
-0.203942
-3.35678e-12
-4.62445e-13
9.58543e-13
-1.69078e-12
0.0131964
0.0249173
0.0131964
0.0249173
-0.0197662
-0.0502913
-0.0197662
-0.0502913
-1.36055e-12
-6.52339e-13
-3.60901e-12
4.11113e-13
0.0400946
0.071331
0.0400946
0.071331
0.00628055
-0.00184165
0.00628055
-0.00184165
6.4328e-13
9.37131e-13
-1.29578e-12
-2.04848e-12
0.0108068
0.0242282
0.0108068
0.0242282
0.0205157
0.0104008
0.0205157
0.0104008
7.3043e-13
-1.32679e-15
2.49186e-12
-3.39473e-12
0.00238801
0.0136168
0.00238801
0.0136168
0.0645262
0.0366848
0.0645262
0.0366848
1.49483e-13
1.0896e-12
-1.36367e-12
1.35027e-12
0.00603531
0.0362429
0.00603531
0.0362429
0.0840112
0.0563841
0.0840112
0.0563841
-2.73737e-12
-3.01408e-12
2.58654e-13
5.07748e-12
-0.0692229
-0.0356071
-0.0692229
-0.0356071
0.167524
0.0970174
0.167524
0.0970174
8.68746e-12
2.98537e-12
2.14583e-12
-1.6193e-12
-0.165402
-0.108003
-0.165402
-0.108003
0.0245477
-0.000254395
0.0245477
-0.000254395
-1.81893e-12
-2.65295e-12
-6.67227e-13
5.73168e-12
-0.0753356
-0.0481483
-0.0753356
-0.0481483
0.0477598
0.00616701
0.0477598
0.00616701
-2.92823e-12
-2.64996e-12
-1.32536e-12
-4.13274e-12
-0.135345
-0.103233
-0.135345
-0.103233
0.020892
0.00404765
0.020892
0.00404765
-4.68238e-13
1.40303e-12
-7.43665e-12
6.34026e-12
-0.164818
-0.103407
-0.164818
-0.103407
-0.0321737
-0.047172
-0.0321737
-0.047172
-8.3483e-12
-1.12443e-12
-4.41893e-12
-8.56363e-13
-0.0482493
-0.0220861
-0.0482493
-0.0220861
-0.0527127
-0.0986151
-0.0527127
-0.0986151
-4.0049e-12
-2.32128e-12
4.17932e-12
-3.79875e-12
-0.0457963
-0.0201291
-0.0457963
-0.0201291
-0.092557
-0.203942
-0.092557
-0.203942
-2.87626e-12
1.38768e-12
2.14821e-12
-3.39552e-12
0.0131964
0.0249173
0.0131964
0.0249173
-0.0197662
-0.0502913
-0.0197662
-0.0502913
3.63802e-12
-1.75508e-13
-1.6652e-12
9.04154e-13
0.0400946
0.071331
0.0400946
0.071331
0.00628055
-0.00184165
0.00628055
-0.00184165
-1.0707e-12
-1.844e-12
2.05123e-13
1.26726e-12
0.0108068
0.0242282
0.0108068
0.0242282
0.0205157
0.0104008
0.0205157
0.0104008
-1.01489e-12
-3.26494e-12
1.35329e-12
2.14885e-12
0.00238801
0.0136168
0.00238801
0.0136168
0.0645262
0.0366848
0.0645262
0.0366848
-6.17606e-13
1.73651e-12
-2.812e-12
2.35041e-12
0.00603531
0.0362429
0.00603531
0.0362429
0.0840112
0.0563841
0.0840112
0.0563841
1.76565e-12
-5.17307e-12
-3.82154e-12
7.23481e-13
-0.0692229
-0.0356071
-0.0692229
-0.0356071
0.167524
0.0970174
0.167524
0.0970174
-1.25869e-12
-6.44484e-13
2.59078e-12
-1.08225e-13
-0.165402
-0.108003
-0.165402
-0.108003
0.0245477
-0.000254395
0.0245477
-0.000254395
-5.40852e-12
4.82309e-12
6.5345e-13
5.64691e-12
-0.0753356
-0.0481483
-0.0753356
-0.0481483
0.0477598
0.00616701
0.0477598
0.00616701
-8.06587e-12
-1.40426e-12
-2.83768e-12
-5.85046e-12
-0.135345
-0.103233
-0.135345
-0.103233
0.020892
0.00404765
0.020892
0.00404765
-3.98742e-12
-3.4867e-13
-7.78394e-12
-1.62237e-11
-0.164818
-0.103407
-0.164818
-0.103407
-0.0321737
-0.047172
-0.0321737
-0.047172
4.25736e-12
-2.79759e-12
3.51946e-12
5.92738e-12
-0.0482493
-0.0220861
-0.0482493
-0.0220861
-0.0527127
-0.0986151
-0.0527127
-0.0986151
1.33788e-12
-3.8248e-13
-1.74261e-12
-7.8461e-12
-0.0457963
-0.0201291
-0.0457963
-0.0201291
-0.092557
-0.203942
-0.092557
-0.203942
2.8392e-12
7.92091e-12
4.82277e-12
-6.49099e-12
0.0131964
0.0249173
0.0131964
0.0249173
-0.0197662
-0.0502913
-0.0197662
-0.0502913
-1.06285e-12
2.24407e-12
2.72469e-12
1.58132e-12
0.0400946
0.071331
0.0400946
0.071331
0.00628055
-0.00184165
0.00628055
-0.00184165
-1.84064e-12
1.46839e-12
-3.10232e-12
-1.52472e-13
0.0108068
0.0242282
0.0108068
0.0242282
0.0205157
0.0104008
0.0205157
0.0104008
4.87541e-13
2.12692e-12
1.93003e-12
-6.13012e-12
0.00238801
0.0136168
0.00238801
0.0136168
0.0645262
0.0366848
0.0645262
0.0366848
1.7782e-12
-1.51199e-15
8.42108e-14
2.50818e-12
0.0321313
0.0610318
0.0321313
0.0610318
-0.0243035
-0.0421338
-0.0243035
-0.0421338
4.34164e-12
-1.50671e-12
9.60592e-13
8.64356e-13
0.00966019
0.0224651
0.00966019
0.0224651
-0.0114583
-0.025689
-0.0114583
-0.025689
2.38023e-13
3.17478e-12
1.42324e-12
-4.03053e-12
0.0108642
0.0213735
0.0108642
0.0213735
0.0552865
0.019523
0.0552865
0.019523
3.29681e-12
2.59303e-12
6.29219e-13
-1.19333e-13
0.0220024
0.0513503
0.0220024
0.0513503
0.100087
0.0615625
0.100087
0.0615625
-3.21678e-12
-5.23914e-13
-4.51335e-13
1.40174e-12
-0.0355365
-0.0137805
-0.0355365
-0.0137805
0.225938
0.0993023
0.225938
0.0993023
3.4132e-12
4.17901e-13
-2.30836e-12
9.2265e-13
-0.165621
-0.108296
-0.165621
-0.108296
0.0241839
-0.000752787
0.0241839
-0.000752787
5.02836e-12
-2.01407e-12
-1.53991e-12
-1.79883e-12
-0.0752142
-0.0481116
-0.0752142
-0.0481116
0.0475493
0.0064031
0.0475493
0.0064031
3.78868e-12
2.84046e-12
-3.31366e-12
1.91649e-12
-0.135292
-0.103298
-0.135292
-0.103298
0.0208228
0.00410794
0.0208228
0.00410794
2.67976e-12
9.6171e-13
1.12521e-11
6.87153e-12
-0.164523
-0.103172
-0.164523
-0.103172
-0.0330613
-0.0474307
-0.0330613
-0.0474307
-5.83544e-12
5.64772e-12
-3.23847e-12
-8.46071e-12
-0.0502568
-0.0262202
-0.0502568
-0.0262202
-0.0436817
-0.0644789
-0.0436817
-0.0644789
-2.81895e-12
-1.19016e-12
2.60253e-12
3.17524e-12
-0.0775726
-0.0402849
-0.0775726
-0.0402849
-0.0877692
-0.143358
-0.0877692
-0.143358
1.23721e-13
2.74828e-12
3.10508e-12
4.41926e-13
0.00558264
0.0173512
0.00558264
0.0173512
-0.0362529
-0.0633922
-0.0362529
-0.0633922
-2.80917e-13
3.44457e-12
1.90479e-13
-3.0767e-13
0.0321313
0.0610318
0.0321313
0.0610318
-0.0243035
-0.0421338
-0.0243035
-0.0421338
2.70075e-12
-3.59544e-13
4.20372e-12
7.02983e-12
0.00966019
0.0224651
0.00966019
0.0224651
-0.0114583
-0.025689
-0.0114583
-0.025689
4.73278e-12
2.22885e-12
1.91102e-12
5.00227e-12
0.0108642
0.0213735
0.0108642
0.0213735
0.0552865
0.019523
0.0552865
0.019523
1.53043e-12
-2.61611e-12
2.5325e-12
3.45962e-12
0.0220024
0.0513503
0.0220024
0.0513503
0.100087
0.0615625
0.100087
0.0615625
-8.28375e-13
7.60895e-12
1.87616e-12
-1.33372e-12
-0.0355365
-0.0137805
-0.0355365
-0.0137805
0.225938
0.0993023
0.225938
0.0993023
2.70794e-12
2.73136e-12
-3.17283e-12
1.89575e-12
-0.165621
-0.108296
-0.165621
-0.108296
0.0241839
-0.000752787
0.0241839
-0.000752787
7.0401e-12
-5.33732e-12
5.97462e-12
4.23846e-12
-0.0752142
-0.0481116
-0.0752142
-0.0481116
0.0475493
0.0064031
0.0475493
0.0064031
3.83534e-12
4.47997e-12
5.8662e-12
3.59381e-12
-0.135292
-0.103298
-0.135292
-0.103298
0.0208228
0.00410794
0.0208228
0.00410794
4.72433e-12
-1.11248e-12
3.78963e-12
1.07858e-11
-0.164523
-0.103172
-0.164523
-0.103172
-0.0330613
-0.0474307
-0.0330613
-0.0474307
9.32513e-12
2.44016e-12
8.03033e-12
2.95846e-12
-0.0502568
-0.0262202
-0.0502568
-0.0262202
-0.0436817
-0.0644789
-0.0436817
-0.0644789
2.62246e-12
4.80655e-12
5.39772e-12
2.48955e-12
-0.0775726
-0.0402849
-0.0775726
-0.0402849
-0.0877692
-0.143358
-0.0877692
-0.143358
6.16441e-12
1.01674e-11
2.71451e-12
6.16444e-12
0.00558264
0.0173512
0.00558264
0.0173512
-0.0362529
-0.0633922
-0.0362529
-0.0633922
-2.14119e-12
5.24844e-12
1.95078e-12
2.923e-12
0.0321313
0.0610318
0.0321313
0.0610318
-0.0243035
-0.0421338
-0.0243035
-0.0421338
1.18332e-13
-4.23748e-12
-1.60466e-12
7.35448e-12
0.00966019
0.0224651
0.00966019
0.0224651
-0.0114583
-0.025689
-0.0114583
-0.025689
-6.17209e-13
-4.48386e-12
3.66415e-12
4.11843e-12
0.0108642
0.0213735
0.0108642
0.0213735
0.0552865
0.019523
0.0552865
0.019523
5.77262e-12
3.01886e-12
-3.33691e-12
7.205e-13
0.0220024
0.0513503
0.0220024
0.0513503
0.100087
0.0615625
0.100087
0.0615625
-1.26413e-12
-8.27968e-13
1.28261e-12
-2.27399e-12
-0.0355365
-0.0137805
-0.0355365
-0.0137805
0.225938
0.0993023
0.225938
0.0993023
3.29138e-12
-2.14047e-12
3.55021e-12
7.13254e-12
-0.165621
-0.108296
-0.165621
-0.108296
0.0241839
-0.000752787
0.0241839
-0.000752787
-1.58399e-13
7.22814e-12
-2.39494e-12
4.30875e-12
-0.0752142
-0.0481116
-0.0752142
-0.0481116
0.0475493
0.0064031
0.0475493
0.0064031
7.72836e-12
2.92298e-12
4.25194e-12
6.36789e-12
-0.135292
-0.103298
-0.135292
-0.103298
0.0208228
0.00410794
0.0208228
0.00410794
3.47809e-12
-5.29206e-12
1.2196e-11
5.26321e-12
-0.164523
-0.103172
-0.164523
-0.103172
-0.0330613
-0.0474307
-0.0330613
-0.0474307
-2.96742e-13
7.00459e-12
2.65451e-12
4.73772e-12
-0.0502568
-0.0262202
-0.0502568
-0.0262202
-0.0436817
-0.0644789
-0.0436817
-0.0644789
9.3242e-12
-3.47896e-13
-3.67362e-12
1.91184e-12
-0.0775726
-0.0402849
-0.0775726
-0.0402849
-0.0877692
-0.143358
-0.0877692
-0.143358
8.19327e-12
9.15577e-12
1.22493e-11
-4.4518e-12
0.00558264
0.0173512
0.00558264
0.0173512
-0.0362529
-0.0633922
-0.0362529
-0.0633922
5.90853e-12
6.64712e-12
-9.67319e-13
3.89836e-12
0.00603531
0.0362429
0.00603531
0.0362429
0.0840112
0.0563841
0.0840112
0.0563841
-4.06456e-14
2.91171e-12
1.2536e-12
-8.36078e-12
-0.0692229
-0.0356071
-0.0692229
-0.0356071
0.167524
0.0970174
0.167524
0.0970174
7.48808e-12
4.95423e-12
2.01145e-12
1.22044e-12
-0.165402
-0.108003
-0.165402
-0.108003
0.0245477
-0.000254395
0.0245477
-0.000254395
-4.24918e-13
2.37029e-12
-6.3854e-12
2.63143e-12
-0.0753356
-0.0481483
-0.0753356
-0.0481483
0.0477598
0.00616701
0.0477598
0.00616701
-3.27047e-12
-6.86593e-13
5.23524e-12
-2.22135e-13
-0.135345
-0.103233
-0.135345
-0.103233
0.020892
0.00404765
0.020892
0.00404765
-2.55183e-12
-5.75052e-12
-3.23873e-12
-1.62099e-12
-0.164818
-0.103407
-0.164818
-0.103407
-0.0321737
-0.047172
-0.0321737
-0.047172
6.53467e-12
-8.64586e-13
5.76801e-12
5.45685e-12
-0.0482493
-0.0220861
-0.0482493
-0.0220861
-0.0527127
-0.0986151
-0.0527127
-0.0986151
-1.47714e-12
3.10307e-12
9.12279e-14
1.68483e-12
-0.0457963
-0.0201291
-0.0457963
-0.0201291
-0.092557
-0.203942
-0.092557
-0.203942
-4.03797e-12
7.33672e-12
1.55931e-12
5.53853e-12
0.0131964
0.0249173
0.0131964
0.0249173
-0.0197662
-0.0502913
-0.0197662
-0.0502913
2.26758e-12
1.1445e-12
2.305e-12
-2.16746e-12
0.0400946
0.071331
0.0400946
0.071331
0.00628055
-0.00184165
0.00628055
-0.00184165
-1.15417e-12
-6.0326e-14
2.52859e-12
5.64452e-15
0.0108068
0.0242282
0.0108068
0.0242282
0.0205157
0.0104008
0.0205157
0.0104008
8.71098e-13
1.9463e-13
5.21865e-12
-1.01178e-12
0.00238801
0.0136168
0.00238801
0.0136168
0.0645262
0.0366848
0.0645262
0.0366848
6.36223e-12
2.90834e-12
3.90069e-12
-1.3286e-14
0.00603531
0.0362429
0.00603531
0.0362429
0.0840112
0.0563841
0.0840112
0.0563841
4.54266e-12
4.89575e-12
1.44195e-12
-1.99547e-13
-0.0692229
-0.0356071
-0.0692229
-0.0356071
0.167524
0.0970174
0.167524
0.0970174
1.29956e-11
8.98847e-12
4.84539e-12
2.37433e-12
-0.165402
-0.108003
-0.165402
-0.108003
0.0245477
-0.000254395
0.0245477
-0.000254395
4.50358e-12
6.91716e-12
-1.69069e-12
1.05313e-11
-0.0753356
-0.0481483
-0.0753356
-0.0481483
0.0477598
0.00616701
0.0477598
0.00616701
2.20301e-12
5.3491e-13
9.22389e-13
1.47512e-12
-0.135345
-0.103233
-0.135345
-0.103233
0.020892
0.00404765
0.020892
0.00404765
-7.4125e-13
2.04833e-12
3.28811e-12
4.91254e-12
-0.164818
-0.103407
-0.164818
-0.103407
-0.0321737
-0.047172
-0.0321737
-0.047172
-8.43732e-12
-1.83745e-13
-2.91816e-12
-3.73868e-12
-0.0482493
-0.0220861
-0.0482493
-0.0220861
-0.0527127
-0.0986151
-0.0527127
-0.0986151
7.5752e-13
1.27921e-12
1.8862e-12
1.08434e-12
-0.0457963
-0.0201291
-0.0457963
-0.0201291
-0.092557
-0.203942
-0.092557
-0.203942
-3.79644e-12
-8.13018e-12
-3.21634e-12
-4.41854e-12
0.0131964
0.0249173
0.0131964
0.0249173
-0.0197662
-0.0502913
-0.0197662
-0.0502913
1.74573e-12
-6.26069e-12
-2.52019e-12
4.22363e-13
0.0400946
0.071331
0.0400946
0.071331
0.00628055
-0.00184165
0.00628055
-0.00184165
-9.2267e-13
1.39396e-12
4.0214e-12
5.79185e-12
0.0108068
0.0242282
0.0108068
0.0242282
0.0205157
0.0104008
0.0205157
0.0104008
2.64748e-12
-2.02964e-12
2.49126e-13
-2.55676e-12
0.00238801
0.0136168
0.00238801
0.0136168
0.0645262
0.0366848
0.0645262
0.0366848
5.72561e-12
7.18401e-12
4.6048e-12
3.50191e-13
0.00603531
0.0362429
0.00603531
0.0362429
0.0840112
0.0563841
0.0840112
0.0563841
5.30603e-12
1.62887e-13
-1.64807e-12
5.51131e-14
-0.0692229
-0.0356071
-0.0692229
-0.0356071
0.167524
0.0970174
0.167524
0.0970174
1.75001e-12
5.23847e-12
5.37189e-12
3.43906e-12
-0.165402
-0.108003
-0.165402
-0.108003
0.0245477
-0.000254395
0.0245477
-0.000254395
3.55721e-13
9.6842e-12
-1.06983e-13
1.03435e-11
-0.0753356
-0.0481483
-0.0753356
-0.0481483
0.0477598
0.00616701
0.0477598
0.00616701
-5.57664e-13
1.72925e-12
-1.05871e-12
-2.84549e-12
-0.135345
-0.103233
-0.135345
-0.103233
0.020892
0.00404765
0.020892
0.00404765
7.10432e-13
5.45848e-12
-1.89537e-12
-6.70041e-12
-0.164818
-0.103407
-0.164818
-0.103407
-0.0321737
-0.047172
-0.0321737
-0.047172
-1.13336e-13
-2.87915e-12
-1.25407e-13
5.32393e-12
-0.0482493
-0.0220861
-0.0482493
-0.0220861
-0.0527127
-0.0986151
-0.0527127
-0.0986151
-1.41064e-13
2.95714e-13
-2.29343e-12
-3.44376e-12
-0.0457963
-0.0201291
-0.0457963
-0.0201291
-0.092557
-0.203942
-0.092557
-0.203942
-4.53258e-12
-5.78513e-12
-2.03789e-12
-4.39624e-12
0.0131964
0.0249173
0.0131964
0.0249173
-0.0197662
-0.0502913
-0.0197662
-0.0502913
-1.39362e-12
5.31088e-13
-6.68168e-13
-1.30533e-12
0.0400946
0.071331
0.0400946
0.071331
0.00628055
-0.00184165
0.00628055
-0.00184165
6.50303e-14
3.15906e-12
-2.29048e-12
-6.69079e-13
0.0108068
0.0242282
0.0108068
0.0242282
0.0205157
0.0104008
0.0205157
0.0104008
1.70887e-12
3.70446e-12
-5.13966e-13
-5.97349e-12
0.00238801
0.0136168
0.00238801
0.0136168
0.0645262
0.0366848
0.0645262
0.0366848
1.12358e-12
-3.59088e-14
1.85473e-12
2.83585e-12
0.0321313
0.0610318
0.0321313
0.0610318
-0.0243035
-0.0421338
-0.0243035
-0.0421338
1.40593e-12
6.03055e-13
2.44256e-12
-3.06781e-12
0.00966019
0.0224651
0.00966019
0.0224651
-0.0114583
-0.025689
-0.0114583
-0.025689
-2.87646e-12
1.00719e-13
1.99368e-12
-4.25666e-12
0.0108642
0.0213735
0.0108642
0.0213735
0.0552865
0.019523
0.0552865
0.019523
1.73884e-12
4.93284e-12
7.55151e-13
4.02402e-13
0.0220024
0.0513503
0.0220024
0.0513503
0.100087
0.0615625
0.100087
0.0615625
-1.23502e-12
-4.48855e-12
-1.78168e-12
5.24555e-12
-0.0355365
-0.0137805
-0.0355365
-0.0137805
0.225938
0.0993023
0.225938
0.0993023
4.53883e-12
-4.37012e-13
1.28668e-12
9.48024e-13
-0.165621
-0.108296
-0.165621
-0.108296
0.0241839
-0.000752787
0.0241839
-0.000752787
3.51393e-12
3.19129e-12
-2.15624e-12
2.89119e-12
-0.0752142
-0.0481116
-0.0752142
-0.0481116
0.0475493
0.0064031
0.0475493
0.0064031
2.93048e-12
-2.63496e-12
2.81142e-15
-2.19991e-12
-0.135292
-0.103298
-0.135292
-0.103298
0.0208228
0.00410794
0.0208228
0.00410794
-5.10633e-14
1.45928e-12
9.47132e-12
-2.95688e-12
-0.164523
-0.103172
-0.164523
-0.103172
-0.0330613
-0.0474307
-0.0330613
-0.0474307
-1.36586e-11
2.36944e-12
-8.56308e-12
-5.9333e-12
-0.0502568
-0.0262202
-0.0502568
-0.0262202
-0.0436817
-0.0644789
-0.0436817
-0.0644789
-2.40584e-12
-9.39769e-13
-7.34786e-13
-1.55785e-12
-0.0775726
-0.0402849
-0.0775726
-0.0402849
-0.0877692
-0.143358
-0.0877692
-0.143358
2.84726e-12
1.82392e-12
-1.71388e-12
-2.05682e-12
0.00558264
0.0173512
0.00558264
0.0173512
-0.0362529
-0.0633922
-0.0362529
-0.0633922
-4.467e-13
-1.49344e-12
-1.82901e-12
-1.53046e-13
0.0321313
0.0610318
0.0321313
0.0610318
-0.0243035
-0.0421338
-0.0243035
-0.0421338
-5.20534e-12
4.7775e-12
4.2465e-13
-2.88394e-12
0.00966019
0.0224651
0.00966019
0.0224651
-0.0114583
-0.025689
-0.0114583
-0.025689
4.158e-13
4.71462e-12
-2.72584e-13
4.70946e-12
0.0108642
0.0213735
0.0108642
0.0213735
0.0552865
0.019523
0.0552865
0.019523
-7.18727e-12
-2.80114e-12
-2.01104e-12
-3.70752e-13
0.0220024
0.0513503
0.0220024
0.0513503
0.100087
0.0615625
0.100087
0.0615625
-1.45581e-11
-4.021e-13
-1.00583e-11
-2.88239e-12
-0.0355365
-0.0137805
-0.0355365
-0.0137805
0.225938
0.0993023
0.225938
0.0993023
-2.19814e-11
-2.99328e-12
-8.36767e-12
-4.7131e-12
-0.165621
-0.108296
-0.165621
-0.108296
0.0241839
-0.000752787
0.0241839
-0.000752787
-9.1889e-12
-1.82711e-11
-8.32671e-12
-7.91931e-12
-0.0752142
-0.0481116
-0.0752142
-0.0481116
0.0475493
0.0064031
0.0475493
0.0064031
-8.8256e-12
2.46224e-14
6.88602e-12
-6.56004e-12
-0.135292
-0.103298
-0.135292
-0.103298
0.0208228
0.00410794
0.0208228
0.00410794
-2.75646e-12
-1.35163e-11
-4.81748e-12
-9.40617e-12
-0.164523
-0.103172
-0.164523
-0.103172
-0.0330613
-0.0474307
-0.0330613
-0.0474307
-1.04492e-12
-7.26405e-12
-8.32993e-13
3.78521e-12
-0.0502568
-0.0262202
-0.0502568
-0.0262202
-0.0436817
-0.0644789
-0.0436817
-0.0644789
1.28982e-12
3.74065e-12
-3.92112e-13
-2.85599e-12
-0.0775726
-0.0402849
-0.0775726
-0.0402849
-0.0877692
-0.143358
-0.0877692
-0.143358
7.04696e-12
7.90874e-12
-7.02749e-13
3.60906e-12
0.00558264
0.0173512
0.00558264
0.0173512
-0.0362529
-0.0633922
-0.0362529
-0.0633922
-9.19929e-13
2.51125e-12
1.914e-12
1.30512e-12
0.0321313
0.0610318
0.0321313
0.0610318
-0.0243035
-0.0421338
-0.0243035
-0.0421338
-3.54716e-12
-1.41569e-12
-7.83191e-13
-5.24128e-14
0.00966019
0.0224651
0.00966019
0.0224651
-0.0114583
-0.025689
-0.0114583
-0.025689
-2.34977e-12
-4.20711e-13
2.50388e-12
3.01998e-12
0.0108642
0.0213735
0.0108642
0.0213735
0.0552865
0.019523
0.0552865
0.019523
-1.87379e-12
4.21732e-12
-5.1714e-12
2.66182e-13
0.0220024
0.0513503
0.0220024
0.0513503
0.100087
0.0615625
0.100087
0.0615625
-1.02706e-11
-4.61006e-12
-6.54546e-12
-6.4056e-12
-0.0355365
-0.0137805
-0.0355365
-0.0137805
0.225938
0.0993023
0.225938
0.0993023
-1.26247e-11
-4.96828e-12
-6.8796e-12
-1.3666e-12
-0.165621
-0.108296
-0.165621
-0.108296
0.0241839
-0.000752786
0.0241839
-0.000752786
-7.45831e-12
-6.86844e-12
-1.5243e-11
-9.04828e-12
-0.0752142
-0.0481116
-0.0752142
-0.0481116
0.0475493
0.0064031
0.0475493
0.0064031
-3.5266e-12
-3.13577e-12
4.63227e-12
-9.20684e-14
-0.135292
-0.103298
-0.135292
-0.103298
0.0208228
0.00410794
0.0208228
0.00410794
-3.07899e-13
-1.45909e-11
1.96759e-12
-3.6286e-12
-0.164523
-0.103172
-0.164523
-0.103172
-0.0330613
-0.0474307
-0.0330613
-0.0474307
-1.88766e-12
-4.16289e-12
-6.84043e-13
6.28927e-12
-0.0502568
-0.0262202
-0.0502568
-0.0262202
-0.0436817
-0.0644789
-0.0436817
-0.0644789
1.08141e-11
-2.31295e-12
-5.07598e-12
1.64259e-12
-0.0775726
-0.0402849
-0.0775726
-0.0402849
-0.0877692
-0.143358
-0.0877692
-0.143358
5.42218e-12
5.26847e-12
1.36485e-11
-2.5997e-12
0.00558264
0.0173512
0.00558264
0.0173512
-0.0362529
-0.0633922
-0.0362529
-0.0633922
6.83657e-12
5.26017e-12
-2.24539e-12
3.66026e-12
0.0497217
0.0497217
-0.0499281
-0.0499281
-2.5513e-13
8.4546e-12
2.69059e-12
-1.20732e-11
-0.234585
-0.267995
-0.234585
-0.267995
0.0796968
0.0796968
-0.0797344
-0.0797344
4.4174e-12
5.35617e-12
9.18932e-12
-1.08638e-12
-0.208152
-0.236292
-0.208152
-0.236292
0.0304788
0.0304788
-0.0304872
-0.0304872
1.8619e-11
1.26143e-11
1.77561e-11
5.94185e-12
-0.199939
-0.229189
-0.199939
-0.229189
0.0497217
0.0497217
-0.0499281
-0.0499281
1.30721e-11
2.66094e-11
1.69146e-11
6.28624e-12
-0.234585
-0.267995
-0.234585
-0.267995
0.0796968
0.0796968
-0.0797344
-0.0797344
2.04034e-11
1.47485e-11
1.9809e-11
8.63289e-12
-0.208152
-0.236292
-0.208152
-0.236292
0.0304788
0.0304788
-0.0304872
-0.0304872
2.8434e-11
1.88094e-11
2.47396e-11
1.853e-11
-0.199939
-0.229189
-0.199939
-0.229189
0.0497217
0.0497217
-0.0499281
-0.0499281
8.83532e-12
1.90006e-12
1.20303e-11
1.33914e-11
-0.234585
-0.267995
-0.234585
-0.267995
0.0796968
0.0796968
-0.0797344
-0.0797344
9.01707e-12
1.2676e-11
6.19551e-12
8.68079e-12
-0.208152
-0.236292
-0.208152
-0.236292
0.0304788
0.0304788
-0.0304872
-0.0304872
7.7588e-12
8.53926e-12
6.31923e-12
6.16809e-12
-0.199939
-0.229189
-0.199939
-0.229189
0.0500552
0.0500552
-0.0502292
-0.0502292
3.52248e-12
6.11961e-12
2.67765e-12
2.06771e-11
-0.234655
-0.268435
-0.234655
-0.268435
0.0797148
0.0797148
-0.079724
-0.079724
6.43597e-12
5.31194e-12
6.30461e-12
7.40203e-13
-0.208145
-0.236303
-0.208145
-0.236303
0.0304797
0.0304797
-0.0304783
-0.0304783
2.19782e-11
1.81889e-11
6.90634e-12
8.14955e-13
-0.199932
-0.229182
-0.199932
-0.229182
0.0500552
0.0500552
-0.0502292
-0.0502292
1.73907e-11
8.06458e-12
-2.44865e-12
1.45754e-11
-0.234655
-0.268435
-0.234655
-0.268435
0.0797148
0.0797148
-0.079724
-0.079724
1.96124e-11
1.5486e-11
1.06361e-12
3.32468e-12
-0.208145
-0.236303
-0.208145
-0.236303
0.0304797
0.0304797
-0.0304783
-0.0304783
2.30626e-11
2.20303e-11
6.52535e-12
3.10764e-12
-0.199932
-0.229182
-0.199932
-0.229182
0.0500552
0.0500552
-0.0502292
-0.0502292
7.36512e-12
1.6364e-11
7.15649e-13
3.71274e-12
-0.234655
-0.268435
-0.234655
-0.268435
0.0797148
0.0797148
-0.079724
-0.079724
9.43909e-12
1.18376e-11
-5.97762e-13
2.92418e-12
-0.208145
-0.236303
-0.208145
-0.236303
0.0304797
0.0304797
-0.0304783
-0.0304783
4.16936e-12
7.97954e-12
1.28557e-12
1.97265e-12
-0.199932
-0.229182
-0.199932
-0.229182
0.0502799
0.0502799
-0.0495954
-0.0495954
4.25857e-12
1.56385e-12
-2.72443e-13
-6.67521e-12
-0.234748
-0.267389
-0.234748
-0.267389
0.0798025
0.0798025
-0.079651
-0.079651
9.17547e-14
5.28548e-13
-3.29161e-13
-4.63769e-12
-0.208176
-0.236283
-0.208176
-0.236283
0.0305032
0.0305032
-0.0304708
-0.0304708
4.35186e-12
3.8441e-12
-3.34048e-12
-3.08509e-12
-0.199956
-0.229208
-0.199956
-0.229208
0.0502799
0.0502799
-0.0495954
-0.0495954
6.32394e-12
1.22005e-11
-5.07556e-12
-9.23851e-12
-0.234748
-0.267389
-0.234748
-0.267389
0.0798025
0.0798025
-0.079651
-0.079651
4.24943e-12
8.81846e-13
-1.63033e-12
-9.53131e-12
-0.208176
-0.236283
-0.208176
-0.236283
0.0305032
0.0305032
-0.0304708
-0.0304708
3.19971e-12
1.0116e-12
4.80884e-13
-5.74458e-12
-0.199956
-0.229208
-0.199956
-0.229208
0.0502799
0.0502799
-0.0495954
-0.0495954
-1.17023e-12
-6.2149e-13
6.692e-13
1.05949e-11
-0.234748
-0.267389
-0.234748
-0.267389
0.0798025
0.0798025
-0.079651
-0.079651
4.38099e-12
3.38812e-12
4.86582e-12
-6.04566e-12
-0.208176
-0.236283
-0.208176
-0.236283
0.0305032
0.0305032
-0.0304708
-0.0304708
2.23798e-12
2.38491e-12
5.98977e-12
-2.38289e-12
-0.199956
-0.229208
-0.199956
-0.229208
0.0500359
0.0500359
-0.0497872
-0.0497872
1.93943e-12
-3.51641e-12
-2.88599e-12
1.60043e-11
-0.234606
-0.268153
-0.234606
-0.268153
0.0797449
0.0797449
-0.0797076
-0.0797076
3.88773e-12
5.4608e-12
4.90311e-12
5.2543e-12
-0.208156
-0.236307
-0.208156
-0.236307
0.030488
0.030488
-0.0304807
-0.0304807
4.91435e-12
3.4576e-12
6.92184e-12
4.63267e-12
-0.19994
-0.229192
-0.19994
-0.229192
0.0500359
0.0500359
-0.0497872
-0.0497872
2.7954e-12
3.98551e-12
9.50566e-12
2.43656e-11
-0.234606
-0.268153
-0.234606
-0.268153
0.0797449
0.0797449
-0.0797076
-0.0797076
9.61154e-12
7.92111e-12
1.78991e-11
1.24735e-11
-0.208156
-0.236307
-0.208156
-0.236307
0.030488
0.030488
-0.0304807
-0.0304807
2.37152e-11
1.41605e-11
3.02097e-11
2.39023e-11
-0.19994
-0.229192
-0.19994
-0.229192
0.0500359
0.0500359
-0.0497872
-0.0497872
-2.40323e-12
9.56049e-12
7.65067e-12
1.46593e-11
-0.234606
-0.268153
-0.234606
-0.268153
0.0797449
0.0797449
-0.0797076
-0.0797076
5.22695e-12
1.14315e-11
8.35367e-12
4.91707e-12
-0.208156
-0.236307
-0.208156
-0.236307
0.030488
0.030488
-0.0304807
-0.0304807
1.27244e-11
1.28835e-11
1.54328e-11
1.06849e-11
-0.19994
-0.229192
-0.19994
-0.229192
0.0501763
0.0501763
-0.0501117
-0.0501117
4.67738e-13
-4.02609e-12
1.52921e-12
-1.29482e-11
-0.23466
-0.268423
-0.23466
-0.268423
0.0797208
0.0797208
-0.0797217
-0.0797217
-5.83262e-12
-1.97106e-12
3.42246e-13
-3.05908e-13
-0.208148
-0.236306
-0.208148
-0.236306
0.0304785
0.0304785
-0.0304807
-0.0304807
-1.36728e-12
-6.71533e-12
1.18158e-11
1.28956e-11
-0.199934
-0.229184
-0.199934
-0.229184
0.0501763
0.0501763
-0.0501117
-0.0501117
-5.38572e-12
-1.91572e-12
1.27834e-11
1.14965e-11
-0.23466
-0.268423
-0.23466
-0.268423
0.0797208
0.0797208
-0.0797217
-0.0797217
-2.36744e-12
4.21139e-12
1.96737e-11
1.20369e-11
-0.208148
-0.236306
-0.208148
-0.236306
0.0304785
0.0304785
-0.0304807
-0.0304807
1.10052e-12
6.71386e-13
2.97317e-11
2.85464e-11
-0.199934
-0.229184
-0.199934
-0.229184
0.0501763
0.0501763
-0.0501117
-0.0501117
-4.10838e-12
4.56176e-13
1.25632e-11
1.96178e-12
-0.23466
-0.268423
-0.23466
-0.268423
0.0797208
0.0797208
-0.0797217
-0.0797217
2.39004e-12
3.3607e-12
1.2968e-11
6.68154e-12
-0.208148
-0.236306
-0.208148
-0.236306
0.0304785
0.0304785
-0.0304807
-0.0304807
3.77275e-12
8.4879e-12
1.57783e-11
1.32829e-11
-0.199934
-0.229184
-0.199934
-0.229184
0.0495372
0.0495372
-0.0501545
-0.0501545
-3.02009e-12
9.39051e-12
-9.28257e-12
1.11265e-11
-0.23473
-0.267213
-0.23473
-0.267213
0.0796458
0.0796458
-0.0797869
-0.0797869
-6.22033e-12
-1.18979e-11
-1.74087e-12
6.29666e-12
-0.208174
-0.236269
-0.208174
-0.236269
0.0304707
0.0304707
-0.0305012
-0.0305012
-8.37511e-12
-1.16892e-11
6.61719e-14
4.49375e-12
-0.199956
-0.229207
-0.199956
-0.229207
0.0495372
0.0495372
-0.0501545
-0.0501545
-2.01362e-11
-2.81957e-11
1.58659e-12
1.02031e-11
-0.23473
-0.267213
-0.23473
-0.267213
0.0796458
0.0796458
-0.0797869
-0.0797869
-2.70949e-11
-1.41465e-11
-4.66385e-12
-1.26746e-12
-0.208174
-0.236269
-0.208174
-0.236269
0.0304707
0.0304707
-0.0305012
-0.0305012
-3.16694e-11
-2.52422e-11
-4.50148e-12
8.61624e-13
-0.199956
-0.229207
-0.199956
-0.229207
0.0495372
0.0495372
-0.0501545
-0.0501545
-1.35524e-11
-8.22792e-12
4.55982e-12
9.72255e-12
-0.23473
-0.267213
-0.23473
-0.267213
0.0796458
0.0796458
-0.0797869
-0.0797869
-2.28159e-11
1.2668e-12
-5.18584e-13
-3.37853e-12
-0.208174
-0.236269
-0.208174
-0.236269
0.0304707
0.0304707
-0.0305012
-0.0305012
-2.27539e-11
-1.28005e-11
-6.36939e-12
-6.88726e-12
-0.199956
-0.229207
-0.199956
-0.229207
0.0304708
0.0304708
-0.0305032
-0.0305032
-1.63395e-11
-1.52892e-11
-1.44878e-11
-1.07556e-11
0.229208
0.199956
0.229208
0.199956
0.079651
0.079651
-0.0798025
-0.0798025
-1.59635e-11
-2.12202e-11
-1.7378e-11
-9.89166e-12
0.236283
0.208176
0.236283
0.208176
0.0495954
0.0495954
-0.0502799
-0.0502799
-7.59905e-12
-1.94639e-11
-2.27644e-11
-1.19808e-11
0.267389
0.234748
0.267389
0.234748
0.0304708
0.0304708
-0.0305032
-0.0305032
-2.02861e-11
-2.88523e-11
-2.51333e-11
-2.47472e-11
0.229208
0.199956
0.229208
0.199956
0.079651
0.079651
-0.0798025
-0.0798025
-2.26784e-11
-2.34243e-11
-2.09553e-11
-2.11408e-11
0.236283
0.208176
0.236283
0.208176
0.0495954
0.0495954
-0.0502799
-0.0502799
-2.91012e-11
-2.11607e-11
-2.49699e-11
-2.26551e-11
0.267389
0.234748
0.267389
0.234748
0.0304708
0.0304708
-0.0305032
-0.0305032
-8.15848e-12
-1.21226e-11
-7.3348e-12
-9.34979e-12
0.229208
0.199956
0.229208
0.199956
0.079651
0.079651
-0.0798025
-0.0798025
-1.32745e-12
7.41586e-14
-4.76082e-12
-9.40233e-12
0.236283
0.208176
0.236283
0.208176
0.0495954
0.0495954
-0.0502799
-0.0502799
8.56055e-12
-4.77411e-13
2.86153e-12
-3.52597e-12
0.267389
0.234748
0.267389
0.234748
0.0304783
0.0304783
-0.0304797
-0.0304797
-5.7288e-12
-1.20896e-11
-2.94316e-12
-6.18474e-12
0.229182
0.199932
0.229182
0.199932
0.079724
0.079724
-0.0797148
-0.0797148
-9.50581e-12
-1.06514e-11
-2.12228e-12
-2.74846e-12
0.236303
0.208145
0.236303
0.208145
0.0502292
0.0502292
-0.0500552
-0.0500552
-2.37649e-11
-1.99993e-11
1.92704e-12
-1.88962e-12
0.268435
0.234655
0.268435
0.234655
0.0304783
0.0304783
-0.0304797
-0.0304797
-1.86896e-11
-2.2133e-11
-6.01756e-12
-8.46688e-13
0.229182
0.199932
0.229182
0.199932
0.079724
0.079724
-0.0797148
-0.0797148
-1.88756e-11
-2.24437e-11
-8.92065e-12
4.16545e-13
0.236303
0.208145
0.236303
0.208145
0.0502292
0.0502292
-0.0500552
-0.0500552
-4.28365e-11
-2.80949e-11
-4.6756e-12
-6.55013e-13
0.268435
0.234655
0.268435
0.234655
0.0304783
0.0304783
-0.0304797
-0.0304797
-1.41713e-11
-7.83318e-12
-2.69335e-12
7.96071e-12
0.229182
0.199932
0.229182
0.199932
0.079724
0.079724
-0.0797148
-0.0797148
-1.0915e-11
-4.92463e-12
-8.82193e-12
-5.57318e-13
0.236303
0.208145
0.236303
0.208145
0.0502292
0.0502292
-0.0500552
-0.0500552
7.33085e-12
3.57322e-12
1.27542e-13
-3.85043e-12
0.268435
0.234655
0.268435
0.234655
0.0304872
0.0304872
-0.0304788
-0.0304788
3.27329e-12
1.163e-12
1.90685e-12
7.79144e-12
0.229189
0.199939
0.229189
0.199939
0.0797344
0.0797344
-0.0796968
-0.0796968
-8.15318e-13
-2.76116e-12
6.20334e-14
9.0265e-12
0.236292
0.208152
0.236292
0.208152
0.0499281
0.0499281
-0.0497217
-0.0497217
7.93297e-12
-2.67703e-12
-7.36077e-12
6.68677e-12
0.267995
0.234585
0.267995
0.234585
0.0304872
0.0304872
-0.0304788
-0.0304788
5.18235e-12
7.2484e-12
3.05019e-12
1.06203e-11
0.229189
0.199939
0.229189
0.199939
0.0797344
0.0797344
-0.0796968
-0.0796968
3.09828e-12
1.3154e-12
-4.12168e-13
1.05625e-11
0.236292
0.208152
0.236292
0.208152
0.0499281
0.0499281
-0.0497217
-0.0497217
-1.16418e-11
-1.21457e-11
2.42632e-11
7.20888e-12
0.267995
0.234585
0.267995
0.234585
0.0304872
0.0304872
-0.0304788
-0.0304788
-4.62323e-12
4.74264e-12
-1.2067e-13
1.3757e-12
0.229189
0.199939
0.229189
0.199939
0.0797344
0.0797344
-0.0796968
-0.0796968
-1.04654e-11
-1.59485e-12
-2.06727e-12
-4.65242e-12
0.236292
0.208152
0.236292
0.208152
0.0499281
0.0499281
-0.0497217
-0.0497217
-1.79155e-11
-2.477e-12
-4.5215e-12
-7.77035e-12
0.267995
0.234585
0.267995
0.234585
0.0497872
0.0497872
-0.0500359
-0.0500359
9.35729e-12
-3.56361e-12
-2.41229e-12
-2.02864e-12
0.268153
0.234606
0.268153
0.234606
0.0797076
0.0797076
-0.0797449
-0.0797449
2.94857e-12
-1.18527e-12
8.73803e-13
-4.19814e-12
0.236307
0.208156
0.236307
0.208156
0.0304807
0.0304807
-0.030488
-0.030488
-2.20695e-12
-5.58587e-12
-3.33562e-12
-7.07427e-12
0.229192
0.19994
0.229192
0.19994
0.0497872
0.0497872
-0.0500359
-0.0500359
7.51274e-13
-9.02956e-12
-8.82278e-12
-3.68338e-12
0.268153
0.234606
0.268153
0.234606
0.0797076
0.0797076
-0.0797449
-0.0797449
1.0394e-12
-4.02321e-12
-2.49416e-12
-5.67996e-12
0.236307
0.208156
0.236307
0.208156
0.0304807
0.0304807
-0.030488
-0.030488
2.48717e-13
-9.92215e-13
-7.34946e-12
-8.2144e-12
0.229192
0.19994
0.229192
0.19994
0.0497872
0.0497872
-0.0500359
-0.0500359
4.55206e-12
-5.56769e-13
-4.90496e-12
-6.03799e-12
0.268153
0.234606
0.268153
0.234606
0.0797076
0.0797076
-0.0797449
-0.0797449
-1.66911e-12
-8.15488e-13
-3.69427e-12
-3.42054e-12
0.236307
0.208156
0.236307
0.208156
0.0304807
0.0304807
-0.030488
-0.030488
1.28624e-12
2.31937e-12
-3.47702e-12
-4.02309e-12
0.229192
0.19994
0.229192
0.19994
0.0501117
0.0501117
-0.0501763
-0.0501763
-1.87957e-11
-2.46203e-12
-8.10095e-12
-4.11802e-12
0.268423
0.23466
0.268423
0.23466
0.0797217
0.0797217
-0.0797208
-0.0797208
-4.29697e-12
-3.16885e-12
-5.02511e-12
1.61336e-12
0.236306
0.208148
0.236306
0.208148
0.0304807
0.0304807
-0.0304785
-0.0304785
-6.32274e-12
-6.43026e-12
-3.29155e-12
1.08181e-12
0.229184
0.199934
0.229184
0.199934
0.0501117
0.0501117
-0.0501763
-0.0501763
-1.07571e-12
-7.7328e-12
-4.21185e-12
4.29071e-13
0.268423
0.23466
0.268423
0.23466
0.0797217
0.0797217
-0.0797208
-0.0797208
-6.53949e-12
-1.07463e-11
-4.64502e-12
2.9144e-14
0.236306
0.208148
0.236306
0.208148
0.0304807
0.0304807
-0.0304785
-0.0304785
-8.37225e-12
-8.61278e-12
-7.18196e-12
-3.48973e-12
0.229184
0.199934
0.229184
0.199934
0.0501117
0.0501117
-0.0501763
-0.0501763
-3.55472e-11
-8.34281e-12
-3.9716e-12
-3.6321e-12
0.268423
0.23466
0.268423
0.23466
0.0797217
0.0797217
-0.0797208
-0.0797208
-1.01951e-11
-9.39071e-12
-3.78086e-12
-2.81251e-12
0.236306
0.208148
0.236306
0.208148
0.0304807
0.0304807
-0.0304785
-0.0304785
-4.70743e-12
-4.59841e-12
-4.85152e-12
-4.9665e-12
0.229184
0.199934
0.229184
0.199934
0.0501545
0.0501545
-0.0495372
-0.0495372
2.51863e-12
-7.91728e-12
8.04498e-13
-1.2808e-12
0.267213
0.23473
0.267213
0.23473
0.0797869
0.0797869
-0.0796458
-0.0796458
-1.37691e-12
-2.95335e-12
-4.60523e-12
-1.37216e-12
0.236269
0.208174
0.236269
0.208174
0.0305012
0.0305012
-0.0304707
-0.0304707
-9.71704e-13
-9.96877e-13
-1.43857e-12
-1.07633e-12
0.229207
0.199956
0.229207
0.199956
0.0501545
0.0501545
-0.0495372
-0.0495372
-8.18895e-12
-9.31816e-12
6.69688e-13
8.84647e-14
0.267213
0.23473
0.267213
0.23473
0.0797869
0.0797869
-0.0796458
-0.0796458
-4.81101e-12
-9.82351e-12
-4.92778e-12
2.14484e-12
0.236269
0.208174
0.236269
0.208174
0.0305012
0.0305012
-0.0304707
-0.0304707
-1.31931e-12
-3.96197e-12
-4.56321e-12
7.16517e-13
0.229207
0.199956
0.229207
0.199956
0.0501545
0.0501545
-0.0495372
-0.0495372
1.22588e-11
1.58281e-13
1.75252e-11
4.94549e-12
0.267213
0.23473
0.267213
0.23473
0.0797869
0.0797869
-0.0796458
-0.0796458
7.49086e-13
-6.16148e-12
4.17323e-12
5.70792e-12
0.236269
0.208174
0.236269
0.208174
0.0305012
0.0305012
-0.0304707
-0.0304707
-1.94101e-13
-3.40891e-12
-2.29137e-12
1.9762e-12
0.229207
0.199956
0.229207
0.199956
