FiniteElementSpace
FiniteElementCollection: ND_3D_P2
VDim: 1
Ordering: 0

1.28905e-11
5.23809e-12
9.30959e-12
2.11995e-11
-7.49314e-12
-1.27992e-11
7.76325e-12
1.98144e-11
4.44089e-16
-5.82867e-16
4.44089e-16
-5.82867e-16
4.44089e-16
-5.82867e-16
4.44089e-16
-5.82867e-16
-0.163695
-0.163695
-0.0973016
-0.0973016
-0.118777
-0.118777
-0.172912
-0.172912
2.19414e-11
1.13622e-11
1.19492e-11
5.90259e-12
1.25386e-11
-7.83718e-12
4.44089e-16
-5.82867e-16
5.82867e-16
-4.44089e-16
5.82867e-16
-4.44089e-16
-0.25334
-0.25334
-0.106453
-0.106453
-5.94473e-12
1.38056e-11
-1.51245e-11
3.56635e-12
5.82867e-16
-4.44089e-16
5.82867e-16
-4.44089e-16
-0.253205
-0.253205
2.10989e-11
5.10319e-11
5.02469e-12
-5.17874e-12
-2.20255e-11
-3.03185e-11
5.82867e-16
-4.44089e-16
4.44089e-16
-5.82867e-16
4.44089e-16
-5.82867e-16
-0.186667
-0.186667
-0.149729
-0.149729
1.0481e-11
1.29915e-10
4.82028e-11
1.01776e-11
5.82867e-16
-4.44089e-16
5.82867e-16
-4.44089e-16
-0.253025
-0.253025
-1.66411e-10
-4.81511e-12
-4.57556e-11
-1.64101e-11
5.82867e-16
-4.44089e-16
5.82867e-16
-4.44089e-16
-0.253309
-0.253309
-8.91437e-12
2.12132e-12
-1.47209e-11
1.32785e-11
-1.53961e-13
5.56589e-12
5.82867e-16
-4.44089e-16
4.44089e-16
-5.82867e-16
4.44089e-16
-5.82867e-16
-0.0745612
-0.0745612
-0.0464144
-0.0464144
3.7482e-11
-2.32069e-12
-2.52485e-11
5.2475e-12
5.82867e-16
-4.44089e-16
5.82867e-16
-4.44089e-16
-0.0675875
-0.0675875
-3.16603e-13
-2.8594e-12
-2.24012e-11
-6.51895e-12
5.82867e-16
-4.44089e-16
5.82867e-16
-4.44089e-16
-0.0294275
-0.0294275
-6.14418e-12
-1.77611e-12
2.03727e-11
1.72055e-12
5.82867e-16
-4.44089e-16
5.82867e-16
-4.44089e-16
-0.0583223
-0.0583223
5.71952e-12
6.16123e-13
-1.22557e-11
-2.52477e-12
5.82867e-16
-4.44089e-16
5.82867e-16
-4.44089e-16
-0.0443118
-0.0443118
-6.23776e-12
-3.75157e-12
4.44089e-16
-5.82867e-16
-7.58296e-12
1.37536e-11
4.56295e-12
-1.27726e-11
5.98661e-12
7.60105e-12
6.80286e-12
3.71766e-12
0.163695
0.163695
0.0973016
0.0973016
0.118777
0.118777
0.172912
0.172912
-3.64786e-11
-1.75327e-11
-1.22734e-11
4.49757e-12
2.18412e-11
3.14797e-11
0.25334
0.25334
0.106453
0.106453
-3.07476e-11
1.12175e-12
-3.28345e-12
1.96693e-11
0.253205
0.253205
-1.88779e-11
-4.1416e-11
-7.17221e-12
6.15951e-12
2.62715e-11
2.00363e-11
0.186667
0.186667
0.149729
0.149729
-3.01416e-11
-8.15606e-11
-1.57296e-11
-1.91368e-11
0.253025
0.253025
7.57029e-11
3.15037e-11
2.05717e-11
5.82202e-12
0.253309
0.253309
8.81268e-12
2.30223e-11
1.4925e-11
1.30153e-11
-9.54156e-12
6.66608e-12
0.0745612
0.0745612
0.0464144
0.0464144
-1.37887e-11
7.42162e-12
-9.60713e-12
-2.64773e-12
0.0675875
0.0675875
5.12041e-13
2.06413e-11
8.84328e-12
1.33007e-12
0.0294275
0.0294275
6.44971e-12
-8.75489e-12
1.40731e-11
3.7453e-12
0.0583223
0.0583223
1.49113e-11
-2.73309e-11
-3.2536e-12
2.29433e-12
0.0443118
0.0443118
7.8149e-12
1.66035e-11
-4.44089e-16
5.82867e-16
-4.44089e-16
5.82867e-16
-4.44089e-16
5.82867e-16
-4.44089e-16
5.82867e-16
0.163695
0.163695
0.0973016
0.0973016
0.118777
0.118777
0.172912
0.172912
-4.44089e-16
5.82867e-16
-5.82867e-16
4.44089e-16
-5.82867e-16
4.44089e-16
0.25334
0.25334
0.106453
0.106453
-5.82867e-16
4.44089e-16
-5.82867e-16
4.44089e-16
0.253205
0.253205
-5.82867e-16
4.44089e-16
-4.44089e-16
5.82867e-16
-4.44089e-16
5.82867e-16
0.186667
0.186667
0.149729
0.149729
-5.82867e-16
4.44089e-16
-5.82867e-16
4.44089e-16
0.253025
0.253025
-5.82867e-16
4.44089e-16
-5.82867e-16
4.44089e-16
0.253309
0.253309
-5.82867e-16
4.44089e-16
-4.44089e-16
5.82867e-16
-4.44089e-16
5.82867e-16
0.0745612
0.0745612
0.0464144
0.0464144
-5.82867e-16
4.44089e-16
-5.82867e-16
4.44089e-16
0.0675875
0.0675875
-5.82867e-16
4.44089e-16
-5.82867e-16
4.44089e-16
0.0294275
0.0294275
-5.82867e-16
4.44089e-16
-5.82867e-16
4.44089e-16
0.0583223
0.0583223
-5.82867e-16
4.44089e-16
-5.82867e-16
4.44089e-16
0.0443118
0.0443118
-4.44089e-16
5.82867e-16
-1.02669e-11
1.49223e-11
-8.20292e-12
-1.63385e-11
2.41799e-11
3.1426e-12
-5.02639e-12
1.46911e-11
4.44089e-16
-5.82867e-16
4.44089e-16
-5.82867e-16
4.44089e-16
-5.82867e-16
4.44089e-16
-5.82867e-16
-0.0396246
-0.0396246
-0.064671
-0.064671
-0.118874
-0.118874
-0.0788227
-0.0788227
6.77526e-12
8.13857e-12
4.88792e-12
1.78275e-11
-9.08103e-13
-1.07137e-11
4.44089e-16
-5.82867e-16
5.82867e-16
-4.44089e-16
4.44089e-16
-5.82867e-16
-0.0443118
-0.0443118
-3.63466e-12
7.82701e-13
4.44089e-16
-5.82867e-16
2.20785e-12
-2.40045e-12
-1.68326e-12
-7.15474e-12
-1.23409e-11
-2.05843e-11
5.82867e-16
-4.44089e-16
4.44089e-16
-5.82867e-16
4.44089e-16
-5.82867e-16
-0.163777
-0.163777
-0.172973
-0.172973
2.38491e-11
8.04008e-12
4.44089e-16
-5.82867e-16
2.70243e-11
-1.60288e-11
7.94381e-12
3.26658e-12
5.82867e-16
-4.44089e-16
5.82867e-16
-4.44089e-16
-0.253145
-0.253145
-2.77957e-11
-1.09927e-11
1.54521e-11
1.36655e-11
5.88985e-11
1.84544e-11
5.82867e-16
-4.44089e-16
4.44089e-16
-5.82867e-16
4.44089e-16
-5.82867e-16
-0.1867
-0.1867
-0.149657
-0.149657
-5.1873e-11
-8.84606e-13
-1.8898e-11
1.63154e-11
5.82867e-16
-4.44089e-16
5.82867e-16
-4.44089e-16
-0.25311
-0.25311
1.3689e-10
-4.87275e-11
2.52905e-11
-1.80555e-11
5.82867e-16
-4.44089e-16
5.82867e-16
-4.44089e-16
-0.25334
-0.25334
-3.46259e-12
9.70475e-12
6.38252e-12
3.18222e-12
5.82867e-16
-4.44089e-16
5.82867e-16
-4.44089e-16
-0.0967516
-0.0967516
4.1236e-12
1.0951e-11
1.13438e-11
3.17167e-12
5.82867e-16
-4.44089e-16
5.82867e-16
-4.44089e-16
-0.106453
-0.106453
-2.98454e-12
1.33623e-12
4.44089e-16
-5.82867e-16
-5.79496e-12
-1.16402e-11
-2.00436e-11
-5.9321e-12
1.23447e-12
1.02989e-11
-2.20955e-11
-6.85287e-12
0.0396246
0.0396246
0.064671
0.064671
0.118874
0.118874
0.0788227
0.0788227
3.67639e-12
-1.55645e-11
5.24623e-12
7.45077e-12
1.00247e-11
-1.64098e-11
0.0443118
0.0443118
-6.32023e-12
-5.4282e-12
-1.01199e-11
2.00742e-12
-2.42748e-11
-1.18387e-11
-2.51475e-11
-1.05596e-11
0.163777
0.163777
0.172973
0.172973
-8.88571e-13
-2.33052e-11
-2.09648e-11
-7.43963e-11
-1.90182e-11
-1.72472e-11
0.253145
0.253145
-9.04082e-12
-3.83428e-11
-2.02366e-11
-1.83589e-11
2.35426e-11
2.36085e-11
0.1867
0.1867
0.149657
0.149657
-2.16328e-12
-9.14057e-11
-4.57803e-11
-3.61865e-11
0.25311
0.25311
1.7228e-10
6.78458e-11
5.81452e-11
4.99399e-11
0.25334
0.25334
2.7578e-13
3.88636e-11
3.43285e-12
-3.17806e-11
0.0967516
0.0967516
-3.08934e-11
-1.43691e-11
-1.37708e-11
3.48311e-11
0.106453
0.106453
-1.87254e-11
-4.9125e-12
-4.44089e-16
5.82867e-16
-4.44089e-16
5.82867e-16
-4.44089e-16
5.82867e-16
-4.44089e-16
5.82867e-16
0.0396246
0.0396246
0.064671
0.064671
0.118874
0.118874
0.0788227
0.0788227
-4.44089e-16
5.82867e-16
-5.82867e-16
4.44089e-16
-4.44089e-16
5.82867e-16
0.0443118
0.0443118
-4.44089e-16
5.82867e-16
-5.82867e-16
4.44089e-16
-4.44089e-16
5.82867e-16
-4.44089e-16
5.82867e-16
0.163777
0.163777
0.172973
0.172973
-4.44089e-16
5.82867e-16
-5.82867e-16
4.44089e-16
-5.82867e-16
4.44089e-16
0.253145
0.253145
-5.82867e-16
4.44089e-16
-4.44089e-16
5.82867e-16
-4.44089e-16
5.82867e-16
0.1867
0.1867
0.149657
0.149657
-5.82867e-16
4.44089e-16
-5.82867e-16
4.44089e-16
0.25311
0.25311
-5.82867e-16
4.44089e-16
-5.82867e-16
4.44089e-16
0.25334
0.25334
-5.82867e-16
4.44089e-16
-5.82867e-16
4.44089e-16
0.0967516
0.0967516
-5.82867e-16
4.44089e-16
-5.82867e-16
4.44089e-16
0.106453
0.106453
-4.44089e-16
5.82867e-16
1.54905e-11
1.26822e-11
-1.78613e-11
-1.74352e-11
-2.39874e-11
-7.64833e-12
-1.00283e-11
-2.71546e-11
4.44089e-16
-5.82867e-16
4.44089e-16
-5.82867e-16
4.44089e-16
-5.82867e-16
4.44089e-16
-5.82867e-16
-0.163695
-0.163695
-0.0973016
-0.0973016
-0.118777
-0.118777
-0.172912
-0.172912
-4.73037e-12
-6.50923e-12
2.4946e-12
-2.5227e-11
4.44089e-16
-5.82867e-16
4.44089e-16
-5.82867e-16
-1.732e-11
-6.60988e-11
-1.28428e-11
-1.21684e-11
5.82867e-16
-4.44089e-16
5.82867e-16
-4.44089e-16
-0.253205
-0.253205
2.10223e-11
5.19366e-11
2.62596e-11
6.16477e-12
-1.65148e-11
7.33948e-12
5.82867e-16
-4.44089e-16
4.44089e-16
-5.82867e-16
4.44089e-16
-5.82867e-16
-0.186667
-0.186667
-0.149729
-0.149729
4.59976e-11
8.95865e-11
4.12201e-11
-3.49737e-12
5.82867e-16
-4.44089e-16
5.82867e-16
-4.44089e-16
-0.253025
-0.253025
-8.24009e-11
4.43403e-11
-1.46115e-11
2.29535e-11
5.82867e-16
-4.44089e-16
5.82867e-16
-4.44089e-16
-0.253309
-0.253309
4.10076e-12
5.45379e-12
3.6496e-11
5.06767e-12
4.0598e-12
-4.539e-12
5.82867e-16
-4.44089e-16
4.44089e-16
-5.82867e-16
4.44089e-16
-5.82867e-16
-0.0745612
-0.0745612
-0.0464144
-0.0464144
1.53654e-12
-7.6886e-12
3.67889e-12
-9.73434e-12
5.82867e-16
-4.44089e-16
5.82867e-16
-4.44089e-16
-0.0675875
-0.0675875
-4.39091e-12
3.89308e-12
3.01392e-12
1.92909e-12
4.44089e-16
-5.82867e-16
4.44089e-16
-5.82867e-16
1.01397e-11
3.32546e-14
3.0158e-12
1.29872e-11
5.82867e-16
-4.44089e-16
5.82867e-16
-4.44089e-16
-0.0583223
-0.0583223
1.04675e-11
-8.99355e-12
4.44089e-16
-5.82867e-16
6.84429e-12
-1.28113e-11
1.81359e-11
1.66701e-11
8.38203e-12
-2.43765e-13
2.0925e-11
1.80569e-11
0.163695
0.163695
0.0973016
0.0973016
0.118777
0.118777
0.172912
0.172912
1.2883e-11
1.73876e-11
-1.44175e-11
8.09418e-12
2.46712e-11
2.28504e-11
4.26902e-12
9.44112e-12
0.253205
0.253205
1.78386e-11
-1.37912e-11
-4.86852e-12
-5.79445e-12
-1.23057e-11
-9.78959e-12
0.186667
0.186667
0.149729
0.149729
2.61161e-11
-2.16823e-11
-4.99677e-13
1.39028e-11
0.253025
0.253025
6.10727e-12
-1.75241e-12
1.90701e-11
2.13202e-11
0.253309
0.253309
-6.2579e-12
-1.14857e-11
-1.9301e-11
-5.4928e-13
3.16015e-12
4.37473e-12
0.0745612
0.0745612
0.0464144
0.0464144
-4.78181e-11
-2.48829e-11
-8.04968e-12
-2.98418e-12
0.0675875
0.0675875
2.65965e-12
-1.46483e-11
1.59814e-11
-1.02664e-11
8.8321e-12
-9.91495e-12
4.91762e-12
8.36669e-12
0.0583223
0.0583223
-6.26514e-12
2.37722e-11
-4.44089e-16
5.82867e-16
-4.44089e-16
5.82867e-16
-4.44089e-16
5.82867e-16
-4.44089e-16
5.82867e-16
0.163695
0.163695
0.0973016
0.0973016
0.118777
0.118777
0.172912
0.172912
-4.44089e-16
5.82867e-16
-4.44089e-16
5.82867e-16
-5.82867e-16
4.44089e-16
-5.82867e-16
4.44089e-16
0.253205
0.253205
-5.82867e-16
4.44089e-16
-4.44089e-16
5.82867e-16
-4.44089e-16
5.82867e-16
0.186667
0.186667
0.149729
0.149729
-5.82867e-16
4.44089e-16
-5.82867e-16
4.44089e-16
0.253025
0.253025
-5.82867e-16
4.44089e-16
-5.82867e-16
4.44089e-16
0.253309
0.253309
-5.82867e-16
4.44089e-16
-4.44089e-16
5.82867e-16
-4.44089e-16
5.82867e-16
0.0745612
0.0745612
0.0464144
0.0464144
-5.82867e-16
4.44089e-16
-5.82867e-16
4.44089e-16
0.0675875
0.0675875
-4.44089e-16
5.82867e-16
-4.44089e-16
5.82867e-16
-5.82867e-16
4.44089e-16
-5.82867e-16
4.44089e-16
0.0583223
0.0583223
-4.44089e-16
5.82867e-16
-1.54678e-11
1.33271e-11
7.79299e-12
9.55777e-12
3.90642e-12
-1.36236e-11
-3.40188e-12
8.0989e-12
4.44089e-16
-5.82867e-16
4.44089e-16
-5.82867e-16
4.44089e-16
-5.82867e-16
4.44089e-16
-5.82867e-16
-0.0396246
-0.0396246
-0.064671
-0.064671
-0.118874
-0.118874
-0.0788227
-0.0788227
-1.29996e-11
3.51868e-12
-2.19481e-12
8.69765e-13
4.44089e-16
-5.82867e-16
4.44089e-16
-5.82867e-16
-6.62156e-12
1.07382e-11
4.44089e-16
-5.82867e-16
1.51074e-11
7.29682e-12
2.22761e-11
-2.01847e-11
-9.96434e-12
-4.72401e-13
5.82867e-16
-4.44089e-16
4.44089e-16
-5.82867e-16
4.44089e-16
-5.82867e-16
-0.163777
-0.163777
-0.172973
-0.172973
5.19287e-12
1.40392e-11
4.44089e-16
-5.82867e-16
4.40575e-11
-3.89108e-11
-7.39249e-12
4.33e-12
5.82867e-16
-4.44089e-16
5.82867e-16
-4.44089e-16
-0.253145
-0.253145
1.51363e-12
-3.70749e-11
-4.05224e-12
1.39408e-11
3.58294e-11
8.92467e-12
5.82867e-16
-4.44089e-16
4.44089e-16
-5.82867e-16
4.44089e-16
-5.82867e-16
-0.1867
-0.1867
-0.149657
-0.149657
2.20385e-11
-8.66905e-11
-2.36518e-11
-1.05587e-11
5.82867e-16
-4.44089e-16
5.82867e-16
-4.44089e-16
-0.25311
-0.25311
9.29774e-11
-1.28883e-10
4.84732e-11
-4.05502e-12
4.44089e-16
-5.82867e-16
4.44089e-16
-5.82867e-16
6.31357e-12
-1.35883e-11
3.81487e-12
1.68447e-11
5.82867e-16
-4.44089e-16
5.82867e-16
-4.44089e-16
-0.0967516
-0.0967516
9.55e-12
-8.23108e-12
4.44089e-16
-5.82867e-16
-2.77678e-11
-1.5395e-11
-1.37235e-11
-1.80829e-11
1.57029e-11
1.44324e-11
-3.3157e-11
-1.32744e-11
0.0396246
0.0396246
0.064671
0.064671
0.118874
0.118874
0.0788227
0.0788227
-6.87305e-12
-6.48761e-12
3.18207e-11
-1.52029e-11
-9.36718e-12
-1.02293e-11
1.06251e-11
3.50453e-11
-2.41406e-11
-1.37141e-11
-5.898e-11
-5.74011e-11
0.163777
0.163777
0.172973
0.172973
-1.46954e-11
-3.62727e-11
-3.50427e-11
-1.2417e-10
-1.42599e-11
2.28554e-11
0.253145
0.253145
-2.29307e-11
-1.91465e-11
-2.23898e-11
-1.06526e-11
2.26228e-11
2.34227e-11
0.1867
0.1867
0.149657
0.149657
-9.71493e-11
-4.93331e-12
-2.21841e-11
-2.80973e-11
0.25311
0.25311
-1.05752e-10
-9.72343e-11
-6.00191e-11
-4.52711e-11
6.69282e-13
4.28706e-11
3.56399e-13
-2.06108e-11
0.0967516
0.0967516
-1.00516e-11
3.35327e-13
-4.44089e-16
5.82867e-16
-4.44089e-16
5.82867e-16
-4.44089e-16
5.82867e-16
-4.44089e-16
5.82867e-16
0.0396246
0.0396246
0.064671
0.064671
0.118874
0.118874
0.0788227
0.0788227
-4.44089e-16
5.82867e-16
-4.44089e-16
5.82867e-16
-4.44089e-16
5.82867e-16
-5.82867e-16
4.44089e-16
-4.44089e-16
5.82867e-16
-4.44089e-16
5.82867e-16
0.163777
0.163777
0.172973
0.172973
-4.44089e-16
5.82867e-16
-5.82867e-16
4.44089e-16
-5.82867e-16
4.44089e-16
0.253145
0.253145
-5.82867e-16
4.44089e-16
-4.44089e-16
5.82867e-16
-4.44089e-16
5.82867e-16
0.1867
0.1867
0.149657
0.149657
-5.82867e-16
4.44089e-16
-5.82867e-16
4.44089e-16
0.25311
0.25311
-4.44089e-16
5.82867e-16
-4.44089e-16
5.82867e-16
-5.82867e-16
4.44089e-16
-5.82867e-16
4.44089e-16
0.0967516
0.0967516
-4.44089e-16
5.82867e-16
-2.23995e-11
1.34098e-12
4.44089e-16
-5.82867e-16
-0.422283
-0.422283
1.13793e-11
-1.07052e-10
4.44089e-16
-5.82867e-16
-0.422245
-0.422245
-1.51726e-10
-8.93683e-12
4.44089e-16
-5.82867e-16
7.07398e-11
3.51776e-11
4.44089e-16
-5.82867e-16
-0.551447
-0.551447
7.77536e-11
2.55655e-10
4.44089e-16
-5.82867e-16
-0.551439
-0.551439
-1.79932e-10
2.47651e-10
4.44089e-16
-5.82867e-16
8.895e-11
4.12367e-10
4.44089e-16
-5.82867e-16
-0.658459
-0.658459
3.74399e-11
3.23296e-10
4.44089e-16
-5.82867e-16
-0.658459
-0.658459
-8.51284e-10
7.82551e-10
4.44089e-16
-5.82867e-16
8.68808e-11
-2.64691e-10
0.422283
0.422283
1.5148e-10
-2.47446e-10
0.422245
0.422245
3.68863e-11
-1.91086e-10
2.59755e-11
1.01653e-10
0.551447
0.551447
7.68539e-11
1.12398e-10
0.551439
0.551439
-2.98122e-10
2.06756e-10
1.18712e-10
3.4194e-10
0.658459
0.658459
-6.88504e-11
-9.62633e-11
0.658459
0.658459
-8.75709e-10
1.59755e-10
-5.82867e-16
4.44089e-16
0.422283
0.422283
-5.82867e-16
4.44089e-16
0.422245
0.422245
-4.44089e-16
5.82867e-16
-5.82867e-16
4.44089e-16
0.551447
0.551447
-5.82867e-16
4.44089e-16
0.551439
0.551439
-4.44089e-16
5.82867e-16
-5.82867e-16
4.44089e-16
0.658459
0.658459
-5.82867e-16
4.44089e-16
0.658459
0.658459
-4.44089e-16
5.82867e-16
-9.45573e-11
1.73009e-10
4.44089e-16
-5.82867e-16
-0.422264
-0.422264
1.21965e-10
1.03905e-10
4.44089e-16
-5.82867e-16
-8.4861e-11
2.14992e-10
4.44089e-16
-5.82867e-16
-0.55145
-0.55145
-2.14001e-10
2.36547e-10
4.44089e-16
-5.82867e-16
-7.95451e-11
-1.89942e-10
4.44089e-16
-5.82867e-16
-0.658459
-0.658459
-1.08907e-10
-4.96064e-10
4.44089e-16
-5.82867e-16
4.41226e-11
9.00609e-12
0.422264
0.422264
3.87554e-10
-1.44489e-10
1.53535e-10
1.35706e-11
0.55145
0.55145
4.37608e-11
1.78129e-10
-2.99658e-11
-1.52867e-10
0.658459
0.658459
5.24195e-10
-3.20406e-10
-5.82867e-16
4.44089e-16
0.422264
0.422264
-4.44089e-16
5.82867e-16
-5.82867e-16
4.44089e-16
0.55145
0.55145
-4.44089e-16
5.82867e-16
-5.82867e-16
4.44089e-16
0.658459
0.658459
-4.44089e-16
5.82867e-16
-1.7205e-10
1.73348e-10
4.44089e-16
-5.82867e-16
-0.422311
-0.422311
-1.6918e-10
8.03421e-11
4.44089e-16
-5.82867e-16
8.94239e-11
5.23417e-11
4.44089e-16
-5.82867e-16
-0.551468
-0.551468
-2.57561e-10
1.80275e-10
4.44089e-16
-5.82867e-16
-1.70372e-10
1.61675e-10
4.44089e-16
-5.82867e-16
-0.658459
-0.658459
3.2744e-10
-1.44065e-10
4.44089e-16
-5.82867e-16
1.31437e-10
7.37623e-11
0.422311
0.422311
7.71466e-11
1.66871e-10
-1.74752e-11
3.74964e-11
0.551468
0.551468
1.63745e-12
9.35589e-11
5.52704e-11
2.01176e-10
0.658459
0.658459
1.14893e-09
-6.15147e-10
-5.82867e-16
4.44089e-16
0.422311
0.422311
-4.44089e-16
5.82867e-16
-5.82867e-16
4.44089e-16
0.551468
0.551468
-4.44089e-16
5.82867e-16
-5.82867e-16
4.44089e-16
0.658459
0.658459
-4.44089e-16
5.82867e-16
8.46237e-11
-8.92902e-11
4.44089e-16
-5.82867e-16
-0.422257
-0.422257
-2.08244e-11
-4.60175e-11
5.82867e-16
-4.44089e-16
4.87919e-11
6.74736e-13
4.44089e-16
-5.82867e-16
-0.551441
-0.551441
-5.75662e-11
-6.73463e-11
5.82867e-16
-4.44089e-16
1.65151e-10
5.85605e-10
4.44089e-16
-5.82867e-16
-0.658459
-0.658459
-1.21504e-09
1.33432e-09
5.82867e-16
-4.44089e-16
-7.38885e-11
-1.56741e-10
0.422257
0.422257
3.08141e-11
-3.60367e-11
2.32851e-11
-1.23856e-10
0.551441
0.551441
-1.11616e-10
-1.23805e-10
-7.55536e-11
-1.88713e-10
0.658459
0.658459
2.86066e-10
-1.25198e-09
-5.82867e-16
4.44089e-16
0.422257
0.422257
-5.82867e-16
4.44089e-16
-5.82867e-16
4.44089e-16
0.551441
0.551441
-5.82867e-16
4.44089e-16
-5.82867e-16
4.44089e-16
0.658459
0.658459
-5.82867e-16
4.44089e-16
-1.52068e-10
2.48393e-10
4.44089e-16
-5.82867e-16
-0.422249
-0.422249
3.14146e-11
2.04118e-10
5.82867e-16
-4.44089e-16
-1.6146e-10
1.37469e-10
4.44089e-16
-5.82867e-16
-0.551447
-0.551447
7.02402e-11
9.11236e-11
5.82867e-16
-4.44089e-16
-3.86072e-12
3.12732e-10
4.44089e-16
-5.82867e-16
-0.658459
-0.658459
-9.42238e-10
6.58156e-10
5.82867e-16
-4.44089e-16
5.0313e-12
1.66098e-10
0.422249
0.422249
-3.03853e-12
4.09348e-10
-1.80582e-10
7.22617e-11
0.551447
0.551447
1.33072e-10
2.63256e-10
8.577e-11
1.83646e-10
0.658459
0.658459
7.20238e-10
2.04903e-10
-5.82867e-16
4.44089e-16
0.422249
0.422249
-5.82867e-16
4.44089e-16
-5.82867e-16
4.44089e-16
0.551447
0.551447
-5.82867e-16
4.44089e-16
-5.82867e-16
4.44089e-16
0.658459
0.658459
-5.82867e-16
4.44089e-16
4.14618e-11
9.86555e-11
4.44089e-16
-5.82867e-16
-0.422311
-0.422311
-8.81168e-11
9.47081e-11
5.82867e-16
-4.44089e-16
4.23804e-12
-6.69588e-11
4.44089e-16
-5.82867e-16
-0.551468
-0.551468
8.67009e-11
-1.15439e-10
5.82867e-16
-4.44089e-16
1.3455e-10
3.17197e-11
4.44089e-16
-5.82867e-16
-0.658459
-0.658459
-5.41809e-10
3.75176e-10
5.82867e-16
-4.44089e-16
3.95195e-11
8.92674e-11
0.422311
0.422311
-2.4031e-10
2.0211e-10
-1.54023e-10
1.43842e-10
0.551468
0.551468
-4.09393e-11
1.04049e-10
9.58202e-11
1.34379e-10
0.658459
0.658459
4.02877e-11
-9.8358e-12
-5.82867e-16
4.44089e-16
0.422311
0.422311
-5.82867e-16
4.44089e-16
-5.82867e-16
4.44089e-16
0.551468
0.551468
-5.82867e-16
4.44089e-16
-5.82867e-16
4.44089e-16
0.658459
0.658459
-5.82867e-16
4.44089e-16
-4.44089e-16
5.82867e-16
-0.658459
-0.658459
-3.22609e-10
-2.3977e-10
-0.55145
-0.55145
-4.44089e-16
5.82867e-16
-4.44089e-16
5.82867e-16
4.95562e-10
-1.05284e-11
3.18577e-11
1.14736e-10
-5.82867e-16
4.44089e-16
-1.13154e-10
-2.89017e-10
-0.422264
-0.422264
-4.44089e-16
5.82867e-16
-8.10666e-11
-1.8972e-10
-4.44089e-16
5.82867e-16
2.67867e-10
-2.55797e-10
-0.658459
-0.658459
1.00066e-09
-6.94176e-11
-0.55145
-0.55145
1.109e-10
-1.08837e-09
1.35889e-10
-2.13693e-11
-7.34107e-11
-9.78519e-11
-0.422264
-0.422264
-2.6744e-10
1.42844e-10
1.12606e-10
-1.03449e-10
-0.658459
-0.658459
4.44089e-16
-5.82867e-16
-0.55145
-0.55145
4.44089e-16
-5.82867e-16
4.44089e-16
-5.82867e-16
4.44089e-16
-5.82867e-16
-0.422264
-0.422264
4.44089e-16
-5.82867e-16
5.82867e-16
-4.44089e-16
-4.44089e-16
5.82867e-16
-0.658459
-0.658459
-3.66652e-10
-2.23301e-10
-0.551439
-0.551439
-4.44089e-16
5.82867e-16
-4.44089e-16
5.82867e-16
-8.37934e-10
6.47383e-10
-2.9971e-10
8.09666e-11
-5.82867e-16
4.44089e-16
-1.03508e-10
-9.68313e-11
-0.422245
-0.422245
-4.44089e-16
5.82867e-16
2.21151e-11
-4.00288e-11
-4.44089e-16
5.82867e-16
1.23643e-10
-3.14449e-11
-0.658459
-0.658459
1.99076e-10
-3.69187e-10
-0.551439
-0.551439
3.21376e-09
-2.00135e-09
1.77015e-10
-6.71756e-11
-2.95376e-10
1.47519e-10
-0.422245
-0.422245
-1.51968e-10
2.82185e-10
-3.78735e-11
2.35915e-10
-0.658459
-0.658459
4.44089e-16
-5.82867e-16
-0.551439
-0.551439
4.44089e-16
-5.82867e-16
4.44089e-16
-5.82867e-16
4.44089e-16
-5.82867e-16
-0.422245
-0.422245
4.44089e-16
-5.82867e-16
5.82867e-16
-4.44089e-16
-4.44089e-16
5.82867e-16
-0.658459
-0.658459
1.06699e-09
3.30674e-10
-0.551447
-0.551447
-4.44089e-16
5.82867e-16
-4.44089e-16
5.82867e-16
-1.25644e-09
-1.02955e-09
-1.8143e-10
-1.11128e-10
-5.82867e-16
4.44089e-16
1.95099e-10
-8.51853e-11
-0.422283
-0.422283
-4.44089e-16
5.82867e-16
1.61687e-10
-1.39569e-10
-4.44089e-16
5.82867e-16
7.55606e-11
-1.60359e-10
-0.658459
-0.658459
-7.1834e-10
-3.08113e-10
-0.551447
-0.551447
3.45702e-10
5.5523e-10
-4.78506e-11
9.80107e-11
-1.43001e-10
-2.23915e-10
-0.422283
-0.422283
-1.91597e-10
2.50575e-11
-9.86643e-11
9.60348e-11
-0.658459
-0.658459
4.44089e-16
-5.82867e-16
-0.551447
-0.551447
4.44089e-16
-5.82867e-16
4.44089e-16
-5.82867e-16
4.44089e-16
-5.82867e-16
-0.422283
-0.422283
4.44089e-16
-5.82867e-16
5.82867e-16
-4.44089e-16
-3.55324e-11
-1.72647e-10
-0.422257
-0.422257
5.82867e-16
-4.44089e-16
1.46087e-11
-2.16352e-10
4.44089e-16
-5.82867e-16
1.77839e-10
1.85754e-11
-0.551441
-0.551441
5.82867e-16
-4.44089e-16
-2.19156e-10
-1.5694e-10
4.44089e-16
-5.82867e-16
-6.46768e-11
2.15721e-10
-0.658459
-0.658459
5.82867e-16
-4.44089e-16
-1.3548e-09
9.77197e-11
4.44089e-16
-5.82867e-16
4.1962e-11
1.21506e-10
0.422257
0.422257
-2.32874e-11
2.39855e-10
-1.09369e-10
-9.3868e-11
0.551441
0.551441
8.52771e-11
3.45814e-11
4.01674e-11
-2.31465e-10
0.658459
0.658459
1.73667e-09
-4.17181e-10
-4.44089e-16
5.82867e-16
0.422257
0.422257
-4.44089e-16
5.82867e-16
-4.44089e-16
5.82867e-16
0.551441
0.551441
-4.44089e-16
5.82867e-16
-4.44089e-16
5.82867e-16
0.658459
0.658459
-4.44089e-16
5.82867e-16
-7.13333e-11
3.4826e-11
-0.422249
-0.422249
5.82867e-16
-4.44089e-16
2.21138e-10
8.88238e-11
4.44089e-16
-5.82867e-16
6.63406e-11
8.86821e-11
-0.551447
-0.551447
5.82867e-16
-4.44089e-16
8.8337e-11
1.79643e-10
4.44089e-16
-5.82867e-16
-4.25143e-11
7.76031e-10
-0.658459
-0.658459
5.82867e-16
-4.44089e-16
6.12195e-11
7.8621e-10
4.44089e-16
-5.82867e-16
4.59365e-11
6.82326e-11
0.422249
0.422249
-1.98486e-10
3.81015e-11
1.1137e-10
6.04214e-11
0.551447
0.551447
1.73585e-10
4.06168e-11
-1.29707e-11
1.29124e-10
0.658459
0.658459
5.05801e-10
1.27864e-11
-4.44089e-16
5.82867e-16
0.422249
0.422249
-4.44089e-16
5.82867e-16
-4.44089e-16
5.82867e-16
0.551447
0.551447
-4.44089e-16
5.82867e-16
-4.44089e-16
5.82867e-16
0.658459
0.658459
-4.44089e-16
5.82867e-16
3.83855e-11
9.26276e-11
5.82867e-16
-4.44089e-16
-1.4483e-10
2.88878e-10
5.82867e-16
-4.44089e-16
-7.4986e-10
1.63498e-09
5.82867e-16
-4.44089e-16
-4.52525e-11
-1.5095e-10
-1.94678e-10
1.49915e-10
-4.83888e-10
2.98521e-10
-5.82867e-16
4.44089e-16
-5.82867e-16
4.44089e-16
-5.82867e-16
4.44089e-16
1.53921e-11
5.31345e-12
-1.7606e-11
-1.01235e-11
-5.98774e-12
-8.91035e-12
-0.125935
-0.125935
1.06157e-11
-1.02075e-12
-0.104205
-0.104205
1.21531e-11
3.88364e-12
-0.143089
-0.143089
2.2075e-12
-1.2001e-11
-0.16168
-0.16168
5.82867e-16
-4.44089e-16
4.44089e-16
-5.82867e-16
8.1813e-12
1.11695e-11
6.63854e-12
5.10836e-12
-8.85308e-13
-1.25036e-11
-0.166983
-0.166983
8.52888e-12
5.9151e-12
-0.0980555
-0.0980555
-1.63955e-11
1.48677e-12
-0.201024
-0.201024
5.82867e-16
-4.44089e-16
4.44089e-16
-5.82867e-16
-2.44935e-11
2.36566e-11
-1.93722e-11
1.17979e-11
-2.11261e-11
-2.4612e-11
-0.252924
-0.252924
7.95693e-12
1.44373e-11
-0.20946
-0.20946
5.82867e-16
-4.44089e-16
4.44089e-16
-5.82867e-16
-1.20046e-11
-2.57684e-11
1.42446e-11
-1.56734e-11
4.2215e-11
2.50091e-11
-0.174682
-0.174682
-3.07538e-11
-1.19009e-11
-0.126333
-0.126333
-9.17438e-13
-6.85557e-12
-0.163864
-0.163864
5.82867e-16
-4.44089e-16
4.44089e-16
-5.82867e-16
-9.92219e-11
-3.22139e-11
1.81484e-12
-1.56724e-11
9.0029e-11
4.90015e-11
-0.252953
-0.252953
-3.91106e-11
-9.47097e-12
-0.217678
-0.217678
5.82867e-16
-4.44089e-16
4.44089e-16
-5.82867e-16
4.85652e-11
9.31808e-11
-1.87616e-11
-5.54332e-11
-2.07832e-12
-6.60102e-11
-0.253154
-0.253154
5.79979e-12
5.9278e-12
-0.190518
-0.190518
5.82867e-16
-4.44089e-16
4.44089e-16
-5.82867e-16
-4.40546e-12
1.54604e-11
2.58906e-12
1.44277e-12
-8.6084e-12
-1.31436e-11
-0.105492
-0.105492
-1.11973e-11
-1.29877e-11
-0.0728938
-0.0728938
2.18951e-12
2.10183e-12
-0.0569118
-0.0569118
5.82867e-16
-4.44089e-16
4.44089e-16
-5.82867e-16
1.15938e-11
-2.48514e-11
-1.39473e-11
-5.51848e-12
-1.00802e-11
7.21367e-12
-0.133546
-0.133546
-6.15634e-12
-5.09879e-13
-0.0687006
-0.0687006
5.82867e-16
-4.44089e-16
4.44089e-16
-5.82867e-16
8.92004e-12
-1.61034e-11
-8.27448e-12
-1.22996e-11
-9.92221e-12
-5.55264e-12
-0.0368764
-0.0368764
5.01182e-12
8.28455e-12
-0.0325603
-0.0325603
5.82867e-16
-4.44089e-16
4.44089e-16
-5.82867e-16
9.91545e-13
-1.4082e-12
1.00621e-11
3.96062e-12
-7.15019e-12
3.92108e-12
-0.0510287
-0.0510287
-9.83782e-12
-1.01028e-12
-0.0749681
-0.0749681
5.82867e-16
-4.44089e-16
4.44089e-16
-5.82867e-16
2.46838e-12
-3.71118e-12
-1.27227e-11
-5.36765e-12
5.36014e-12
1.0983e-11
-0.0321742
-0.0321742
8.06363e-14
-6.29134e-12
-0.049193
-0.049193
5.82867e-16
-4.44089e-16
4.44089e-16
-5.82867e-16
4.11558e-12
-4.85172e-12
-3.77807e-12
-3.23133e-12
1.14282e-12
-3.4684e-12
-0.0671495
-0.0671495
5.82867e-16
-4.44089e-16
4.44089e-16
-5.82867e-16
-1.66524e-12
5.45082e-12
2.96259e-12
-1.24772e-11
-8.90579e-12
-1.02831e-11
-0.125935
-0.125935
-1.07547e-11
1.17842e-11
-0.104205
-0.104205
-2.74734e-12
-4.75722e-12
-0.143089
-0.143089
1.27008e-11
1.41666e-11
-0.16168
-0.16168
-2.88685e-11
1.94537e-12
-4.41407e-13
2.32248e-11
1.25858e-11
-6.76982e-12
-0.166983
-0.166983
2.9797e-12
-6.03424e-12
-0.0980555
-0.0980555
-5.91352e-12
-1.41739e-11
-0.201024
-0.201024
4.76085e-12
1.11099e-11
5.39415e-12
1.38333e-11
6.68752e-11
-1.88005e-11
-0.252924
-0.252924
-2.08904e-11
-1.82422e-11
-0.20946
-0.20946
-8.93906e-12
3.60807e-11
-2.42196e-11
2.35074e-11
2.51272e-12
-1.57795e-11
-0.174682
-0.174682
-7.89122e-12
-1.38775e-11
-0.126333
-0.126333
8.7454e-12
1.99552e-11
-0.163864
-0.163864
6.54234e-11
7.68332e-12
7.81812e-12
-3.40558e-12
4.66914e-11
-6.73733e-11
-0.252953
-0.252953
-1.55575e-11
-1.47326e-11
-0.217678
-0.217678
-3.93325e-11
-4.09087e-11
-5.91051e-13
1.36157e-11
7.42833e-12
8.29019e-12
-0.253154
-0.253154
-5.77269e-12
-1.17143e-11
-0.190518
-0.190518
-4.2452e-13
-2.82582e-11
6.22045e-12
-1.2434e-11
-5.44992e-12
7.8275e-13
-0.105492
-0.105492
-1.34936e-11
4.59865e-12
-0.0728938
-0.0728938
-2.40503e-15
-7.32934e-12
-0.0569118
-0.0569118
-1.09505e-11
7.65791e-12
2.73608e-12
1.25075e-12
-1.28928e-11
-1.77586e-11
-0.133546
-0.133546
5.24227e-12
2.86209e-12
-0.0687006
-0.0687006
-1.35151e-11
-1.79097e-12
2.4073e-12
-4.75053e-12
1.05624e-11
-7.75455e-12
-0.0368764
-0.0368764
-4.47476e-12
1.78562e-12
-0.0325603
-0.0325603
8.91631e-12
-1.50234e-11
1.82303e-11
4.10477e-12
-5.30332e-12
3.40808e-12
-0.0510287
-0.0510287
-5.28357e-12
-4.05578e-13
-0.0749681
-0.0749681
1.15199e-11
1.73709e-12
-1.44853e-12
1.68319e-11
-8.49503e-12
4.51855e-12
-0.0321742
-0.0321742
-6.08224e-12
5.29578e-12
-0.049193
-0.049193
1.9883e-11
6.21545e-12
-4.96563e-12
-7.11679e-12
-4.9793e-12
-4.98505e-12
-0.0671495
-0.0671495
-5.82867e-16
4.44089e-16
-5.82867e-16
4.44089e-16
-9.40942e-12
-2.35388e-11
-0.125935
-0.125935
2.6726e-12
-1.21643e-11
-0.104205
-0.104205
9.7625e-12
5.84939e-12
-0.143089
-0.143089
2.13877e-11
6.13184e-12
-0.16168
-0.16168
-5.82867e-16
4.44089e-16
-5.82867e-16
4.44089e-16
1.14929e-11
1.67217e-12
-0.166983
-0.166983
-2.08589e-12
-2.10506e-11
-0.0980555
-0.0980555
-5.13478e-12
-1.76983e-11
-0.201024
-0.201024
-5.82867e-16
4.44089e-16
-5.82867e-16
4.44089e-16
-2.38453e-11
-2.03482e-11
-0.252924
-0.252924
3.55291e-11
1.42475e-11
-0.20946
-0.20946
-5.82867e-16
4.44089e-16
-5.82867e-16
4.44089e-16
1.85586e-11
5.29463e-11
-0.174682
-0.174682
-1.81766e-11
-7.8039e-12
-0.126333
-0.126333
-1.27484e-11
-1.67405e-11
-0.163864
-0.163864
-5.82867e-16
4.44089e-16
-5.82867e-16
4.44089e-16
5.38035e-11
1.13547e-10
-0.252953
-0.252953
-3.9743e-11
-5.83834e-12
-0.217678
-0.217678
-5.82867e-16
4.44089e-16
-5.82867e-16
4.44089e-16
-3.57544e-11
-6.96733e-11
-0.253154
-0.253154
2.0474e-11
1.06259e-11
-0.190518
-0.190518
-5.82867e-16
4.44089e-16
-5.82867e-16
4.44089e-16
2.64927e-12
-1.35284e-11
-0.105492
-0.105492
-4.79918e-12
-1.12232e-11
-0.0728938
-0.0728938
-7.02383e-12
8.20744e-12
-0.0569118
-0.0569118
-5.82867e-16
4.44089e-16
-5.82867e-16
4.44089e-16
1.85748e-11
1.46756e-12
-0.133546
-0.133546
1.58363e-12
-2.71827e-12
-0.0687006
-0.0687006
-5.82867e-16
4.44089e-16
-5.82867e-16
4.44089e-16
-6.10839e-12
-1.81475e-11
-0.0368764
-0.0368764
2.70465e-11
-3.38277e-12
-0.0325603
-0.0325603
-5.82867e-16
4.44089e-16
-5.82867e-16
4.44089e-16
-7.08321e-12
7.04146e-12
-0.0510287
-0.0510287
-1.66575e-11
-8.51664e-12
-0.0749681
-0.0749681
-5.82867e-16
4.44089e-16
-5.82867e-16
4.44089e-16
1.44495e-12
6.83782e-12
-0.0321742
-0.0321742
1.35098e-11
1.56121e-12
-0.049193
-0.049193
-5.82867e-16
4.44089e-16
-5.82867e-16
4.44089e-16
-2.35305e-11
-1.02546e-11
-0.0671495
-0.0671495
1.95907e-12
-7.55704e-13
-6.55375e-12
-6.05644e-12
-5.9601e-12
-1.35949e-12
-0.0494451
-0.0494451
-7.71586e-12
1.27046e-12
-0.0863949
-0.0863949
-1.02212e-11
-6.52731e-13
-0.0947533
-0.0947533
3.41571e-12
2.03232e-11
-0.0538426
-0.0538426
5.82867e-16
-4.44089e-16
4.44089e-16
-5.82867e-16
-6.6044e-12
6.27802e-12
1.29677e-11
1.40779e-11
-5.81969e-13
7.19576e-12
-0.0321742
-0.0321742
-5.37346e-12
-3.60558e-12
-0.0511074
-0.0511074
3.00626e-13
-6.2641e-12
-0.0311266
-0.0311266
5.82867e-16
-4.44089e-16
4.44089e-16
-5.82867e-16
-1.41939e-11
1.42404e-11
1.24386e-13
1.66658e-11
-6.16108e-12
7.64202e-12
-0.0697955
-0.0697955
5.82867e-16
-4.44089e-16
4.44089e-16
-5.82867e-16
-1.43517e-12
1.10441e-11
1.30043e-11
1.68298e-11
7.41896e-13
9.07207e-12
-0.112875
-0.112875
-9.44098e-12
-9.90258e-12
-0.14306
-0.14306
-5.16759e-12
3.74893e-12
-0.161713
-0.161713
5.82867e-16
-4.44089e-16
4.44089e-16
-5.82867e-16
1.31441e-11
-5.10995e-12
1.66302e-12
-8.61635e-13
3.63503e-12
4.39454e-12
-0.201182
-0.201182
5.82867e-16
-4.44089e-16
4.44089e-16
-5.82867e-16
1.99926e-11
-3.68568e-12
7.16243e-12
-2.45111e-12
2.04213e-11
6.32513e-12
-0.253103
-0.253103
-1.05219e-11
-1.04011e-11
-0.209481
-0.209481
5.82867e-16
-4.44089e-16
4.44089e-16
-5.82867e-16
-2.9353e-11
1.89106e-11
-3.43139e-11
-1.65578e-11
-3.28224e-11
-3.75171e-11
-0.174669
-0.174669
2.18434e-12
-4.82429e-12
-0.126331
-0.126331
6.98932e-12
4.65462e-11
-0.163796
-0.163796
5.82867e-16
-4.44089e-16
4.44089e-16
-5.82867e-16
-5.02946e-12
6.98994e-11
-3.39674e-11
2.21958e-11
-6.5542e-11
-6.46166e-11
-0.252952
-0.252952
3.66386e-11
2.17991e-12
-0.217642
-0.217642
5.82867e-16
-4.44089e-16
4.44089e-16
-5.82867e-16
-6.8949e-12
-1.10437e-10
2.96924e-11
3.52872e-11
-3.04664e-11
1.18007e-10
-0.252958
-0.252958
-1.10311e-11
1.59792e-11
-0.190317
-0.190317
5.82867e-16
-4.44089e-16
4.44089e-16
-5.82867e-16
-1.01262e-11
-5.75122e-12
5.4131e-12
4.42314e-12
-8.4845e-12
2.39814e-12
-0.120339
-0.120339
-6.62376e-12
2.55142e-12
-0.0782821
-0.0782821
5.82867e-16
-4.44089e-16
4.44089e-16
-5.82867e-16
-6.238e-12
1.11327e-11
1.58428e-11
-2.07552e-12
-4.30807e-12
5.61881e-12
-0.166983
-0.166983
2.3292e-13
-3.54541e-12
-0.0990265
-0.0990265
5.82867e-16
-4.44089e-16
4.44089e-16
-5.82867e-16
8.27163e-12
4.87208e-12
8.33729e-12
7.43521e-12
-6.20211e-12
-1.14199e-11
-0.0671495
-0.0671495
5.82867e-16
-4.44089e-16
4.44089e-16
-5.82867e-16
-3.049e-13
-1.29967e-11
1.71847e-11
1.6712e-11
5.06259e-12
-1.09817e-11
-0.0494451
-0.0494451
-2.2599e-12
1.72003e-11
-0.0863949
-0.0863949
-1.80268e-11
-6.83492e-12
-0.0947533
-0.0947533
1.22723e-11
7.85293e-13
-0.0538426
-0.0538426
-1.07061e-11
-1.60146e-11
1.01499e-11
4.71084e-12
1.26847e-11
2.25682e-12
-0.0321742
-0.0321742
8.16459e-12
-1.22887e-11
-0.0511074
-0.0511074
-1.34636e-11
-5.31501e-12
-0.0311266
-0.0311266
1.22301e-11
2.49803e-11
1.29142e-11
-5.49767e-12
-1.5954e-12
-3.23512e-12
-0.0697955
-0.0697955
8.00976e-12
1.5908e-11
7.55493e-12
1.5916e-11
1.15103e-11
1.16541e-11
-0.112875
-0.112875
-2.88072e-12
-4.93188e-12
-0.14306
-0.14306
-2.42023e-11
-1.69509e-11
-0.161713
-0.161713
-1.75301e-11
8.19101e-12
8.27364e-12
5.93889e-12
-1.47106e-11
4.27333e-13
-0.201182
-0.201182
3.46782e-11
4.16859e-11
4.24644e-12
1.94031e-11
-5.13981e-11
1.40863e-11
-0.253103
-0.253103
-2.18598e-11
2.14467e-12
-0.209481
-0.209481
2.9731e-11
7.48146e-12
-1.26793e-11
-1.55026e-11
-1.18492e-11
-2.60161e-11
-0.174669
-0.174669
-4.70888e-13
1.05615e-11
-0.126331
-0.126331
-6.40077e-12
2.46853e-11
-0.163796
-0.163796
6.03902e-11
1.49836e-11
-2.66846e-11
-7.50523e-12
-9.39449e-13
-5.02186e-11
-0.252952
-0.252952
-6.64444e-12
-9.96372e-13
-0.217642
-0.217642
-7.3724e-11
-7.85202e-11
4.87758e-12
5.35847e-11
-3.77553e-11
5.51181e-11
-0.252958
-0.252958
-1.69699e-11
9.82245e-12
-0.190317
-0.190317
-2.32854e-11
-2.58279e-11
7.06799e-13
-4.56361e-11
-3.11352e-12
1.99688e-12
-0.120339
-0.120339
1.15105e-11
1.13988e-11
-0.0782821
-0.0782821
8.16595e-13
2.67994e-11
2.70785e-11
4.63544e-11
-1.01507e-12
-1.041e-11
-0.166983
-0.166983
-1.2194e-11
1.18275e-11
-0.0990265
-0.0990265
-2.04265e-11
-2.54495e-11
-1.76206e-11
1.34922e-11
-1.63792e-12
1.64582e-11
-0.0671495
-0.0671495
-5.82867e-16
4.44089e-16
-5.82867e-16
4.44089e-16
-2.889e-12
-2.06774e-11
-0.0494451
-0.0494451
1.47441e-11
7.86015e-12
-0.0863949
-0.0863949
8.92277e-13
2.21956e-13
-0.0947533
-0.0947533
5.58519e-12
-7.16299e-12
-0.0538426
-0.0538426
-5.82867e-16
4.44089e-16
-5.82867e-16
4.44089e-16
-1.76925e-12
-1.60956e-11
-0.0321742
-0.0321742
-1.16145e-11
-1.15612e-11
-0.0511074
-0.0511074
1.40538e-11
2.00789e-12
-0.0311266
-0.0311266
-5.82867e-16
4.44089e-16
-5.82867e-16
4.44089e-16
-5.68612e-12
-4.75955e-12
-0.0697955
-0.0697955
-5.82867e-16
4.44089e-16
-5.82867e-16
4.44089e-16
-1.18417e-11
-6.87733e-12
-0.112875
-0.112875
3.32488e-13
2.3164e-12
-0.14306
-0.14306
1.93587e-11
-3.13324e-12
-0.161713
-0.161713
-5.82867e-16
4.44089e-16
-5.82867e-16
4.44089e-16
3.50246e-13
-1.14947e-11
-0.201182
-0.201182
-5.82867e-16
4.44089e-16
-5.82867e-16
4.44089e-16
1.33683e-11
-3.04769e-11
-0.253103
-0.253103
9.55175e-13
2.04298e-11
-0.209481
-0.209481
-5.82867e-16
4.44089e-16
-5.82867e-16
4.44089e-16
-2.45377e-11
3.27365e-12
-0.174669
-0.174669
-4.32522e-12
5.49851e-11
-0.126331
-0.126331
-3.19895e-11
4.59866e-12
-0.163796
-0.163796
-5.82867e-16
4.44089e-16
-5.82867e-16
4.44089e-16
-8.89051e-11
2.95616e-11
-0.252952
-0.252952
2.5809e-11
3.34913e-11
-0.217642
-0.217642
-5.82867e-16
4.44089e-16
-5.82867e-16
4.44089e-16
4.06789e-11
9.40336e-12
-0.252958
-0.252958
1.80498e-11
-3.73305e-11
-0.190317
-0.190317
-5.82867e-16
4.44089e-16
-5.82867e-16
4.44089e-16
2.08885e-11
2.80136e-11
-0.120339
-0.120339
-8.19722e-12
3.04636e-11
-0.0782821
-0.0782821
-5.82867e-16
4.44089e-16
-5.82867e-16
4.44089e-16
6.49157e-12
-1.4043e-11
-0.166983
-0.166983
3.41432e-11
1.14283e-12
-0.0990265
-0.0990265
-5.82867e-16
4.44089e-16
-5.82867e-16
4.44089e-16
7.01908e-12
2.51436e-11
-0.0671495
-0.0671495
5.85695e-12
1.61583e-11
2.4111e-11
2.00623e-11
-9.15843e-12
1.03779e-12
-0.125935
-0.125935
8.29398e-15
-1.19934e-11
-0.104205
-0.104205
3.0516e-13
8.12862e-12
-0.143089
-0.143089
1.31754e-11
-1.44429e-12
-0.16168
-0.16168
5.82867e-16
-4.44089e-16
4.44089e-16
-5.82867e-16
-4.4385e-12
1.43928e-11
4.80576e-12
6.93125e-12
6.64942e-12
4.49936e-12
-0.0980555
-0.0980555
-1.13941e-11
-7.54167e-12
-0.201024
-0.201024
5.82867e-16
-4.44089e-16
4.44089e-16
-5.82867e-16
2.55929e-11
4.69493e-11
-1.29165e-11
2.608e-11
1.01794e-11
-4.34497e-11
-0.252924
-0.252924
7.9447e-12
1.80832e-11
-0.20946
-0.20946
5.82867e-16
-4.44089e-16
4.44089e-16
-5.82867e-16
-1.21376e-11
-3.69066e-11
-1.19905e-11
-2.14048e-11
2.39541e-11
2.0841e-11
-0.174682
-0.174682
-9.41052e-12
-5.57911e-12
-0.126333
-0.126333
-1.49581e-12
-1.97182e-11
-0.163864
-0.163864
5.82867e-16
-4.44089e-16
4.44089e-16
-5.82867e-16
-9.29544e-11
-3.07004e-11
-9.90975e-13
2.09836e-12
6.93214e-11
6.04859e-11
-0.252953
-0.252953
-3.51869e-11
-2.40891e-11
-0.217678
-0.217678
5.82867e-16
-4.44089e-16
4.44089e-16
-5.82867e-16
4.32817e-12
5.46719e-11
3.6662e-12
-2.54041e-11
-2.28876e-11
-7.26024e-11
-0.253154
-0.253154
5.95973e-12
8.66419e-12
-0.190518
-0.190518
5.82867e-16
-4.44089e-16
4.44089e-16
-5.82867e-16
-7.9994e-12
-1.26125e-11
3.10306e-12
-7.54115e-13
-1.66279e-11
-1.87803e-11
-0.105492
-0.105492
9.70597e-12
-7.5775e-12
-0.0728938
-0.0728938
5.09822e-12
1.26379e-11
-0.0569118
-0.0569118
5.82867e-16
-4.44089e-16
4.44089e-16
-5.82867e-16
-3.97899e-12
-2.02998e-11
2.98393e-12
3.3234e-12
-1.34206e-11
-2.83937e-13
-0.133546
-0.133546
-4.41087e-12
-2.77982e-12
-0.0687006
-0.0687006
5.82867e-16
-4.44089e-16
4.44089e-16
-5.82867e-16
-6.43943e-12
1.14553e-11
-1.15347e-11
-1.12293e-12
-8.27975e-12
6.09541e-12
-0.0368764
-0.0368764
1.44549e-11
-2.32416e-12
-0.0325603
-0.0325603
5.82867e-16
-4.44089e-16
4.44089e-16
-5.82867e-16
7.45716e-12
-1.16603e-11
2.93647e-11
4.45819e-12
-3.10904e-12
-1.62688e-12
-0.0510287
-0.0510287
-8.36351e-12
2.79095e-12
-0.0749681
-0.0749681
5.82867e-16
-4.44089e-16
4.44089e-16
-5.82867e-16
-9.38224e-12
-1.10201e-11
-4.91724e-13
-7.90667e-12
1.89252e-11
-5.62656e-12
-0.049193
-0.049193
5.82867e-16
-4.44089e-16
4.44089e-16
-5.82867e-16
3.34875e-12
1.35022e-11
7.21002e-12
7.7589e-14
5.82867e-16
-4.44089e-16
4.44089e-16
-5.82867e-16
2.79875e-12
-1.05447e-11
-1.54743e-11
-1.65253e-11
-9.23615e-12
3.72532e-12
-0.125935
-0.125935
-1.21475e-12
2.08642e-12
-0.104205
-0.104205
4.65857e-12
1.06372e-11
-0.143089
-0.143089
-7.02813e-12
-4.88769e-12
-0.16168
-0.16168
-1.11422e-11
-6.49188e-12
-2.40541e-11
-4.38793e-12
-3.16389e-12
8.82624e-12
-0.0980555
-0.0980555
-1.09882e-11
-1.38664e-11
-0.201024
-0.201024
-1.67687e-11
-3.343e-11
6.15415e-12
4.45483e-12
3.22925e-13
-3.64321e-11
-0.252924
-0.252924
-6.219e-12
4.76083e-12
-0.20946
-0.20946
7.87527e-12
2.97103e-13
1.09647e-11
1.71438e-11
-6.53427e-12
6.9477e-13
-0.174682
-0.174682
1.34212e-11
9.99576e-12
-0.126333
-0.126333
-5.35589e-12
2.98874e-12
-0.163864
-0.163864
2.90313e-11
-2.96517e-11
1.48458e-11
5.54762e-12
-1.46447e-11
-1.36749e-11
-0.252953
-0.252953
1.42764e-11
6.60946e-12
-0.217678
-0.217678
3.00832e-12
5.70208e-13
1.14605e-11
1.92299e-11
3.02698e-11
-1.94916e-11
-0.253154
-0.253154
6.50383e-12
2.10767e-12
-0.190518
-0.190518
1.22728e-12
1.81119e-11
-4.46022e-12
5.88236e-12
1.59367e-11
2.29024e-11
-0.105492
-0.105492
-1.0923e-11
-9.69457e-12
-0.0728938
-0.0728938
8.72483e-12
-3.57447e-12
-0.0569118
-0.0569118
1.27031e-11
3.2492e-11
-6.13962e-12
8.69568e-12
8.61578e-12
3.81704e-11
-0.133546
-0.133546
-8.12727e-13
4.0169e-12
-0.0687006
-0.0687006
-6.9281e-12
-1.64292e-11
6.25727e-12
-5.97276e-12
9.54883e-12
9.27126e-12
-0.0368764
-0.0368764
-5.58235e-12
-4.42404e-12
-0.0325603
-0.0325603
1.42551e-11
-2.86539e-12
3.63475e-13
4.38468e-12
-3.65471e-12
2.77515e-12
-0.0510287
-0.0510287
-8.08307e-12
-1.22104e-11
-0.0749681
-0.0749681
1.55535e-11
1.46177e-11
-1.60228e-11
4.22995e-12
3.39747e-12
-6.10456e-13
-0.049193
-0.049193
1.65863e-13
7.65611e-12
-2.22651e-11
-5.67591e-12
-5.82867e-16
4.44089e-16
-5.82867e-16
4.44089e-16
-1.81416e-12
-8.57857e-12
-0.125935
-0.125935
1.26187e-11
8.65597e-12
-0.104205
-0.104205
5.58262e-12
-3.61812e-12
-0.143089
-0.143089
-7.11405e-12
-6.60209e-12
-0.16168
-0.16168
-5.82867e-16
4.44089e-16
-5.82867e-16
4.44089e-16
-8.43997e-12
1.87229e-12
-0.0980555
-0.0980555
-1.51603e-12
-1.08959e-11
-0.201024
-0.201024
-5.82867e-16
4.44089e-16
-5.82867e-16
4.44089e-16
-3.92113e-11
-1.4757e-11
-0.252924
-0.252924
1.91012e-11
8.47794e-12
-0.20946
-0.20946
-5.82867e-16
4.44089e-16
-5.82867e-16
4.44089e-16
8.87073e-13
1.41094e-11
-0.174682
-0.174682
6.17552e-12
-4.8092e-12
-0.126333
-0.126333
4.02028e-12
-1.92437e-11
-0.163864
-0.163864
-5.82867e-16
4.44089e-16
-5.82867e-16
4.44089e-16
-7.54958e-12
4.72149e-11
-0.252953
-0.252953
-7.48492e-12
8.48909e-12
-0.217678
-0.217678
-5.82867e-16
4.44089e-16
-5.82867e-16
4.44089e-16
6.15618e-12
-3.43461e-11
-0.253154
-0.253154
6.97339e-12
7.78038e-12
-0.190518
-0.190518
-5.82867e-16
4.44089e-16
-5.82867e-16
4.44089e-16
1.037e-11
-4.13173e-12
-0.105492
-0.105492
-1.35794e-11
-1.80038e-11
-0.0728938
-0.0728938
1.19615e-11
1.48732e-11
-0.0569118
-0.0569118
-5.82867e-16
4.44089e-16
-5.82867e-16
4.44089e-16
1.33732e-11
1.77748e-11
-0.133546
-0.133546
-4.74711e-12
-3.46503e-12
-0.0687006
-0.0687006
-5.82867e-16
4.44089e-16
-5.82867e-16
4.44089e-16
1.98033e-12
1.13632e-11
-0.0368764
-0.0368764
1.27926e-11
-6.69727e-12
-0.0325603
-0.0325603
-5.82867e-16
4.44089e-16
-5.82867e-16
4.44089e-16
4.18454e-12
8.69428e-12
-0.0510287
-0.0510287
-1.31786e-11
-1.05211e-11
-0.0749681
-0.0749681
-5.82867e-16
4.44089e-16
-5.82867e-16
4.44089e-16
1.53926e-12
-1.3303e-12
-0.049193
-0.049193
-5.82867e-16
4.44089e-16
-5.82867e-16
4.44089e-16
-1.17993e-12
9.22187e-12
-2.16542e-11
-8.98578e-12
-5.9736e-12
3.10253e-12
-0.0494451
-0.0494451
-2.64242e-13
8.79851e-12
-0.0863949
-0.0863949
-2.02077e-11
5.26328e-12
-0.0947533
-0.0947533
-5.79255e-12
1.52593e-11
-0.0538426
-0.0538426
5.82867e-16
-4.44089e-16
4.44089e-16
-5.82867e-16
4.98424e-12
-8.65145e-12
1.78612e-11
2.71476e-12
4.15691e-13
3.23652e-12
-0.0511074
-0.0511074
1.2198e-11
-2.32212e-12
-0.0311266
-0.0311266
5.82867e-16
-4.44089e-16
4.44089e-16
-5.82867e-16
-1.07302e-12
5.91814e-12
-3.68311e-12
4.16666e-12
1.58271e-12
1.49911e-11
-0.0697955
-0.0697955
5.82867e-16
-4.44089e-16
4.44089e-16
-5.82867e-16
-2.76406e-12
2.33205e-12
-2.00727e-11
6.11348e-12
-8.17476e-12
-4.78303e-12
-0.112875
-0.112875
-6.99853e-12
7.99484e-12
-0.14306
-0.14306
-6.29428e-12
3.29324e-12
-0.161713
-0.161713
5.82867e-16
-4.44089e-16
4.44089e-16
-5.82867e-16
2.46591e-12
-2.04317e-11
-4.71778e-12
-5.32952e-12
-1.00051e-12
-8.84231e-12
-0.201182
-0.201182
5.82867e-16
-4.44089e-16
4.44089e-16
-5.82867e-16
2.25137e-11
-1.80771e-11
1.16076e-11
1.71057e-11
-6.28609e-12
-2.76697e-11
-0.253103
-0.253103
1.37333e-11
5.83953e-12
-0.209481
-0.209481
5.82867e-16
-4.44089e-16
4.44089e-16
-5.82867e-16
-7.19295e-12
2.7108e-11
-4.25228e-12
7.00194e-12
-4.67483e-11
-2.18893e-11
-0.174669
-0.174669
1.13712e-11
-8.11477e-12
-0.126331
-0.126331
2.32408e-11
4.3346e-11
-0.163796
-0.163796
5.82867e-16
-4.44089e-16
4.44089e-16
-5.82867e-16
5.43921e-11
-3.91274e-12
-9.23705e-12
1.9295e-11
-8.90995e-11
-1.17221e-11
-0.252952
-0.252952
3.45814e-11
1.55305e-11
-0.217642
-0.217642
5.82867e-16
-4.44089e-16
4.44089e-16
-5.82867e-16
3.9124e-12
-7.22601e-11
8.54047e-12
3.61981e-11
-7.30588e-12
1.25843e-10
-0.252958
-0.252958
-4.90161e-12
4.25412e-12
-0.190317
-0.190317
5.82867e-16
-4.44089e-16
4.44089e-16
-5.82867e-16
1.31583e-11
-3.41023e-12
8.35631e-12
1.61806e-11
7.49537e-12
8.77673e-12
-0.120339
-0.120339
3.24023e-13
-4.94382e-12
-0.0782821
-0.0782821
5.82867e-16
-4.44089e-16
4.44089e-16
-5.82867e-16
-9.35461e-14
1.15537e-12
-4.00403e-12
-2.24193e-11
-1.14857e-12
3.7316e-12
-0.0990265
-0.0990265
5.82867e-16
-4.44089e-16
4.44089e-16
-5.82867e-16
7.00637e-12
2.29687e-11
5.2689e-13
8.06537e-12
5.82867e-16
-4.44089e-16
4.44089e-16
-5.82867e-16
-1.36954e-11
-1.14524e-11
1.37402e-11
1.93791e-11
1.73923e-11
-4.26095e-12
-0.0494451
-0.0494451
4.71331e-12
1.20545e-12
-0.0863949
-0.0863949
-3.47974e-12
-2.55707e-12
-0.0947533
-0.0947533
6.79388e-12
-1.85801e-11
-0.0538426
-0.0538426
-1.50979e-11
-3.28733e-11
2.42976e-11
-1.71189e-12
1.19572e-11
-4.7207e-13
-0.0511074
-0.0511074
-1.00335e-11
7.78212e-12
-0.0311266
-0.0311266
2.89251e-11
2.02969e-11
2.59258e-11
-8.15163e-12
7.1149e-12
-6.61611e-13
-0.0697955
-0.0697955
-1.19199e-11
8.71199e-12
3.20084e-11
3.57517e-11
-6.23188e-12
1.23374e-12
-0.112875
-0.112875
-6.13167e-12
-1.46792e-11
-0.14306
-0.14306
9.40524e-12
1.30416e-11
-0.161713
-0.161713
-4.89066e-11
-1.87887e-11
2.07599e-11
1.74629e-11
1.48518e-11
3.72937e-11
-0.201182
-0.201182
1.01645e-10
6.19253e-11
2.9034e-11
3.96987e-11
-1.69066e-11
7.11983e-11
-0.253103
-0.253103
8.22956e-12
1.11239e-11
-0.209481
-0.209481
1.57666e-11
1.80622e-11
-1.97114e-11
-1.87002e-11
-9.49013e-12
-4.05647e-13
-0.174669
-0.174669
-5.62512e-12
-6.49955e-12
-0.126331
-0.126331
5.27476e-12
-3.02015e-12
-0.163796
-0.163796
5.87183e-12
4.8586e-11
-3.52711e-11
-2.50414e-11
-3.58053e-11
5.60655e-11
-0.252952
-0.252952
-1.64263e-11
2.23685e-12
-0.217642
-0.217642
-6.75237e-11
-4.76736e-11
2.63794e-12
2.15639e-11
-5.8668e-11
5.11019e-11
-0.252958
-0.252958
-1.928e-11
1.75445e-11
-0.190317
-0.190317
-2.96726e-11
-2.24979e-11
-1.46167e-11
-3.19602e-11
-2.11345e-12
-6.24752e-12
-0.120339
-0.120339
7.1314e-12
-4.87369e-12
-0.0782821
-0.0782821
-1.49853e-11
1.71868e-11
2.61582e-11
4.11303e-11
-5.47804e-12
1.42755e-12
-0.0990265
-0.0990265
-7.46681e-12
-1.90904e-11
-3.39066e-13
-7.13795e-13
-5.82867e-16
4.44089e-16
-5.82867e-16
4.44089e-16
3.39361e-12
-2.68756e-11
-0.0494451
-0.0494451
1.7482e-11
-1.13724e-12
-0.0863949
-0.0863949
1.39156e-11
6.36982e-12
-0.0947533
-0.0947533
2.82897e-12
-1.47271e-11
-0.0538426
-0.0538426
-5.82867e-16
4.44089e-16
-5.82867e-16
4.44089e-16
-1.22298e-11
-1.38658e-11
-0.0511074
-0.0511074
7.61906e-12
2.91375e-12
-0.0311266
-0.0311266
-5.82867e-16
4.44089e-16
-5.82867e-16
4.44089e-16
6.28544e-12
7.45786e-12
-0.0697955
-0.0697955
-5.82867e-16
4.44089e-16
-5.82867e-16
4.44089e-16
-1.07312e-11
-6.38538e-12
-0.112875
-0.112875
-1.0159e-12
4.94872e-12
-0.14306
-0.14306
2.62592e-11
9.8254e-12
-0.161713
-0.161713
-5.82867e-16
4.44089e-16
-5.82867e-16
4.44089e-16
2.33087e-11
7.88972e-12
-0.201182
-0.201182
-5.82867e-16
4.44089e-16
-5.82867e-16
4.44089e-16
3.51656e-11
5.97484e-12
-0.253103
-0.253103
7.16929e-12
1.97017e-11
-0.209481
-0.209481
-5.82867e-16
4.44089e-16
-5.82867e-16
4.44089e-16
-1.00013e-11
1.01022e-11
-0.174669
-0.174669
-9.80066e-12
5.61883e-11
-0.126331
-0.126331
-3.27935e-11
-7.9691e-12
-0.163796
-0.163796
-5.82867e-16
4.44089e-16
-5.82867e-16
4.44089e-16
-5.68882e-11
4.50237e-11
-0.252952
-0.252952
2.54854e-12
3.6334e-11
-0.217642
-0.217642
-5.82867e-16
4.44089e-16
-5.82867e-16
4.44089e-16
5.49893e-11
-4.03513e-11
-0.252958
-0.252958
2.71101e-11
-4.21847e-11
-0.190317
-0.190317
-5.82867e-16
4.44089e-16
-5.82867e-16
4.44089e-16
2.72723e-11
2.00291e-11
-0.120339
-0.120339
-9.45601e-12
2.48901e-11
-0.0782821
-0.0782821
-5.82867e-16
4.44089e-16
-5.82867e-16
4.44089e-16
2.82856e-11
1.67322e-11
-0.0990265
-0.0990265
-5.82867e-16
4.44089e-16
-5.82867e-16
4.44089e-16
-3.74209e-11
3.32678e-11
0.344938
0.344938
5.22392e-11
1.48769e-10
-9.19865e-11
2.89117e-11
4.44089e-16
-5.82867e-16
4.44089e-16
-5.82867e-16
0.401136
0.401136
2.22486e-11
-2.20475e-11
5.97719e-11
2.33083e-11
-0.344871
-0.344871
-5.6662e-11
2.22339e-11
0.490772
0.490772
-8.14381e-11
-1.37965e-11
-2.10433e-10
7.01277e-11
4.44089e-16
-5.82867e-16
4.44089e-16
-5.82867e-16
0.532318
0.532318
3.70069e-11
-4.50517e-11
-6.81111e-11
4.27219e-11
-0.490756
-0.490756
3.23177e-10
-8.62148e-11
0.605979
0.605979
1.66098e-10
-7.45606e-11
-2.35507e-10
2.49712e-10
4.44089e-16
-5.82867e-16
4.44089e-16
-5.82867e-16
0.658459
0.658459
1.12642e-09
-4.47224e-10
-2.40635e-10
-2.05323e-10
-0.605976
-0.605976
-1.18471e-11
1.12081e-10
0.344938
0.344938
7.9172e-11
3.60093e-12
-1.54413e-10
-2.23298e-11
0.401136
0.401136
2.97586e-11
-2.42954e-11
-5.38723e-11
1.66241e-10
-0.344871
-0.344871
-6.30307e-11
9.18137e-12
0.490772
0.490772
7.1137e-11
8.90068e-11
-1.03017e-10
-3.20476e-12
0.532318
0.532318
-7.14155e-11
-7.58942e-11
1.864e-11
8.32781e-11
-0.490756
-0.490756
-1.70406e-10
-1.5518e-10
0.605979
0.605979
-4.8627e-12
8.69358e-11
-5.29678e-10
2.34135e-10
0.658459
0.658459
-9.06047e-10
8.70703e-10
-2.7574e-10
-1.55672e-10
-0.605976
-0.605976
-1.05177e-11
8.53678e-11
0.344938
0.344938
-4.44089e-16
5.82867e-16
-4.44089e-16
5.82867e-16
0.401136
0.401136
-8.10158e-11
1.32248e-10
-5.83807e-11
1.31731e-10
-0.344871
-0.344871
4.93444e-11
1.08457e-11
0.490772
0.490772
-4.44089e-16
5.82867e-16
-4.44089e-16
5.82867e-16
0.532318
0.532318
-9.34268e-11
-7.64537e-12
9.29947e-11
1.20734e-10
-0.490756
-0.490756
-5.56469e-10
-7.23245e-11
0.605979
0.605979
-4.44089e-16
5.82867e-16
-4.44089e-16
5.82867e-16
0.658459
0.658459
-1.7207e-09
1.2587e-09
-2.8518e-10
1.81316e-11
-0.605976
-0.605976
8.01142e-11
-9.94408e-11
1.05254e-10
-1.31969e-10
4.44089e-16
-5.82867e-16
4.44089e-16
-5.82867e-16
0.401136
0.401136
9.062e-11
-1.48073e-10
1.62767e-10
-1.51389e-10
-0.344958
-0.344958
2.92395e-11
-5.64147e-11
8.95403e-11
-1.88281e-11
4.44089e-16
-5.82867e-16
4.44089e-16
-5.82867e-16
0.532318
0.532318
-7.80763e-12
-2.54157e-11
4.87771e-11
-9.84521e-11
-0.490775
-0.490775
-2.80409e-10
-1.26582e-10
-1.09021e-10
-1.14698e-11
4.44089e-16
-5.82867e-16
4.44089e-16
-5.82867e-16
0.658459
0.658459
-3.91728e-10
2.97855e-10
-2.67102e-10
-1.15098e-10
-0.605981
-0.605981
-2.39129e-11
-1.45617e-10
1.12429e-10
-1.01033e-10
0.401136
0.401136
7.16191e-11
1.89957e-11
6.27408e-11
-9.23653e-11
-0.344958
-0.344958
5.32165e-11
5.9462e-11
2.24366e-10
8.40632e-11
0.532318
0.532318
2.0407e-10
-8.67479e-11
1.15299e-10
-3.94709e-11
-0.490775
-0.490775
-2.57068e-10
7.7525e-12
1.34919e-10
1.19286e-10
0.658459
0.658459
-1.92319e-10
-2.10036e-10
1.88611e-10
-9.79499e-11
-0.605981
-0.605981
-4.44089e-16
5.82867e-16
-4.44089e-16
5.82867e-16
0.401136
0.401136
-2.45414e-11
2.92897e-11
6.75608e-12
3.51082e-12
-0.344958
-0.344958
-4.44089e-16
5.82867e-16
-4.44089e-16
5.82867e-16
0.532318
0.532318
2.15802e-10
-3.94821e-11
4.85251e-11
-6.12284e-12
-0.490775
-0.490775
-4.44089e-16
5.82867e-16
-4.44089e-16
5.82867e-16
0.658459
0.658459
-6.78023e-10
1.31287e-09
-6.36956e-10
-8.88248e-11
-0.605981
-0.605981
-1.24317e-10
2.12231e-10
-1.08578e-10
2.45141e-11
4.44089e-16
-5.82867e-16
4.44089e-16
-5.82867e-16
0.401203
0.401203
1.32145e-10
-6.45635e-12
1.72313e-11
-1.06461e-10
-0.3451
-0.3451
-6.96105e-11
1.66653e-11
-1.18375e-10
1.7996e-10
4.44089e-16
-5.82867e-16
4.44089e-16
-5.82867e-16
0.532343
0.532343
-2.8536e-11
-2.42255e-11
8.40043e-11
4.38723e-11
-0.490808
-0.490808
-2.25044e-10
-2.87697e-11
-1.03637e-10
-3.53086e-11
4.44089e-16
-5.82867e-16
4.44089e-16
-5.82867e-16
0.658459
0.658459
-7.41e-10
-7.05933e-11
3.23991e-10
5.27421e-11
-0.605989
-0.605989
-3.1899e-11
-3.43419e-11
5.84829e-11
1.20587e-10
0.401203
0.401203
1.22802e-10
-1.90539e-10
1.18449e-11
-1.33345e-11
-0.3451
-0.3451
-2.04892e-11
-7.01573e-11
3.95289e-13
8.32494e-11
0.532343
0.532343
1.9975e-10
-1.64379e-10
7.21211e-12
-3.63582e-11
-0.490808
-0.490808
-6.9188e-10
-1.48707e-10
2.50889e-10
-5.41076e-11
0.658459
0.658459
7.34261e-10
-6.11318e-10
7.30618e-11
-7.04455e-11
-0.605989
-0.605989
-4.44089e-16
5.82867e-16
-4.44089e-16
5.82867e-16
0.401203
0.401203
1.54431e-11
-3.89735e-11
-3.03134e-11
4.61133e-11
-0.3451
-0.3451
-4.44089e-16
5.82867e-16
-4.44089e-16
5.82867e-16
0.532343
0.532343
5.61264e-11
1.46046e-10
-6.42302e-11
-1.19786e-10
-0.490808
-0.490808
-4.44089e-16
5.82867e-16
-4.44089e-16
5.82867e-16
0.658459
0.658459
-1.66006e-09
2.54945e-09
-1.19844e-09
-2.1433e-10
-0.605989
-0.605989
8.35148e-11
1.17878e-10
0.344897
0.344897
-1.18281e-10
1.39944e-10
-1.53456e-10
1.44097e-10
4.44089e-16
-5.82867e-16
4.44089e-16
-5.82867e-16
0.40114
0.40114
1.52677e-10
2.06725e-11
-7.58567e-11
-6.57229e-11
0.490761
0.490761
-1.07044e-10
3.56271e-11
-3.80341e-11
1.28644e-10
4.44089e-16
-5.82867e-16
4.44089e-16
-5.82867e-16
0.532321
0.532321
7.18875e-11
-4.07334e-12
7.04243e-10
9.76049e-12
0.605977
0.605977
5.27654e-10
-4.67923e-11
-1.39716e-10
1.84132e-10
4.44089e-16
-5.82867e-16
4.44089e-16
-5.82867e-16
0.658459
0.658459
1.82396e-09
-1.27611e-09
-1.32341e-11
1.84286e-10
0.344897
0.344897
2.15762e-11
1.53114e-10
-1.09233e-10
2.05818e-10
0.40114
0.40114
2.03644e-11
1.60211e-11
-1.15579e-10
5.74555e-11
0.490761
0.490761
-6.1039e-11
7.10166e-11
-5.19712e-11
7.60065e-11
0.532321
0.532321
1.05925e-10
-7.08754e-11
1.15867e-10
-5.08628e-11
0.605977
0.605977
-6.90881e-10
-6.91476e-11
3.31485e-10
1.23042e-10
0.658459
0.658459
6.42125e-10
-2.08478e-10
1.12087e-10
4.69002e-11
0.344897
0.344897
-4.44089e-16
5.82867e-16
-4.44089e-16
5.82867e-16
0.40114
0.40114
6.14065e-11
-3.00343e-11
1.07528e-10
1.16493e-10
0.490761
0.490761
-4.44089e-16
5.82867e-16
-4.44089e-16
5.82867e-16
0.532321
0.532321
1.06278e-10
9.0635e-11
5.82434e-11
1.88423e-10
0.605977
0.605977
-4.44089e-16
5.82867e-16
-4.44089e-16
5.82867e-16
0.658459
0.658459
-1.14928e-09
2.22502e-09
1.26087e-10
-1.03026e-10
0.34493
0.34493
-6.02662e-11
6.86026e-11
-2.99935e-11
9.27745e-11
4.44089e-16
-5.82867e-16
4.44089e-16
-5.82867e-16
0.401135
0.401135
4.72799e-11
-9.63453e-11
-1.26633e-10
-7.88164e-11
0.490769
0.490769
-1.45065e-10
6.5229e-11
-1.14415e-10
6.64551e-11
4.44089e-16
-5.82867e-16
4.44089e-16
-5.82867e-16
0.532318
0.532318
-1.03929e-11
-1.02773e-10
5.12947e-10
2.8166e-11
0.60598
0.60598
3.15575e-10
-1.64689e-10
2.70079e-11
-1.08063e-11
4.44089e-16
-5.82867e-16
4.44089e-16
-5.82867e-16
0.658459
0.658459
2.07912e-09
-2.36302e-09
1.11446e-10
7.0528e-11
0.34493
0.34493
7.79152e-11
1.49632e-10
-1.57302e-10
5.68684e-11
0.401135
0.401135
1.3697e-10
-1.53275e-10
2.4338e-11
-2.80522e-10
0.490769
0.490769
6.72039e-11
-8.61051e-11
-1.46032e-10
-8.23345e-11
0.532318
0.532318
-9.18197e-11
-1.20368e-10
1.10184e-10
-3.79548e-11
0.60598
0.60598
-2.29687e-10
-5.54371e-11
-2.7935e-10
-2.90155e-10
0.658459
0.658459
7.13858e-10
-9.12832e-10
1.65847e-11
5.33163e-11
0.34493
0.34493
-4.44089e-16
5.82867e-16
-4.44089e-16
5.82867e-16
0.401135
0.401135
-5.3562e-12
-4.6038e-11
1.0152e-10
-1.43827e-10
0.490769
0.490769
-4.44089e-16
5.82867e-16
-4.44089e-16
5.82867e-16
0.532318
0.532318
-1.61724e-10
-1.54888e-10
-4.35015e-10
-1.54917e-11
0.60598
0.60598
-4.44089e-16
5.82867e-16
-4.44089e-16
5.82867e-16
0.658459
0.658459
-2.19614e-09
1.18615e-09
3.63539e-11
-9.7279e-11
0.3451
0.3451
-1.77958e-11
-7.78754e-11
4.53717e-13
-1.32405e-10
4.44089e-16
-5.82867e-16
4.44089e-16
-5.82867e-16
0.401201
0.401201
-4.55805e-11
-1.33711e-10
6.79043e-13
-9.4585e-11
0.490808
0.490808
-4.85711e-11
-7.60489e-11
1.66668e-12
-1.49831e-10
4.44089e-16
-5.82867e-16
4.44089e-16
-5.82867e-16
0.532341
0.532341
3.63384e-11
-1.06022e-10
2.80256e-10
-3.21138e-11
0.605989
0.605989
2.28028e-10
1.63312e-11
-6.10204e-11
-2.21359e-11
4.44089e-16
-5.82867e-16
4.44089e-16
-5.82867e-16
0.658459
0.658459
1.28828e-09
-1.65463e-09
-4.80582e-11
8.73687e-11
0.3451
0.3451
6.69367e-11
-2.46991e-11
-2.57868e-11
-4.34106e-12
0.401201
0.401201
1.05956e-10
-2.40105e-10
-6.00193e-11
-7.54057e-11
0.490808
0.490808
2.38716e-11
-9.48678e-11
5.52644e-11
-4.66467e-11
0.532341
0.532341
-4.46665e-11
2.6092e-11
2.85629e-10
4.47375e-11
0.605989
0.605989
-2.56461e-10
-8.05745e-11
-1.13337e-10
4.1685e-11
0.658459
0.658459
3.64868e-10
-1.3368e-10
-2.8326e-12
5.58007e-11
0.3451
0.3451
-4.44089e-16
5.82867e-16
-4.44089e-16
5.82867e-16
0.401201
0.401201
1.46026e-11
-5.97392e-11
-6.62935e-11
-5.02256e-11
0.490808
0.490808
-4.44089e-16
5.82867e-16
-4.44089e-16
5.82867e-16
0.532341
0.532341
-1.38529e-10
1.68036e-11
-9.54508e-10
-1.52974e-10
0.605989
0.605989
-4.44089e-16
5.82867e-16
-4.44089e-16
5.82867e-16
0.658459
0.658459
-1.83729e-09
1.05362e-09
-4.44089e-16
5.82867e-16
-4.44089e-16
5.82867e-16
-0.658459
-0.658459
-1.95374e-09
2.71041e-09
-5.54292e-10
-9.73204e-11
5.5713e-11
2.40885e-10
0.532343
0.532343
-7.08876e-11
1.85749e-10
2.4958e-10
1.49572e-09
-0.605981
-0.605981
-4.44089e-16
5.82867e-16
-4.44089e-16
5.82867e-16
-5.89322e-11
-5.29511e-11
1.05675e-10
3.71494e-11
0.401203
0.401203
5.61037e-11
-2.73821e-12
-6.99372e-11
2.44425e-10
-0.490775
-0.490775
-4.44089e-16
5.82867e-16
-4.44089e-16
5.82867e-16
-1.51618e-10
7.32026e-11
-1.64738e-10
1.9829e-10
-1.4185e-10
1.8158e-10
-0.344958
-0.344958
-0.658459
-0.658459
7.95757e-10
-3.2937e-10
-6.64828e-11
-2.76307e-12
7.2831e-12
-2.00976e-11
0.532343
0.532343
6.43973e-11
-8.8777e-12
5.26133e-11
2.00564e-11
-0.605981
-0.605981
6.38959e-11
-3.63917e-10
1.14291e-10
-1.39499e-10
0.401203
0.401203
7.94323e-11
5.10956e-11
-8.98729e-12
6.30474e-11
-0.490775
-0.490775
9.05491e-11
4.81401e-11
-7.18092e-11
1.29089e-10
-4.34067e-11
1.81307e-10
-0.344958
-0.344958
-0.658459
-0.658459
3.16113e-10
2.96017e-10
4.44089e-16
-5.82867e-16
4.44089e-16
-5.82867e-16
0.532343
0.532343
-5.48495e-11
1.71176e-10
3.68328e-11
2.07409e-10
-0.605981
-0.605981
4.44089e-16
-5.82867e-16
4.44089e-16
-5.82867e-16
0.401203
0.401203
4.28318e-11
5.39096e-11
1.26346e-10
-1.48478e-11
-0.490775
-0.490775
4.44089e-16
-5.82867e-16
4.44089e-16
-5.82867e-16
8.33593e-11
3.7743e-11
-0.344958
-0.344958
-4.44089e-16
5.82867e-16
-4.44089e-16
5.82867e-16
-0.658459
-0.658459
-2.77267e-09
1.89281e-09
-3.95925e-11
-5.84149e-11
-5.16464e-10
2.85518e-10
0.532318
0.532318
-2.06839e-10
2.50303e-11
1.4238e-10
9.0381e-10
-0.605976
-0.605976
-4.44089e-16
5.82867e-16
-4.44089e-16
5.82867e-16
-7.91609e-11
-2.87083e-11
-2.4613e-10
4.88079e-11
0.401136
0.401136
-4.30957e-13
-5.14626e-11
-3.22682e-11
7.62258e-11
-0.490756
-0.490756
-4.44089e-16
5.82867e-16
-4.44089e-16
5.82867e-16
-1.66363e-10
5.19591e-11
-3.95667e-10
1.76467e-10
-7.66126e-11
5.18499e-11
-0.344871
-0.344871
-0.658459
-0.658459
4.31462e-10
1.676e-10
-1.4432e-09
-3.28474e-10
6.1971e-10
-1.75119e-10
0.532318
0.532318
4.39845e-11
4.68585e-12
1.47818e-10
4.7314e-10
-0.605976
-0.605976
-2.02395e-10
-2.50025e-10
4.02033e-11
-1.21297e-10
0.401136
0.401136
-9.06524e-11
-7.69609e-11
5.60459e-11
2.1222e-10
-0.490756
-0.490756
1.26421e-10
8.91033e-12
-9.63487e-11
-8.12848e-11
-1.15824e-10
9.99076e-11
-0.344871
-0.344871
-0.658459
-0.658459
-2.40652e-12
9.72033e-10
4.44089e-16
-5.82867e-16
4.44089e-16
-5.82867e-16
0.532318
0.532318
-2.21839e-11
7.33496e-11
3.17801e-10
8.44191e-10
-0.605976
-0.605976
4.44089e-16
-5.82867e-16
4.44089e-16
-5.82867e-16
0.401136
0.401136
-1.0066e-10
-9.42743e-13
2.53569e-11
2.36841e-10
-0.490756
-0.490756
4.44089e-16
-5.82867e-16
4.44089e-16
-5.82867e-16
-4.21567e-11
-4.06931e-11
-0.344871
-0.344871
-4.44089e-16
5.82867e-16
-4.44089e-16
5.82867e-16
-0.658459
-0.658459
-1.91954e-09
2.84575e-10
2.93941e-10
1.77691e-10
-6.19113e-10
-2.88855e-10
0.532318
0.532318
-1.44971e-10
-1.26831e-10
-1.97029e-10
-1.16784e-10
-0.605979
-0.605979
-4.44089e-16
5.82867e-16
-4.44089e-16
5.82867e-16
6.6657e-11
4.98394e-11
-8.10545e-12
-2.27047e-12
0.401136
0.401136
-4.46454e-11
5.99021e-11
-9.37167e-11
-1.47561e-10
-0.490772
-0.490772
-4.44089e-16
5.82867e-16
-4.44089e-16
5.82867e-16
-9.4795e-11
-3.97282e-11
2.14936e-11
1.25021e-10
-3.56182e-11
4.27062e-11
-0.344938
-0.344938
-0.658459
-0.658459
-1.05836e-09
8.20812e-10
-3.37719e-10
-2.33229e-10
-1.54252e-10
2.06917e-10
0.532318
0.532318
-1.23171e-10
1.36306e-11
4.83567e-11
4.51372e-10
-0.605979
-0.605979
-1.59944e-10
-1.26811e-10
6.79014e-11
1.01466e-10
0.401136
0.401136
8.05375e-11
8.92612e-11
2.79541e-11
-3.4077e-11
-0.490772
-0.490772
-5.97269e-11
1.5514e-10
-4.47092e-12
-2.72221e-11
1.31206e-10
1.87767e-11
-0.344938
-0.344938
-0.658459
-0.658459
-5.06973e-10
-9.90017e-10
4.44089e-16
-5.82867e-16
4.44089e-16
-5.82867e-16
0.532318
0.532318
-4.20035e-11
-4.26238e-11
1.17275e-10
-3.65261e-10
-0.605979
-0.605979
4.44089e-16
-5.82867e-16
4.44089e-16
-5.82867e-16
0.401136
0.401136
1.50349e-10
-4.37506e-11
1.25095e-10
-5.40293e-11
-0.490772
-0.490772
4.44089e-16
-5.82867e-16
4.44089e-16
-5.82867e-16
1.54687e-10
-1.34918e-11
-0.344938
-0.344938
5.46833e-11
-5.20278e-11
1.42856e-10
-9.71515e-11
-0.40114
-0.40114
-4.29007e-11
5.86156e-11
4.44089e-16
-5.82867e-16
4.44089e-16
-5.82867e-16
3.16648e-11
8.26279e-11
-0.344897
-0.344897
6.89879e-11
8.53391e-11
-1.53727e-10
-1.02098e-10
-0.532321
-0.532321
-9.46007e-11
-2.9165e-10
4.44089e-16
-5.82867e-16
4.44089e-16
-5.82867e-16
-1.67109e-10
-1.61191e-10
-0.490761
-0.490761
3.07797e-11
-4.37383e-11
-5.48971e-10
-2.11553e-10
-0.658459
-0.658459
1.19014e-09
-2.89439e-09
4.44089e-16
-5.82867e-16
4.44089e-16
-5.82867e-16
-2.29118e-10
-1.33411e-09
-0.605977
-0.605977
6.47997e-11
-1.25905e-10
-3.9868e-11
-3.81961e-12
-0.40114
-0.40114
-7.81768e-11
1.78481e-11
-3.35689e-11
1.77121e-10
-0.344897
-0.344897
-5.33832e-11
3.24812e-11
-1.42093e-10
1.82066e-10
-0.532321
-0.532321
-1.18196e-10
-6.79984e-12
-1.77637e-10
1.11985e-10
-0.490761
-0.490761
-5.96241e-11
1.76311e-10
4.40601e-10
7.80575e-11
-0.658459
-0.658459
-1.05115e-09
7.62196e-10
6.77533e-11
2.74701e-10
-0.605977
-0.605977
-4.44089e-16
5.82867e-16
-4.44089e-16
5.82867e-16
-0.40114
-0.40114
-2.84712e-11
-4.16427e-11
-7.94879e-11
-2.51242e-11
-0.344897
-0.344897
-4.44089e-16
5.82867e-16
-4.44089e-16
5.82867e-16
-0.532321
-0.532321
1.21394e-10
8.41874e-11
3.41996e-12
3.29733e-11
-0.490761
-0.490761
-4.44089e-16
5.82867e-16
-4.44089e-16
5.82867e-16
-0.658459
-0.658459
4.04743e-11
8.51207e-10
9.43844e-12
3.66336e-10
-0.605977
-0.605977
-1.49069e-11
1.67266e-12
4.76535e-11
7.25016e-11
-0.401135
-0.401135
-1.06474e-10
8.29252e-11
4.44089e-16
-5.82867e-16
4.44089e-16
-5.82867e-16
1.54087e-10
7.57085e-11
-0.34493
-0.34493
4.27712e-11
3.56305e-11
8.46123e-11
1.25704e-10
-0.532318
-0.532318
2.55935e-10
-7.3699e-12
4.44089e-16
-5.82867e-16
4.44089e-16
-5.82867e-16
2.18652e-11
-7.74557e-11
-0.490769
-0.490769
1.18205e-10
5.02141e-11
2.66989e-10
5.77498e-11
-0.658459
-0.658459
2.37793e-09
-1.21763e-09
4.44089e-16
-5.82867e-16
4.44089e-16
-5.82867e-16
-5.77742e-12
-6.44177e-10
-0.60598
-0.60598
-2.71624e-11
4.03221e-11
-1.09369e-10
-4.41531e-13
-0.401135
-0.401135
6.39018e-11
-4.80211e-11
1.39998e-10
1.38735e-12
-0.34493
-0.34493
1.06174e-10
3.7297e-11
2.76808e-11
2.80097e-11
-0.532318
-0.532318
1.24317e-10
-1.03339e-10
7.6234e-11
-1.356e-10
-0.490769
-0.490769
-2.16809e-13
1.19325e-10
1.58321e-10
2.92364e-11
-0.658459
-0.658459
7.24762e-11
-6.7406e-10
3.5755e-11
-3.12529e-10
-0.60598
-0.60598
-4.44089e-16
5.82867e-16
-4.44089e-16
5.82867e-16
-0.401135
-0.401135
9.97265e-11
1.49121e-11
1.20844e-10
5.66175e-11
-0.34493
-0.34493
-4.44089e-16
5.82867e-16
-4.44089e-16
5.82867e-16
-0.532318
-0.532318
6.63062e-11
1.13324e-10
1.29559e-10
-2.80492e-11
-0.490769
-0.490769
-4.44089e-16
5.82867e-16
-4.44089e-16
5.82867e-16
-0.658459
-0.658459
-1.00195e-09
1.8538e-09
1.40695e-10
9.08687e-10
-0.60598
-0.60598
-3.73672e-11
6.44881e-11
-1.1997e-10
-1.35078e-10
-0.401201
-0.401201
-1.98103e-10
1.25933e-10
4.44089e-16
-5.82867e-16
4.44089e-16
-5.82867e-16
-2.44869e-11
7.36294e-12
-1.98603e-10
8.63551e-11
-0.532341
-0.532341
1.51918e-11
-1.58856e-10
4.44089e-16
-5.82867e-16
4.44089e-16
-5.82867e-16
-4.85024e-11
-4.3349e-10
-3.76975e-10
7.29032e-11
-0.658459
-0.658459
1.46764e-09
-1.33714e-09
4.44089e-16
-5.82867e-16
4.44089e-16
-5.82867e-16
-1.40204e-11
1.99299e-10
1.34995e-11
1.70631e-10
-0.401201
-0.401201
-5.05875e-11
-1.023e-10
-9.55996e-11
-4.923e-12
-6.7483e-11
1.41886e-10
-0.532341
-0.532341
1.55381e-11
-7.75878e-11
-8.26829e-12
5.12895e-12
-1.60146e-10
2.73443e-10
-0.658459
-0.658459
7.44324e-11
1.39307e-10
-4.44089e-16
5.82867e-16
-4.44089e-16
5.82867e-16
-0.401201
-0.401201
-2.0075e-11
-6.83006e-11
-4.44089e-16
5.82867e-16
-4.44089e-16
5.82867e-16
-0.532341
-0.532341
-1.29766e-10
1.24493e-10
-4.44089e-16
5.82867e-16
-4.44089e-16
5.82867e-16
-0.658459
-0.658459
-2.38598e-09
2.74492e-09
-5.67514e-12
-1.12271e-11
1.23048e-11
-2.24769e-13
-0.12916
-0.12916
2.23838e-12
-7.54487e-12
2.80535e-12
7.95525e-12
-0.141571
-0.141571
-4.68396e-13
-3.23723e-11
5.59223e-12
-5.09446e-12
-0.202112
-0.202112
2.73944e-11
2.84942e-11
-6.6104e-12
-1.33603e-11
-0.146609
-0.146609
8.01409e-11
3.32787e-11
1.12229e-12
1.76587e-12
-0.211496
-0.211496
-2.01219e-11
-3.08024e-11
-2.28999e-11
1.65476e-11
-0.202698
-0.202698
4.55688e-12
-1.13224e-11
1.07736e-11
7.00259e-12
-0.0843323
-0.0843323
-1.11235e-11
9.93315e-13
-9.98997e-13
7.81022e-12
-0.115571
-0.115571
-5.16794e-12
-1.22306e-12
-3.81652e-12
2.56614e-12
-0.0442247
-0.0442247
1.92119e-12
5.79301e-12
9.76632e-12
1.75334e-11
-0.0722506
-0.0722506
8.61268e-13
1.49431e-12
1.61541e-12
-7.70679e-12
-0.0385915
-0.0385915
-1.15854e-11
6.80508e-12
-3.60792e-12
8.27358e-12
-0.0687191
-0.0687191
-1.26712e-11
-3.00923e-12
-1.81692e-11
5.78143e-12
-0.12916
-0.12916
2.70121e-12
-9.41486e-12
5.71217e-12
-4.90941e-12
-0.141571
-0.141571
3.80206e-11
3.27911e-12
-6.87336e-12
-1.95744e-12
-0.202112
-0.202112
2.07492e-11
-1.05334e-11
-5.48179e-13
-1.5401e-11
-0.146609
-0.146609
3.38015e-11
-5.05719e-11
4.99396e-12
-1.16246e-11
-0.211496
-0.211496
2.85472e-12
1.58811e-11
7.71684e-12
1.22974e-11
-0.202698
-0.202698
-3.42061e-12
5.06972e-12
9.82445e-12
-8.53406e-13
-0.0843323
-0.0843323
-1.09175e-11
-5.12991e-12
-4.57555e-13
2.49928e-13
-0.115571
-0.115571
9.10274e-12
-7.5985e-12
-2.79156e-12
-4.39387e-12
-0.0442247
-0.0442247
-3.45379e-12
-2.9499e-12
2.49338e-12
-9.69516e-13
-0.0722506
-0.0722506
-4.87431e-12
3.99053e-12
-1.54016e-12
4.92346e-12
-0.0385915
-0.0385915
-1.36528e-11
-2.88424e-12
-6.34138e-12
3.40072e-12
-0.0687191
-0.0687191
-1.52171e-11
-9.55768e-12
-1.1471e-11
-1.14033e-11
-0.12916
-0.12916
1.01795e-11
-1.72286e-11
1.65898e-11
-1.48261e-11
-0.141571
-0.141571
-3.68468e-12
-8.54196e-12
5.09811e-12
-1.07523e-11
-0.202112
-0.202112
9.93737e-12
3.86759e-11
7.37845e-12
9.74528e-12
-0.146609
-0.146609
4.78553e-11
9.53161e-11
1.19102e-12
7.81857e-12
-0.211496
-0.211496
-3.28958e-11
-5.33594e-11
-7.98261e-12
2.42942e-12
-0.202698
-0.202698
1.28327e-11
-7.86414e-12
2.33089e-12
5.44328e-12
-0.0843323
-0.0843323
4.7764e-12
2.20101e-12
-1.12466e-11
-4.11165e-12
-0.115571
-0.115571
-1.99882e-11
-2.99128e-12
-1.06234e-11
-1.22069e-11
-0.0442247
-0.0442247
-2.8469e-12
4.27087e-12
1.23421e-11
2.07704e-11
-0.0722506
-0.0722506
1.85291e-12
1.0133e-11
-2.23772e-13
-2.29364e-11
-0.0385915
-0.0385915
-3.01966e-11
-2.12172e-12
-9.41497e-12
-7.37409e-12
-0.0687191
-0.0687191
-1.49179e-12
6.50544e-12
-1.55926e-11
-1.59547e-12
-0.0667945
-0.0667945
2.69503e-12
-6.68376e-12
8.97232e-12
-8.96212e-12
-0.037983
-0.037983
1.20051e-11
1.61089e-11
2.0011e-13
-2.95231e-12
-0.0429808
-0.0429808
6.43042e-12
8.04791e-12
1.63078e-12
8.28866e-12
-0.122884
-0.122884
-6.24755e-12
7.03799e-12
-4.20283e-12
3.63284e-12
-0.119661
-0.119661
6.8828e-12
5.12005e-12
-2.49038e-12
-8.21482e-13
-0.20217
-0.20217
1.14114e-11
-2.77559e-11
-1.31626e-12
-1.48915e-11
-0.146636
-0.146636
-6.58916e-11
-4.95925e-11
-3.80022e-12
-3.07058e-12
-0.211514
-0.211514
1.3843e-11
8.35088e-11
2.66841e-11
-1.64708e-12
-0.202638
-0.202638
-7.17064e-12
7.69917e-12
-1.06884e-12
5.11655e-12
-0.0991628
-0.0991628
-9.7584e-12
-6.03171e-12
-3.29733e-12
1.81709e-12
-0.138417
-0.138417
3.01547e-12
-1.12569e-11
4.17171e-12
-1.30983e-11
-0.0702803
-0.0702803
9.85595e-14
-4.41918e-12
-6.46005e-12
-4.08649e-12
-0.0667945
-0.0667945
9.68001e-12
7.32754e-12
2.60307e-12
7.25076e-12
-0.037983
-0.037983
9.87368e-12
-9.45705e-12
4.88345e-12
4.05905e-12
-0.0429808
-0.0429808
1.20502e-11
1.81273e-12
1.72684e-11
1.66681e-11
-0.122884
-0.122884
2.11091e-11
1.33764e-11
2.58232e-12
4.77094e-12
-0.119661
-0.119661
-1.90192e-11
-1.68146e-11
2.81573e-11
1.43837e-11
-0.20217
-0.20217
9.58357e-12
-1.93299e-11
-1.78945e-12
-1.44681e-11
-0.146636
-0.146636
3.57279e-12
-5.71719e-11
6.13487e-12
-8.61275e-12
-0.211514
-0.211514
-3.91744e-12
3.12254e-11
2.23866e-11
1.14386e-11
-0.202638
-0.202638
1.66517e-12
1.30255e-13
-7.42144e-12
-1.52628e-11
-0.0991628
-0.0991628
2.9109e-12
-1.05215e-11
-8.59129e-12
5.64488e-12
-0.138417
-0.138417
-3.6576e-13
2.58993e-13
6.63552e-12
-4.57814e-13
-0.0702803
-0.0702803
-1.36232e-11
-1.33531e-12
-3.5801e-12
8.12519e-12
-0.0667945
-0.0667945
-1.23151e-11
-1.33393e-11
-1.35076e-11
-4.3901e-12
-0.037983
-0.037983
8.58576e-12
8.3373e-12
-4.89573e-12
2.19148e-12
-0.0429808
-0.0429808
-1.16301e-11
-8.06779e-12
2.18063e-12
-9.45657e-12
-0.122884
-0.122884
-1.02507e-11
-1.40161e-11
2.07642e-12
-4.94113e-13
-0.119661
-0.119661
2.57517e-11
-1.29417e-11
-6.59894e-12
-7.94509e-12
-0.20217
-0.20217
-2.82952e-11
7.27917e-12
-6.06811e-12
4.90318e-12
-0.146636
-0.146636
-4.59464e-11
4.92867e-13
6.01904e-12
-7.14456e-12
-0.211514
-0.211514
1.80773e-12
-1.82415e-11
-2.02399e-12
-4.81621e-11
-0.202638
-0.202638
9.06593e-12
1.7582e-11
-4.38907e-11
1.35542e-11
-0.0991628
-0.0991628
2.52644e-11
4.79027e-12
1.87966e-11
-3.85757e-11
-0.138417
-0.138417
-3.33843e-12
4.49176e-11
-2.03464e-11
-1.74674e-11
-0.0702803
-0.0702803
-6.20111e-12
-3.1814e-12
4.3532e-12
-1.51272e-11
-0.12916
-0.12916
-5.09031e-12
2.99845e-12
8.01612e-12
6.97485e-12
-0.141571
-0.141571
1.63338e-11
-2.4895e-11
-1.03348e-11
-9.92266e-12
-0.202112
-0.202112
3.2326e-12
1.55322e-11
-1.65053e-12
4.84923e-12
-0.146609
-0.146609
4.3383e-11
4.47319e-11
-1.89833e-12
1.61336e-11
-0.211496
-0.211496
-2.63421e-11
-3.56355e-11
-1.16835e-11
2.02374e-11
-0.202698
-0.202698
8.71898e-12
-2.58551e-11
1.23382e-11
-6.98902e-12
-0.0843323
-0.0843323
-1.36308e-11
-1.12442e-11
1.68842e-12
1.03225e-12
-0.115571
-0.115571
-1.13172e-11
1.1183e-11
-1.64475e-12
2.2443e-12
-0.0442247
-0.0442247
3.64332e-12
3.90821e-13
4.39289e-12
3.17873e-12
-0.0722506
-0.0722506
-7.51843e-12
-1.17993e-12
4.36551e-12
-1.46012e-11
-0.0385915
-0.0385915
4.73034e-12
1.12632e-11
7.99754e-13
-8.9607e-12
-0.0687191
-0.0687191
-7.78149e-12
-2.98602e-12
5.86841e-12
3.41359e-12
-0.12916
-0.12916
1.36314e-12
-4.73821e-12
4.71505e-12
9.93488e-13
-0.141571
-0.141571
2.81838e-12
-2.15957e-11
-8.16524e-13
-2.57087e-12
-0.202112
-0.202112
-8.20279e-12
-5.4379e-12
-4.57712e-12
2.87264e-12
-0.146609
-0.146609
-1.49097e-11
-1.00801e-11
-7.19193e-12
-4.92557e-12
-0.211496
-0.211496
1.19926e-11
-6.33124e-12
-1.8247e-11
-2.14599e-11
-0.202698
-0.202698
2.14849e-12
2.3297e-11
-1.04831e-11
-1.15248e-12
-0.0843323
-0.0843323
1.42254e-11
3.25404e-11
2.06958e-12
1.94776e-12
-0.115571
-0.115571
6.14345e-12
4.12705e-12
4.07298e-13
7.96052e-12
-0.0442247
-0.0442247
-6.0289e-13
-2.20759e-12
1.49893e-11
7.0236e-12
-0.0722506
-0.0722506
-4.80435e-12
-5.12636e-12
-2.12443e-12
-1.9307e-12
-0.0385915
-0.0385915
-5.27708e-12
-5.24462e-12
7.00818e-12
3.82446e-12
-0.0687191
-0.0687191
-6.29904e-12
2.23418e-12
1.87039e-12
1.64457e-11
-0.12916
-0.12916
4.03048e-12
-1.37611e-11
5.84112e-13
-3.53505e-12
-0.141571
-0.141571
-2.5342e-11
-9.24513e-12
4.17839e-12
-1.42368e-12
-0.202112
-0.202112
-4.71484e-12
5.20919e-12
1.23802e-11
4.78088e-12
-0.146609
-0.146609
-3.74408e-12
4.20513e-11
-5.25657e-12
9.25854e-12
-0.211496
-0.211496
-4.0143e-12
-2.40779e-11
-1.74695e-11
2.49014e-12
-0.202698
-0.202698
1.83561e-11
6.40079e-12
-5.89332e-12
-1.23967e-11
-0.0843323
-0.0843323
9.52692e-12
9.11929e-12
-2.24162e-13
5.3825e-12
-0.115571
-0.115571
9.14824e-13
1.02453e-11
4.56658e-12
-9.1391e-13
-0.0442247
-0.0442247
5.4259e-12
1.43738e-11
1.17e-11
1.95719e-11
-0.0722506
-0.0722506
1.67144e-11
5.93051e-12
2.79155e-12
-1.43852e-11
-0.0385915
-0.0385915
-1.55097e-11
-6.3796e-12
4.43868e-13
2.68592e-12
-0.0687191
-0.0687191
-1.45368e-12
1.25728e-11
-9.80113e-12
1.97548e-12
-0.0667945
-0.0667945
-1.42547e-11
-2.84004e-12
-1.39885e-12
-3.17851e-12
-0.037983
-0.037983
1.92513e-12
1.61512e-11
-5.86526e-12
-1.00759e-11
-0.0429808
-0.0429808
-1.02316e-11
-3.53528e-12
-5.44741e-12
9.43105e-12
-0.122884
-0.122884
-5.65055e-12
-3.29038e-12
2.46278e-12
-1.16078e-12
-0.119661
-0.119661
-1.16313e-11
-6.92124e-12
-1.08823e-11
-7.623e-12
-0.20217
-0.20217
8.76041e-13
-3.43592e-11
2.8742e-12
-1.75536e-11
-0.146636
-0.146636
-6.87625e-11
-2.07408e-11
2.51105e-12
-1.49771e-11
-0.211514
-0.211514
2.7911e-11
7.67706e-11
2.86026e-11
-4.17476e-12
-0.202638
-0.202638
5.64851e-12
1.28542e-11
3.86465e-12
-6.35213e-12
-0.0991628
-0.0991628
1.01044e-11
3.14594e-12
-5.90931e-12
-7.98666e-13
-0.138417
-0.138417
-1.94041e-12
-2.0662e-13
-4.69058e-12
5.75592e-12
-0.0702803
-0.0702803
4.31919e-12
-4.09454e-12
5.91555e-12
-6.85372e-12
-0.0667945
-0.0667945
4.35246e-12
1.75067e-11
9.20841e-13
2.09608e-11
-0.037983
-0.037983
-1.01142e-11
-1.66283e-11
-7.10936e-13
1.0479e-11
-0.0429808
-0.0429808
4.54772e-12
3.5933e-12
-1.4563e-12
1.96253e-13
-0.122884
-0.122884
-1.61793e-11
3.23017e-12
-1.37548e-11
-5.707e-12
-0.119661
-0.119661
8.27724e-12
2.17149e-11
9.70718e-12
-9.25557e-12
-0.20217
-0.20217
9.44783e-12
-8.10534e-12
2.16037e-11
-8.63207e-12
-0.146636
-0.146636
-1.82963e-11
3.02853e-11
1.26488e-11
2.01317e-11
-0.211514
-0.211514
-1.03985e-11
1.56028e-11
2.83743e-11
3.13174e-11
-0.202638
-0.202638
1.55936e-12
-7.30015e-12
7.81816e-12
-3.32438e-12
-0.0991628
-0.0991628
-2.21223e-12
-1.79447e-11
-1.09899e-11
6.92241e-12
-0.138417
-0.138417
-6.23037e-13
-1.59879e-12
5.35494e-12
7.66691e-12
-0.0702803
-0.0702803
-1.46179e-11
-6.45084e-12
-2.09482e-12
6.50762e-12
-0.0667945
-0.0667945
-6.60751e-12
-1.03591e-11
-3.98703e-12
1.52125e-12
-0.037983
-0.037983
-3.87917e-12
-6.5841e-12
5.38935e-13
-5.17117e-14
-0.0429808
-0.0429808
-1.03478e-11
-4.23002e-12
-8.84403e-12
-1.98815e-11
-0.122884
-0.122884
-2.11638e-11
-9.95532e-12
-1.08828e-11
-1.12063e-11
-0.119661
-0.119661
3.54189e-11
1.49046e-11
-1.81097e-11
-1.70103e-11
-0.20217
-0.20217
-3.16024e-11
1.66945e-11
-1.08557e-11
9.22609e-12
-0.146636
-0.146636
-2.11987e-11
2.53467e-11
-2.6441e-12
5.50165e-12
-0.211514
-0.211514
-5.03969e-12
-5.31677e-11
-1.72321e-11
-4.73539e-11
-0.202638
-0.202638
7.64256e-12
1.06808e-11
-4.62274e-11
1.99104e-11
-0.0991628
-0.0991628
3.26325e-11
9.31753e-12
1.94676e-11
-3.53022e-11
-0.138417
-0.138417
-2.70081e-12
3.16488e-11
-2.41203e-11
-2.04052e-11
-0.0702803
-0.0702803
-2.57166e-11
-1.79639e-11
-0.331056
-0.331056
2.37676e-11
6.67304e-11
-5.26564e-11
6.05053e-12
-0.470266
-0.470266
4.07474e-11
-5.83216e-11
-5.97991e-10
-1.52439e-10
-0.599429
-0.599429
1.69065e-10
-2.64734e-11
-6.4358e-11
1.0679e-10
-0.331056
-0.331056
-2.45558e-11
-5.05737e-12
-2.33089e-11
6.81537e-11
-0.470266
-0.470266
-3.0982e-11
-3.62609e-11
2.78639e-10
1.14642e-10
-0.599429
-0.599429
-3.95633e-10
2.59041e-10
1.34697e-10
4.49327e-11
-0.331056
-0.331056
7.54914e-11
-6.55246e-11
2.01103e-11
6.09838e-11
-0.470266
-0.470266
-1.24546e-10
7.16129e-11
6.45752e-10
1.59419e-10
-0.599429
-0.599429
-4.27769e-10
2.24953e-10
-4.64279e-11
-1.06077e-11
-0.331039
-0.331039
-3.26422e-11
5.93572e-11
-3.97436e-12
6.20086e-11
-0.470264
-0.470264
5.52588e-11
1.12012e-11
-4.07306e-11
-6.66811e-11
-0.599429
-0.599429
-1.65302e-10
5.10202e-11
-2.73947e-11
6.70547e-11
-0.331039
-0.331039
8.53406e-11
9.64114e-11
-5.5169e-11
4.06517e-11
-0.470264
-0.470264
1.14997e-10
8.45643e-11
-5.07076e-11
-8.41366e-13
-0.599429
-0.599429
2.73677e-11
6.49313e-12
-2.39036e-11
3.83208e-11
-0.331039
-0.331039
1.13596e-12
5.54925e-11
-4.56373e-12
-1.74336e-12
-0.470264
-0.470264
1.05567e-10
2.1242e-11
4.00414e-10
7.58237e-11
-0.599429
-0.599429
9.11098e-11
2.08844e-10
8.00922e-13
-9.35053e-11
-0.331081
-0.331081
-2.73711e-11
2.06869e-11
2.58845e-11
7.47583e-11
-0.470304
-0.470304
-4.25647e-11
3.26747e-11
2.10351e-10
7.52144e-11
-0.59944
-0.59944
-2.55211e-10
6.44415e-12
-7.62194e-11
-1.0305e-10
-0.331081
-0.331081
-2.40861e-11
-8.51041e-11
-8.0427e-11
8.06973e-11
-0.470304
-0.470304
7.12245e-12
-7.13558e-11
-2.6846e-10
-1.10505e-10
-0.59944
-0.59944
2.4951e-10
-2.32398e-10
1.72149e-11
-9.68983e-12
-0.331081
-0.331081
2.87029e-11
-8.33082e-11
-2.59382e-11
1.69215e-11
-0.470304
-0.470304
-1.28879e-11
1.02614e-10
6.84647e-10
2.95706e-11
-0.59944
-0.59944
-1.85883e-10
5.42664e-10
-1.71769e-11
8.2122e-11
-0.331059
-0.331059
5.0073e-11
3.98e-12
-6.61482e-11
2.32543e-12
-0.47027
-0.47027
8.52264e-11
5.25116e-12
-6.70398e-10
-1.63142e-10
-0.59943
-0.59943
3.56626e-10
-1.72465e-10
2.03493e-11
1.29227e-10
-0.331059
-0.331059
5.21156e-11
-2.05983e-11
-9.63981e-11
-3.41502e-11
-0.47027
-0.47027
1.1486e-10
-3.63179e-11
-3.03281e-10
-1.17612e-10
-0.59943
-0.59943
2.03746e-10
-4.88394e-11
4.57304e-11
2.08554e-11
-0.331059
-0.331059
-3.34129e-12
-7.72059e-11
3.66011e-11
1.38513e-10
-0.47027
-0.47027
3.59338e-11
9.8589e-11
1.07988e-09
1.97311e-10
-0.59943
-0.59943
-3.22548e-12
4.86111e-10
2.80604e-11
2.62271e-11
-0.331036
-0.331036
-4.65988e-11
-2.71178e-11
-1.49358e-10
-2.45053e-12
-0.470264
-0.470264
-3.22752e-11
-3.24074e-11
-1.01713e-09
-2.39616e-10
-0.599429
-0.599429
3.9637e-10
-5.04314e-10
-2.62373e-11
7.66474e-11
-0.331036
-0.331036
-2.71995e-12
-1.2227e-10
-1.44739e-10
1.00145e-10
-0.470264
-0.470264
-2.36149e-10
-8.50509e-11
-4.87278e-10
-1.37084e-10
-0.599429
-0.599429
6.15115e-11
-2.59316e-10
6.57834e-11
7.43011e-12
-0.331036
-0.331036
3.74623e-11
-3.55906e-15
1.25362e-10
-1.41642e-11
-0.470264
-0.470264
-1.28058e-10
-1.66465e-10
1.10134e-09
2.57907e-10
-0.599429
-0.599429
-5.57003e-10
1.89125e-11
-4.32862e-11
8.75349e-12
-0.331082
-0.331082
-1.29597e-10
3.41791e-11
-3.86749e-11
-1.34666e-10
-0.4703
-0.4703
3.93303e-13
-1.86704e-10
-6.65997e-10
-1.52428e-10
-0.599439
-0.599439
2.43867e-10
-3.86969e-10
-4.41896e-11
2.60733e-11
-0.331082
-0.331082
9.51342e-11
-8.03956e-11
-1.90604e-11
2.89301e-12
-0.4703
-0.4703
2.1724e-12
4.70996e-11
-4.67695e-11
9.72503e-13
-0.599439
-0.599439
1.91515e-11
4.74236e-11
4.56881e-12
4.18904e-11
-0.331082
-0.331082
2.08033e-11
-4.76359e-11
-4.39574e-11
6.3275e-11
-0.4703
-0.4703
-1.15982e-10
1.46135e-10
4.1586e-10
-1.0815e-11
-0.599439
-0.599439
-3.86433e-10
9.93181e-11
9.42505e-12
-4.92668e-10
-0.59944
-0.59944
-3.45315e-10
5.88783e-10
-7.26856e-11
8.13023e-11
-0.470304
-0.470304
-6.6591e-11
2.14366e-11
-5.68489e-12
1.26762e-11
-0.331081
-0.331081
5.3424e-11
-1.62249e-10
1.25127e-10
1.99908e-10
-0.59944
-0.59944
2.79419e-10
-1.0871e-10
2.154e-11
9.25817e-11
-0.470304
-0.470304
3.13647e-11
2.36317e-11
6.47876e-11
3.4809e-11
-0.331081
-0.331081
9.01738e-11
-9.01891e-11
3.83437e-11
6.59792e-11
-0.59944
-0.59944
-2.30127e-11
1.78112e-10
7.32082e-11
-6.34467e-11
-0.470304
-0.470304
1.30331e-11
1.13468e-10
4.39721e-12
7.29607e-11
-0.331081
-0.331081
-6.32077e-11
9.05121e-11
-5.2785e-12
-5.19293e-10
-0.599429
-0.599429
-6.25764e-10
3.04643e-10
-4.68294e-11
3.31268e-11
-0.470264
-0.470264
6.91619e-12
-3.48971e-11
5.41207e-11
1.84458e-11
-0.331039
-0.331039
1.50543e-10
-8.65044e-11
1.70164e-10
2.71695e-10
-0.599429
-0.599429
1.82998e-10
-1.43456e-11
-4.01773e-11
2.23449e-10
-0.470264
-0.470264
-1.16159e-10
1.9753e-11
8.86223e-11
5.8124e-12
-0.331039
-0.331039
8.0271e-11
-1.69921e-10
1.91529e-10
1.29876e-10
-0.599429
-0.599429
1.16143e-10
2.4047e-10
2.0367e-11
1.67958e-10
-0.470264
-0.470264
-1.93721e-10
1.58857e-11
-4.68172e-11
5.79327e-11
-0.331039
-0.331039
-1.18498e-10
9.73656e-11
-1.13662e-10
-4.67209e-10
-0.599429
-0.599429
-4.97565e-10
-1.60859e-10
-1.35915e-11
-4.80167e-11
-0.470266
-0.470266
-2.87071e-11
-2.93725e-11
-3.68939e-11
-5.79046e-11
-0.331056
-0.331056
7.06271e-11
-4.85878e-11
5.83028e-12
-2.01171e-10
-0.599429
-0.599429
-3.21647e-10
1.14517e-10
5.8096e-11
1.75386e-11
-0.470266
-0.470266
6.99483e-11
5.46798e-11
5.86429e-11
5.1221e-11
-0.331056
-0.331056
1.152e-10
1.14777e-10
1.82515e-10
4.82952e-10
-0.599429
-0.599429
-1.94767e-10
-1.58902e-10
-2.74242e-11
1.09902e-10
-0.470266
-0.470266
7.85543e-11
1.01577e-10
9.55647e-11
7.57775e-11
-0.331056
-0.331056
1.74388e-11
5.0356e-11
-6.37298e-12
8.85978e-11
-0.331059
-0.331059
-1.33383e-10
6.88607e-11
9.23765e-12
-8.10747e-12
-0.47027
-0.47027
-1.43519e-10
-1.22004e-10
1.32679e-10
6.45496e-10
-0.59943
-0.59943
2.92548e-11
-8.04926e-10
4.25108e-11
2.62815e-11
-0.331059
-0.331059
-6.72453e-11
-1.27429e-10
-1.92996e-12
-3.96032e-11
-0.47027
-0.47027
-9.86924e-11
-1.46191e-10
-6.5472e-11
-2.49736e-10
-0.59943
-0.59943
-2.97482e-10
1.75921e-10
-3.52382e-11
-6.05673e-12
-0.331059
-0.331059
1.96412e-11
-2.26533e-11
-2.94154e-11
-6.21191e-11
-0.47027
-0.47027
3.88072e-11
-6.96208e-12
-5.7011e-11
-2.78834e-10
-0.59943
-0.59943
2.41336e-10
1.87898e-10
-1.83162e-12
7.43149e-11
-0.331036
-0.331036
-9.49138e-11
6.91134e-11
-1.50914e-11
1.98371e-11
-0.470264
-0.470264
5.67885e-11
1.01422e-10
9.68105e-12
3.27437e-10
-0.599429
-0.599429
6.21198e-10
-1.18657e-10
1.11448e-10
3.19061e-11
-0.331036
-0.331036
1.97816e-10
-2.94618e-11
-1.73618e-11
6.23058e-12
-0.470264
-0.470264
2.10552e-10
2.5176e-11
6.15206e-11
1.97699e-10
-0.599429
-0.599429
1.15284e-10
-1.64797e-10
5.48917e-11
4.39068e-11
-0.331036
-0.331036
2.18568e-11
3.08525e-12
3.23265e-11
-2.01211e-11
-0.470264
-0.470264
1.17874e-10
1.10303e-10
-5.99428e-11
-4.43005e-10
-0.599429
-0.599429
-8.40118e-11
4.21953e-10
3.26942e-11
-4.10891e-11
-0.331082
-0.331082
-6.94021e-11
8.7348e-11
5.08357e-11
7.37323e-11
-0.4703
-0.4703
-1.50275e-10
1.70281e-11
5.07222e-11
5.75501e-10
-0.599439
-0.599439
1.7234e-10
-3.37721e-10
9.1407e-11
3.0647e-12
-0.331082
-0.331082
-4.96195e-11
-8.2562e-11
6.76816e-11
-6.39797e-11
-0.4703
-0.4703
-5.13333e-11
-1.28416e-10
-1.79688e-10
-2.8076e-11
-0.599439
-0.599439
-1.97858e-10
1.8538e-10
1.11846e-10
-2.44377e-11
-0.331082
-0.331082
6.57107e-11
-1.18094e-10
6.40514e-11
-5.20189e-11
-0.4703
-0.4703
-9.20696e-11
1.1519e-12
-1.75471e-10
-7.05149e-10
-0.599439
-0.599439
-6.01751e-10
6.85152e-10
