FiniteElementSpace
FiniteElementCollection: RT_3D_P1
VDim: 1
Ordering: 0

-8.64486e-14
1.23109e-12
-3.93118e-12
-1.2052e-12
0.00104208
0.00487543
0.00104208
0.00487543
0.0103153
0.00914162
0.0103153
0.00914162
-0.00351175
0.000871
-0.00351175
0.000871
0.00473609
0.00242265
0.00473609
0.00242265
0
0
0
0
-2.4439e-12
-2.62384e-12
-1.57009e-12
-1.11182e-12
-8.81593e-05
-0.000292637
-8.81593e-05
-0.000292637
0.0103113
0.0107258
0.0103113
0.0107258
0.00870029
0.0374901
0.00870029
0.0374901
0
0
0
0
-2.84372e-12
-3.99164e-12
-3.4548e-12
-2.57889e-12
0.149657
0.145808
0.149657
0.145808
0.00538889
0.0190205
0.00538889
0.0190205
0
0
0
0
8.13937e-12
5.01533e-12
9.96429e-12
2.08115e-12
0.0123508
0.00766956
0.0123508
0.00766956
0.0119727
0.00634908
0.0119727
0.00634908
-0.000468731
0.00768272
-0.000468731
0.00768272
0
0
0
0
8.51342e-12
7.48279e-13
5.84358e-12
3.86984e-12
0.147425
0.147548
0.147425
0.147548
-0.00651283
-0.0157323
-0.00651283
-0.0157323
0
0
0
0
9.43972e-12
1.43827e-11
1.53041e-12
1.10966e-11
0.141702
0.151589
0.141702
0.151589
-0.00333656
-0.0398863
-0.00333656
-0.0398863
0
0
0
0
2.82817e-12
6.7761e-12
3.38836e-12
1.02859e-11
0.00141886
-9.44854e-05
0.00141886
-9.44854e-05
0.000133417
-6.00275e-05
0.000133417
-6.00276e-05
0.00458966
0.00518603
0.00458966
0.00518603
0
0
0
0
4.20879e-12
8.31518e-12
4.99678e-12
5.30616e-12
0.000553169
-6.56419e-05
0.000553169
-6.56419e-05
0.0070062
0.00569165
0.0070062
0.00569165
0
0
0
0
2.0361e-12
2.19685e-12
1.0588e-12
1.39017e-12
6.28687e-05
-0.000173429
6.28687e-05
-0.000173429
-8.24063e-06
-8.35339e-05
-8.24063e-06
-8.35339e-05
0
0
0
0
1.1226e-12
4.27596e-12
9.62535e-13
1.52392e-12
0.00322008
0.00292353
0.00322008
0.00292353
0.00103798
0.00113676
0.00103798
0.00113676
0
0
0
0
1.71989e-12
1.16536e-12
1.44044e-12
1.34129e-12
2.63308e-05
-5.32238e-05
2.63308e-05
-5.32238e-05
-0.00424972
-0.00392374
-0.00424972
-0.00392374
0
0
0
0
1.73851e-12
1.73987e-12
1.98731e-12
1.39239e-12
0.000105337
-3.14818e-06
0.000105337
-3.14818e-06
0
0
0
0
-3.73205e-12
-2.50706e-12
-6.68154e-12
-3.05777e-12
0.00104208
0.00487543
0.00104208
0.00487543
0.0103153
0.00914162
0.0103153
0.00914162
-0.00351175
0.000871
-0.00351175
0.000871
0.00473609
0.00242265
0.00473609
0.00242265
-5.91382e-12
-4.92632e-12
-5.98041e-12
-7.90015e-12
-8.81593e-05
-0.000292637
-8.81593e-05
-0.000292637
0.0103113
0.0107258
0.0103113
0.0107258
0.00870029
0.0374901
0.00870029
0.0374901
-5.79503e-12
-6.57435e-12
-3.05329e-12
-6.45998e-12
0.149657
0.145808
0.149657
0.145808
0.00538889
0.0190205
0.00538889
0.0190205
-8.96786e-14
-1.98834e-12
-1.52121e-12
-2.40102e-12
0.0123508
0.00766956
0.0123508
0.00766956
0.0119727
0.00634908
0.0119727
0.00634908
-0.000468731
0.00768272
-0.000468731
0.00768272
-1.97508e-13
-4.16882e-12
3.75702e-13
-1.37362e-12
0.147425
0.147548
0.147425
0.147548
-0.00651283
-0.0157323
-0.00651283
-0.0157323
7.43081e-13
1.40239e-12
4.5551e-12
6.555e-13
0.141702
0.151589
0.141702
0.151589
-0.00333656
-0.0398863
-0.00333656
-0.0398863
7.88936e-13
-3.02004e-12
8.62107e-13
1.18717e-12
0.00141886
-9.44854e-05
0.00141886
-9.44854e-05
0.000133417
-6.00276e-05
0.000133417
-6.00275e-05
0.00458966
0.00518603
0.00458966
0.00518603
6.72622e-13
1.84491e-12
1.33765e-12
3.9188e-12
0.000553169
-6.56419e-05
0.000553169
-6.56419e-05
0.0070062
0.00569165
0.0070062
0.00569165
1.68195e-12
4.40274e-13
1.39716e-12
4.19562e-14
6.28687e-05
-0.000173429
6.28687e-05
-0.000173429
-8.24063e-06
-8.35339e-05
-8.24063e-06
-8.35339e-05
-1.27717e-12
-5.84993e-14
5.1382e-14
5.38235e-13
0.00322008
0.00292353
0.00322008
0.00292353
0.00103798
0.00113676
0.00103798
0.00113676
9.75315e-14
8.43401e-13
6.4426e-13
1.7326e-12
2.63308e-05
-5.32238e-05
2.63308e-05
-5.32238e-05
-0.00424972
-0.00392374
-0.00424972
-0.00392374
-1.38149e-12
7.99188e-14
-4.55881e-12
-7.89762e-13
0.000105337
-3.14818e-06
0.000105337
-3.14818e-06
0
0
0
0
0.00104208
0.00487543
0.00104208
0.00487543
0.0103153
0.00914162
0.0103153
0.00914162
-0.00351175
0.000871
-0.00351175
0.000871
0.00473609
0.00242265
0.00473609
0.00242265
0
0
0
0
-8.81593e-05
-0.000292637
-8.81593e-05
-0.000292637
0.0103113
0.0107258
0.0103113
0.0107258
0.00870029
0.0374901
0.00870029
0.0374901
0
0
0
0
0.149657
0.145808
0.149657
0.145808
0.00538889
0.0190205
0.00538889
0.0190205
0
0
0
0
0.0123508
0.00766956
0.0123508
0.00766956
0.0119727
0.00634908
0.0119727
0.00634908
-0.000468731
0.00768272
-0.000468731
0.00768272
0
0
0
0
0.147425
0.147548
0.147425
0.147548
-0.00651283
-0.0157323
-0.00651283
-0.0157323
0
0
0
0
0.141702
0.151589
0.141702
0.151589
-0.00333656
-0.0398863
-0.00333656
-0.0398863
0
0
0
0
0.00141886
-9.44854e-05
0.00141886
-9.44854e-05
0.000133417
-6.00275e-05
0.000133417
-6.00275e-05
0.00458966
0.00518603
0.00458966
0.00518603
0
0
0
0
0.00055317
-6.56419e-05
0.000553169
-6.56419e-05
0.0070062
0.00569165
0.0070062
0.00569165
0
0
0
0
6.28687e-05
-0.000173429
6.28687e-05
-0.000173429
-8.24062e-06
-8.35339e-05
-8.24063e-06
-8.35339e-05
0
0
0
0
0.00322008
0.00292353
0.00322008
0.00292353
0.00103798
0.00113676
0.00103798
0.00113676
0
0
0
0
2.63308e-05
-5.32238e-05
2.63308e-05
-5.32238e-05
-0.00424972
-0.00392374
-0.00424972
-0.00392374
0
0
0
0
0.000105337
-3.14818e-06
0.000105337
-3.14818e-06
-1.25949e-12
-2.9081e-12
-7.76566e-13
-2.16063e-12
0.0018654
0.0021076
0.0018654
0.0021076
-0.00571971
-0.00501999
-0.00571971
-0.00501999
-0.00716261
-0.00841221
-0.00716261
-0.00841221
0.00345958
0.00303695
0.00345958
0.00303695
0
0
0
0
-1.27077e-13
-2.58108e-13
-2.28435e-13
-2.5606e-13
5.32238e-05
-2.63308e-05
5.32238e-05
-2.63308e-05
-0.00491559
-0.00543163
-0.00491559
-0.00543163
2.58166e-05
-4.0475e-05
2.58166e-05
-4.0475e-05
0
0
0
0
1.38197e-13
-5.27227e-13
1.34378e-12
7.49696e-14
-0.00858184
-0.00785843
-0.00858184
-0.00785843
0
0
0
0
-5.38812e-12
-5.97791e-12
-1.2266e-12
-4.08456e-13
0.00105904
0.0066467
0.00105904
0.0066467
-0.00337758
0.00101114
-0.00337758
0.00101114
0.00478304
0.00279384
0.00478304
0.00279384
0
0
0
0
4.65215e-12
1.5411e-12
5.43394e-12
5.154e-12
0.00877021
0.0359252
0.00877021
0.0359252
0
0
0
0
-2.58875e-12
3.31147e-12
-1.46101e-12
8.26614e-12
0.150331
0.144231
0.150331
0.144231
0.00536812
0.0189621
0.00536812
0.0189621
0
0
0
0
-8.03989e-12
-7.44418e-12
-1.35699e-11
-7.54901e-12
0.0123552
0.00781343
0.0123552
0.00781343
0.0119632
0.00644926
0.0119632
0.00644926
-0.000471503
0.00768652
-0.000471503
0.00768652
0
0
0
0
-1.4814e-11
-9.01403e-12
-1.23772e-11
-5.81172e-12
0.147631
0.147528
0.147631
0.147528
-0.00652756
-0.01585
-0.00652756
-0.01585
0
0
0
0
-4.11815e-12
-1.34336e-11
3.35376e-12
-5.68997e-12
0.143836
0.150895
0.143836
0.150895
-0.00286993
-0.0421205
-0.00286993
-0.0421205
0
0
0
0
-1.91842e-12
-6.97752e-12
-2.12061e-12
-3.89804e-12
-0.000225279
-0.000192753
-0.000225279
-0.000192753
0.00440828
0.00428161
0.00440828
0.00428161
0
0
0
0
-2.41949e-12
-9.35938e-13
-1.48179e-12
2.74325e-13
0.000292637
8.81593e-05
0.000292637
8.81593e-05
0.00876725
0.00789963
0.00876725
0.00789963
0
0
0
0
-1.21206e-12
-1.73003e-12
-6.8874e-13
-7.05409e-13
3.14818e-06
-0.000105337
3.14818e-06
-0.000105337
0
0
0
0
-2.81842e-12
-5.34217e-12
-1.97958e-13
-1.15373e-12
0.0018654
0.0021076
0.0018654
0.0021076
-0.00571971
-0.00501999
-0.00571971
-0.00501999
-0.00716261
-0.00841221
-0.00716261
-0.00841221
0.00345958
0.00303695
0.00345958
0.00303695
8.06254e-13
-1.30974e-13
1.16843e-12
1.12624e-12
5.32238e-05
-2.63308e-05
5.32238e-05
-2.63308e-05
-0.00491559
-0.00543163
-0.00491559
-0.00543163
2.58166e-05
-4.0475e-05
2.58166e-05
-4.0475e-05
-1.41781e-12
1.35149e-13
2.11488e-13
1.41413e-12
-0.00858184
-0.00785843
-0.00858184
-0.00785843
-8.93197e-12
-8.47382e-12
-6.3142e-12
-4.81312e-12
0.00105904
0.0066467
0.00105904
0.0066467
-0.00337758
0.00101114
-0.00337758
0.00101114
0.00478304
0.00279384
0.00478304
0.00279384
1.71511e-13
-3.64721e-12
9.02908e-13
-5.70362e-13
0.00877021
0.0359252
0.00877021
0.0359252
-1.0624e-11
-2.9322e-12
-5.30095e-12
1.45661e-12
0.150331
0.144231
0.150331
0.144231
0.00536812
0.0189621
0.00536812
0.0189621
-1.42562e-11
-9.43193e-12
-1.78307e-11
-9.51082e-12
0.0123552
0.00781343
0.0123552
0.00781343
0.0119632
0.00644926
0.0119632
0.00644926
-0.000471503
0.00768652
-0.000471503
0.00768652
-1.84007e-11
-1.20608e-11
-1.23796e-11
-1.01537e-11
0.147631
0.147528
0.147631
0.147528
-0.00652756
-0.01585
-0.00652756
-0.01585
-1.92522e-11
-2.05367e-11
-7.38097e-12
-1.55172e-11
0.143836
0.150895
0.143836
0.150895
-0.00286993
-0.0421205
-0.00286993
-0.0421205
-1.8911e-12
-9.78823e-12
-3.14038e-12
-1.01147e-11
-0.000225279
-0.000192753
-0.000225279
-0.000192753
0.00440828
0.00428161
0.00440828
0.00428161
-7.17261e-12
-1.00014e-11
-6.9965e-12
-5.26054e-12
0.000292637
8.81593e-05
0.000292637
8.81593e-05
0.00876725
0.00789963
0.00876725
0.00789963
-1.28907e-12
-5.02267e-12
-1.16873e-14
-2.94161e-12
3.14818e-06
-0.000105337
3.14818e-06
-0.000105337
0
0
0
0
0.0018654
0.0021076
0.0018654
0.0021076
-0.00571971
-0.00501999
-0.00571971
-0.00501999
-0.00716261
-0.00841221
-0.00716261
-0.00841221
0.00345958
0.00303695
0.00345958
0.00303695
0
0
0
0
5.32238e-05
-2.63308e-05
5.32238e-05
-2.63308e-05
-0.00491559
-0.00543163
-0.00491559
-0.00543163
2.58166e-05
-4.0475e-05
2.58166e-05
-4.0475e-05
0
0
0
0
-0.00858184
-0.00785843
-0.00858184
-0.00785843
0
0
0
0
0.00105904
0.0066467
0.00105904
0.0066467
-0.00337758
0.00101114
-0.00337758
0.00101114
0.00478304
0.00279384
0.00478304
0.00279384
0
0
0
0
0.00877021
0.0359252
0.00877021
0.0359252
0
0
0
0
0.150331
0.144231
0.150331
0.144231
0.00536812
0.0189621
0.00536812
0.0189621
0
0
0
0
0.0123552
0.00781343
0.0123552
0.00781343
0.0119632
0.00644926
0.0119632
0.00644926
-0.000471503
0.00768652
-0.000471503
0.00768652
0
0
0
0
0.147631
0.147528
0.147631
0.147528
-0.00652756
-0.01585
-0.00652756
-0.01585
0
0
0
0
0.143836
0.150895
0.143836
0.150895
-0.00286993
-0.0421205
-0.00286993
-0.0421205
0
0
0
0
-0.000225279
-0.000192753
-0.000225279
-0.000192753
0.00440828
0.00428161
0.00440828
0.00428161
0
0
0
0
0.000292637
8.81593e-05
0.000292637
8.81594e-05
0.00876725
0.00789963
0.00876725
0.00789963
0
0
0
0
3.14819e-06
-0.000105337
3.14818e-06
-0.000105337
-9.87852e-12
-5.63462e-12
-7.38122e-12
-5.12152e-12
0.00104208
0.00487543
0.00104208
0.00487543
0.0103153
0.00914162
0.0103153
0.00914162
-0.00351175
0.000871
-0.00351175
0.000871
0.00473609
0.00242265
0.00473609
0.00242265
0
0
0
0
-3.59532e-12
-5.19339e-12
-1.91014e-12
-2.76091e-12
0.0103113
0.0107258
0.0103113
0.0107258
0.00870029
0.0374901
0.00870029
0.0374901
0
0
0
0
-1.2972e-11
-7.20332e-12
-1.30691e-11
-3.45945e-12
0.149657
0.145808
0.149657
0.145808
0.00538889
0.0190205
0.00538889
0.0190205
0
0
0
0
-3.23121e-12
-3.1784e-12
-7.73757e-13
-6.52512e-12
0.0123508
0.00766956
0.0123508
0.00766956
0.0119727
0.00634908
0.0119727
0.00634908
-0.000468731
0.00768272
-0.000468731
0.00768272
0
0
0
0
-2.66878e-13
-8.88196e-12
-1.35315e-12
-3.1996e-12
0.147425
0.147548
0.147425
0.147548
-0.00651283
-0.0157323
-0.00651283
-0.0157323
0
0
0
0
-5.76509e-12
1.35353e-12
-5.81269e-12
3.51988e-12
0.141702
0.151589
0.141702
0.151589
-0.00333656
-0.0398863
-0.00333656
-0.0398863
0
0
0
0
-1.56442e-12
-7.53993e-12
-4.06e-13
-2.55782e-12
0.00141886
-9.44854e-05
0.00141886
-9.44854e-05
0.000133417
-6.00275e-05
0.000133417
-6.00275e-05
0.00458966
0.00518603
0.00458966
0.00518603
0
0
0
0
-1.18712e-12
-5.50733e-12
-1.37704e-12
-5.99532e-12
0.000553169
-6.56419e-05
0.000553169
-6.56419e-05
0.0070062
0.00569165
0.0070062
0.00569165
0
0
0
0
5.47876e-13
-1.56313e-12
9.79122e-14
-9.20394e-13
6.28687e-05
-0.000173429
6.28687e-05
-0.000173429
-8.24063e-06
-8.35339e-05
-8.24063e-06
-8.35339e-05
0
0
0
0
-1.99412e-12
-3.79774e-12
-4.59035e-13
-9.22269e-13
0.00322008
0.00292353
0.00322008
0.00292353
0.00103798
0.00113676
0.00103798
0.00113676
0
0
0
0
8.69043e-13
-1.81154e-13
1.67262e-13
5.0651e-13
-0.00424972
-0.00392374
-0.00424972
-0.00392374
0
0
0
0
-1.4935e-12
-1.90457e-13
-1.27272e-12
-5.49495e-14
0
0
0
0
2.36553e-12
4.67651e-12
1.65806e-12
2.2482e-12
0.00104208
0.00487543
0.00104208
0.00487543
0.0103153
0.00914162
0.0103153
0.00914162
-0.00351175
0.000871
-0.00351175
0.000871
0.00473609
0.00242265
0.00473609
0.00242265
-2.47871e-13
5.6889e-14
-2.91351e-12
-3.47012e-12
0.0103113
0.0107258
0.0103113
0.0107258
0.00870029
0.0374901
0.00870029
0.0374901
2.90328e-12
9.17161e-13
-1.48205e-12
-2.00234e-12
0.149657
0.145808
0.149657
0.145808
0.00538889
0.0190205
0.00538889
0.0190205
4.29608e-12
4.0679e-12
5.46059e-12
3.95133e-12
0.0123508
0.00766956
0.0123508
0.00766956
0.0119727
0.00634908
0.0119727
0.00634908
-0.000468731
0.00768272
-0.000468731
0.00768272
5.70842e-12
3.6383e-12
3.98502e-12
2.19733e-12
0.147425
0.147548
0.147425
0.147548
-0.00651283
-0.0157323
-0.00651283
-0.0157323
5.18663e-13
5.62477e-12
2.09752e-12
2.99123e-12
0.141702
0.151589
0.141702
0.151589
-0.00333656
-0.0398863
-0.00333656
-0.0398863
3.47997e-12
5.59056e-12
2.2047e-12
4.28822e-12
0.00141886
-9.44854e-05
0.00141886
-9.44854e-05
0.000133417
-6.00276e-05
0.000133417
-6.00275e-05
0.00458966
0.00518603
0.00458966
0.00518603
1.76441e-12
3.79154e-12
3.50551e-12
2.20194e-12
0.000553169
-6.56419e-05
0.00055317
-6.56419e-05
0.0070062
0.00569165
0.0070062
0.00569165
2.99987e-12
1.35293e-12
2.14697e-12
4.86162e-13
6.28687e-05
-0.000173429
6.28687e-05
-0.000173429
-8.24063e-06
-8.35339e-05
-8.24063e-06
-8.35339e-05
2.63665e-12
5.34582e-12
1.24039e-12
1.9163e-12
0.00322008
0.00292353
0.00322008
0.00292353
0.00103798
0.00113676
0.00103798
0.00113676
1.05006e-12
1.60035e-12
1.43204e-12
1.93939e-12
-0.00424972
-0.00392374
-0.00424972
-0.00392374
1.6936e-12
1.03445e-12
-1.84279e-12
7.64665e-13
0
0
0
0
0.00104208
0.00487543
0.00104208
0.00487543
0.0103153
0.00914162
0.0103153
0.00914162
-0.00351175
0.000871
-0.00351175
0.000871
0.00473609
0.00242265
0.00473609
0.00242265
0
0
0
0
0.0103113
0.0107258
0.0103113
0.0107258
0.00870029
0.0374901
0.00870029
0.0374901
0
0
0
0
0.149657
0.145808
0.149657
0.145808
0.00538889
0.0190205
0.00538889
0.0190205
0
0
0
0
0.0123508
0.00766956
0.0123508
0.00766956
0.0119727
0.00634908
0.0119727
0.00634908
-0.000468731
0.00768272
-0.000468731
0.00768272
0
0
0
0
0.147425
0.147548
0.147425
0.147548
-0.00651283
-0.0157323
-0.00651283
-0.0157323
0
0
0
0
0.141702
0.151589
0.141702
0.151589
-0.00333656
-0.0398863
-0.00333656
-0.0398863
0
0
0
0
0.00141886
-9.44854e-05
0.00141886
-9.44854e-05
0.000133417
-6.00276e-05
0.000133417
-6.00275e-05
0.00458966
0.00518603
0.00458966
0.00518603
0
0
0
0
0.000553169
-6.56419e-05
0.000553169
-6.56419e-05
0.0070062
0.00569165
0.0070062
0.00569165
0
0
0
0
6.28687e-05
-0.000173429
6.28687e-05
-0.000173429
-8.24063e-06
-8.35339e-05
-8.24063e-06
-8.35339e-05
0
0
0
0
0.00322008
0.00292353
0.00322008
0.00292353
0.00103798
0.00113676
0.00103798
0.00113676
0
0
0
0
-0.00424972
-0.00392374
-0.00424972
-0.00392374
0
0
0
0
4.48597e-13
1.6859e-12
7.09029e-13
6.25834e-16
0.0018654
0.0021076
0.0018654
0.0021076
-0.00571971
-0.00501999
-0.00571971
-0.00501999
-0.00716261
-0.00841221
-0.00716261
-0.00841221
0.00345958
0.00303695
0.00345958
0.00303695
0
0
0
0
3.85141e-13
7.96235e-13
5.0653e-13
1.5456e-12
-0.00491559
-0.00543163
-0.00491559
-0.00543163
2.58166e-05
-4.0475e-05
2.58166e-05
-4.0475e-05
0
0
0
0
8.51468e-13
2.54075e-13
5.81164e-13
2.46757e-13
-0.00858184
-0.00785843
-0.00858184
-0.00785843
0
0
0
0
3.57953e-12
9.85907e-13
1.60572e-12
2.69005e-12
0.00105904
0.0066467
0.00105904
0.0066467
-0.00337758
0.00101114
-0.00337758
0.00101114
0.00478304
0.00279384
0.00478304
0.00279384
0
0
0
0
3.2323e-12
2.49329e-12
8.06601e-13
9.65669e-13
0.00877021
0.0359252
0.00877021
0.0359252
0
0
0
0
4.41964e-12
3.84272e-12
5.93344e-13
9.60558e-12
0.150331
0.144231
0.150331
0.144231
0.00536812
0.0189621
0.00536812
0.0189621
0
0
0
0
-1.62093e-13
-2.77427e-15
-3.7911e-12
1.34518e-12
0.0123552
0.00781343
0.0123552
0.00781343
0.0119632
0.00644926
0.0119632
0.00644926
-0.000471503
0.00768652
-0.000471503
0.00768652
0
0
0
0
-4.057e-12
2.16133e-12
-4.31264e-12
2.42614e-12
0.147631
0.147528
0.147631
0.147528
-0.00652756
-0.01585
-0.00652756
-0.01585
0
0
0
0
2.3223e-12
-4.81583e-12
7.63613e-12
2.54126e-13
0.143836
0.150895
0.143836
0.150895
-0.00286993
-0.0421205
-0.00286993
-0.0421205
0
0
0
0
1.01279e-12
2.95921e-13
-4.48335e-14
1.59345e-12
-0.000225279
-0.000192753
-0.000225279
-0.000192753
0.00440828
0.00428161
0.00440828
0.00428161
0
0
0
0
9.39726e-13
3.93924e-12
2.17331e-12
3.30516e-12
0.00876725
0.00789963
0.00876725
0.00789963
0
0
0
0
7.76986e-13
1.15791e-12
2.21096e-12
2.34531e-12
0
0
0
0
-3.15604e-12
-5.64333e-12
1.92193e-13
-1.43528e-12
0.0018654
0.0021076
0.0018654
0.0021076
-0.00571971
-0.00501999
-0.00571971
-0.00501999
-0.00716261
-0.00841221
-0.00716261
-0.00841221
0.00345958
0.00303695
0.00345958
0.00303695
9.55244e-13
-6.39854e-13
1.79879e-12
9.75352e-13
-0.00491559
-0.00543163
-0.00491559
-0.00543163
2.58166e-05
-4.0475e-05
2.58166e-05
-4.0475e-05
-7.29312e-13
1.1687e-12
1.701e-12
2.69785e-12
-0.00858184
-0.00785843
-0.00858184
-0.00785843
-7.50184e-12
-7.81304e-12
-3.81995e-12
-4.08734e-12
0.00105904
0.0066467
0.00105904
0.0066467
-0.00337758
0.00101114
-0.00337758
0.00101114
0.00478304
0.00279384
0.00478304
0.00279384
3.38515e-12
-1.50296e-12
3.74756e-12
2.81138e-12
0.00877021
0.0359252
0.00877021
0.0359252
-1.04852e-11
2.83087e-13
-1.34228e-12
1.46921e-12
0.150331
0.144231
0.150331
0.144231
0.00536812
0.0189621
0.00536812
0.0189621
-1.19455e-11
-8.95252e-12
-1.49686e-11
-8.92479e-12
0.0123552
0.00781343
0.0123552
0.00781343
0.0119632
0.00644926
0.0119632
0.00644926
-0.000471503
0.00768652
-0.000471503
0.00768652
-1.38921e-11
-1.06193e-11
-7.10769e-12
-1.03522e-11
0.147631
0.147528
0.147631
0.147528
-0.00652756
-0.01585
-0.00652756
-0.01585
-1.89213e-11
-1.5939e-11
-6.35606e-12
-1.26438e-11
0.143836
0.150895
0.143836
0.150895
-0.00286993
-0.0421205
-0.00286993
-0.0421205
-2.23634e-12
-1.01709e-11
-3.60321e-12
-9.70899e-12
-0.000225279
-0.000192753
-0.000225279
-0.000192753
0.00440828
0.00428161
0.00440828
0.00428161
-7.30737e-12
-9.11165e-12
-8.29494e-12
-7.68878e-12
0.00876725
0.00789963
0.00876725
0.00789963
-2.15202e-12
-5.01001e-12
-4.58629e-13
-4.35104e-12
0
0
0
0
0.0018654
0.0021076
0.0018654
0.0021076
-0.00571971
-0.00501999
-0.00571971
-0.00501999
-0.00716261
-0.00841221
-0.00716261
-0.00841221
0.00345958
0.00303695
0.00345958
0.00303695
0
0
0
0
-0.00491559
-0.00543163
-0.00491559
-0.00543163
2.58166e-05
-4.0475e-05
2.58166e-05
-4.0475e-05
0
0
0
0
-0.00858184
-0.00785843
-0.00858184
-0.00785843
0
0
0
0
0.00105904
0.0066467
0.00105904
0.0066467
-0.00337758
0.00101114
-0.00337758
0.00101114
0.00478304
0.00279384
0.00478304
0.00279384
0
0
0
0
0.00877021
0.0359252
0.00877021
0.0359252
0
0
0
0
0.150331
0.144231
0.150331
0.144231
0.00536812
0.0189621
0.00536812
0.0189621
0
0
0
0
0.0123552
0.00781343
0.0123552
0.00781343
0.0119632
0.00644926
0.0119632
0.00644926
-0.000471503
0.00768652
-0.000471503
0.00768652
0
0
0
0
0.147631
0.147528
0.147631
0.147528
-0.00652756
-0.01585
-0.00652756
-0.01585
0
0
0
0
0.143836
0.150895
0.143836
0.150895
-0.00286993
-0.0421205
-0.00286993
-0.0421205
0
0
0
0
-0.000225279
-0.000192753
-0.000225279
-0.000192753
0.00440828
0.00428161
0.00440828
0.00428161
0
0
0
0
0.00876725
0.00789963
0.00876725
0.00789963
0
0
0
0
-8.74599e-06
-0.000522086
-8.74569e-06
-0.000522085
9.48003e-12
3.20486e-11
8.5316e-11
5.5838e-11
0
0
0
0
0.146791
0.146791
0.147923
0.147923
-0.000102149
0.000650604
-0.000102148
0.000650604
2.633e-06
-1.4763e-05
2.63301e-06
-1.47629e-05
6.10758e-11
3.89488e-11
4.40535e-11
5.06442e-11
0
0
0
0
0.147236
0.147236
0.147601
0.147601
-4.44882e-05
-6.18823e-05
-4.44883e-05
-6.18823e-05
7.29215e-07
1.91799e-06
7.29169e-07
1.91803e-06
-2.07418e-11
1.9029e-11
1.92778e-12
3.84069e-11
0
0
0
0
0.147327
0.147327
0.147552
0.147552
-6.37167e-06
-2.69453e-05
-6.37166e-06
-2.69453e-05
-8.74539e-06
-0.000522085
-8.74522e-06
-0.000522085
1.43866e-11
9.98707e-12
7.33522e-11
1.35658e-11
0.146791
0.146791
0.147923
0.147923
-0.000102149
0.000650604
-0.000102149
0.000650604
2.63311e-06
-1.47626e-05
2.63302e-06
-1.47627e-05
1.0055e-10
6.85443e-12
4.39864e-12
7.65015e-11
0.147236
0.147236
0.147601
0.147601
-4.44882e-05
-6.18826e-05
-4.44883e-05
-6.18825e-05
7.29229e-07
1.91815e-06
7.29333e-07
1.91776e-06
-2.7916e-11
5.97478e-11
-3.88182e-11
9.0361e-11
0.147327
0.147327
0.147552
0.147552
-6.37158e-06
-2.69453e-05
-6.37166e-06
-2.69454e-05
-8.74507e-06
-0.000522084
-8.74505e-06
-0.000522084
0
0
0
0
0.146791
0.146791
0.147923
0.147923
-0.000102149
0.000650604
-0.000102149
0.000650604
2.63307e-06
-1.47626e-05
2.63301e-06
-1.47626e-05
0
0
0
0
0.147236
0.147236
0.147601
0.147601
-4.44883e-05
-6.18826e-05
-4.44883e-05
-6.18826e-05
7.29418e-07
1.9178e-06
7.29416e-07
1.91755e-06
0
0
0
0
0.147327
0.147327
0.147552
0.147552
-6.37156e-06
-2.69455e-05
-6.37161e-06
-2.69455e-05
8.63111e-11
-4.35139e-11
3.87439e-11
7.22252e-11
0
0
0
0
0.147943
0.147943
0.147771
0.147771
0.000240221
-0.000245756
0.000240221
-0.000245756
6.0464e-11
4.05234e-11
7.26048e-11
1.06641e-10
0
0
0
0
0.147725
0.147725
0.147585
0.147585
0.000111401
0.00018988
0.000111401
0.00018988
3.43154e-11
7.59723e-11
3.12493e-11
7.83304e-11
0
0
0
0
0.147662
0.147662
0.147542
0.147542
1.6358e-05
6.76512e-05
1.6358e-05
6.76511e-05
9.21629e-11
9.17316e-11
8.1615e-11
2.18988e-11
0.147943
0.147943
0.147771
0.147771
0.000240221
-0.000245757
0.000240221
-0.000245757
-2.19125e-12
1.13789e-10
3.4457e-11
6.9919e-11
0.147725
0.147725
0.147585
0.147585
0.000111401
0.00018988
0.000111401
0.00018988
-1.69725e-11
5.17308e-11
-4.61434e-11
6.04746e-11
0.147662
0.147662
0.147542
0.147542
1.6358e-05
6.76513e-05
1.6358e-05
6.76512e-05
0
0
0
0
0.147943
0.147943
0.147771
0.147771
0.000240221
-0.000245757
0.000240221
-0.000245757
0
0
0
0
0.147725
0.147725
0.147585
0.147585
0.000111401
0.00018988
0.000111401
0.00018988
0
0
0
0
0.147662
0.147662
0.147542
0.147542
1.6358e-05
6.7651e-05
1.6358e-05
6.76511e-05
5.11621e-11
3.97302e-11
-1.16548e-11
-2.60061e-11
0
0
0
0
0.147644
0.147644
0.146152
0.146152
4.66908e-05
0.000713731
4.66907e-05
0.00071373
7.70203e-13
1.64816e-10
3.52995e-11
-5.14027e-11
0
0
0
0
0.14732
0.14732
0.146734
0.146734
8.11215e-06
4.06e-05
8.11214e-06
4.05998e-05
-8.96214e-11
1.95194e-10
5.91614e-11
-3.41602e-11
0
0
0
0
0.147267
0.147267
0.146878
0.146878
6.96942e-07
4.32028e-06
6.96923e-07
4.32032e-06
3.11932e-11
4.30579e-11
4.58132e-11
-2.54833e-11
0.147644
0.147644
0.146152
0.146152
4.66908e-05
0.000713731
4.66908e-05
0.000713731
7.3298e-11
-4.70488e-13
5.52251e-11
-4.88327e-12
0.14732
0.14732
0.146734
0.146734
8.11212e-06
4.06e-05
8.11213e-06
4.06001e-05
1.3859e-10
1.58676e-11
-1.60318e-11
8.67542e-11
0.147267
0.147267
0.146878
0.146878
6.97031e-07
4.32017e-06
6.96961e-07
4.32034e-06
0
0
0
0
0.147644
0.147644
0.146152
0.146152
4.66907e-05
0.000713731
4.66908e-05
0.000713731
0
0
0
0
0.14732
0.14732
0.146734
0.146734
8.11205e-06
4.06e-05
8.11207e-06
4.06e-05
0
0
0
0
0.147267
0.147267
0.146878
0.146878
6.96874e-07
4.32033e-06
6.96915e-07
4.3204e-06
-5.20408e-05
0.000321841
-5.20403e-05
0.000321842
-6.8278e-11
-1.99338e-10
4.1963e-11
9.31477e-11
0
0
0
0
0.147766
0.147766
0.146898
0.146898
-4.17402e-05
-6.65862e-05
-4.17399e-05
-6.6586e-05
7.34723e-11
2.58204e-11
1.0678e-10
-1.16169e-11
0
0
0
0
0.147533
0.147533
0.147232
0.147232
-6.08127e-06
-2.59858e-05
-6.0813e-06
-2.59856e-05
2.29471e-10
-9.85937e-12
9.81825e-11
-9.52758e-11
0
0
0
0
0.147498
0.147498
0.147313
0.147313
-5.20397e-05
0.000321842
-5.20388e-05
0.000321844
-1.06684e-10
-8.67766e-11
3.52572e-11
5.48825e-12
0.147766
0.147766
0.146898
0.146898
-4.17397e-05
-6.65852e-05
-4.17392e-05
-6.65845e-05
-4.16353e-11
2.5618e-11
1.40205e-10
-3.77843e-11
0.147533
0.147533
0.147232
0.147232
-6.08142e-06
-2.5985e-05
-6.08156e-06
-2.59846e-05
8.46506e-11
-1.61819e-10
1.90066e-10
-2.32936e-10
0.147498
0.147498
0.147313
0.147313
-5.20383e-05
0.000321844
-5.20379e-05
0.000321845
0
0
0
0
0.147766
0.147766
0.146898
0.146898
-4.17391e-05
-6.6584e-05
-4.17389e-05
-6.65835e-05
0
0
0
0
0.147533
0.147533
0.147232
0.147232
-6.08163e-06
-2.59845e-05
-6.08168e-06
-2.5984e-05
0
0
0
0
0.147498
0.147498
0.147313
0.147313
0.000283315
-0.000650039
0.000283315
-0.000650038
-8.72777e-11
2.01271e-11
8.97335e-11
9.85522e-11
0
0
0
0
0.147801
0.147801
0.147809
0.147809
0.000108871
0.00017516
0.000108871
0.00017516
-1.52759e-10
9.1136e-11
-5.66795e-11
1.37115e-10
0
0
0
0
0.147568
0.147568
0.147654
0.147654
1.57899e-05
6.52911e-05
1.57899e-05
6.5291e-05
-1.39769e-10
-5.36754e-12
-2.8426e-10
5.9744e-11
0
0
0
0
0.147515
0.147515
0.147605
0.147605
0.000283316
-0.000650038
0.000283316
-0.000650037
-4.53211e-11
-2.72208e-11
3.04906e-11
1.88353e-10
0.147801
0.147801
0.147809
0.147809
0.000108871
0.00017516
0.000108871
0.00017516
-1.37836e-11
-3.61689e-11
-1.5378e-10
2.36851e-10
0.147568
0.147568
0.147654
0.147654
1.57903e-05
6.52902e-05
1.57903e-05
6.52907e-05
1.07248e-10
-1.74423e-10
-2.1321e-10
2.43427e-10
0.147515
0.147515
0.147605
0.147605
0.000283317
-0.000650036
0.000283317
-0.000650035
0
0
0
0
0.147801
0.147801
0.147809
0.147809
0.000108872
0.000175161
0.000108872
0.000175161
0
0
0
0
0.147568
0.147568
0.147654
0.147654
1.57905e-05
6.52903e-05
1.57904e-05
6.52908e-05
0
0
0
0
0.147515
0.147515
0.147605
0.147605
-4.66883e-05
-0.000713728
-4.6688e-05
-0.000713728
-3.79941e-11
-5.88583e-11
-5.73317e-11
1.34195e-10
0
0
0
0
0.145989
0.145989
0.147697
0.147697
-8.11008e-06
-4.05979e-05
-8.11005e-06
-4.05978e-05
-3.95184e-11
2.46631e-11
-2.65623e-10
-1.64136e-12
0
0
0
0
0.146714
0.146714
0.147308
0.147308
-6.96513e-07
-4.31913e-06
-6.96688e-07
-4.31905e-06
-6.22213e-11
4.06396e-11
2.6207e-11
6.10089e-11
0
0
0
0
0.146869
0.146869
0.147251
0.147251
-4.66876e-05
-0.000713727
-4.66869e-05
-0.000713726
-8.04757e-11
-1.57355e-10
-9.04213e-11
2.38173e-10
0.145989
0.145989
0.147697
0.147697
-8.10995e-06
-4.05974e-05
-8.1098e-06
-4.0597e-05
4.52941e-11
-3.41776e-11
-3.21308e-10
9.87006e-11
0.146714
0.146714
0.147308
0.147308
-6.96535e-07
-4.3193e-06
-6.96748e-07
-4.31875e-06
2.53624e-13
3.42886e-11
-1.13661e-10
8.04207e-11
0.146869
0.146869
0.147251
0.147251
-4.66862e-05
-0.000713725
-4.66858e-05
-0.000713724
0
0
0
0
0.145989
0.145989
0.147697
0.147697
-8.10956e-06
-4.05968e-05
-8.10948e-06
-4.05962e-05
0
0
0
0
0.146714
0.146714
0.147308
0.147308
-6.96519e-07
-4.31912e-06
-6.96601e-07
-4.31863e-06
0
0
0
0
0.146869
0.146869
0.147251
0.147251
0
0
0
0
0.146878
0.146878
0.147267
0.147267
1.82508e-10
-3.54474e-10
1.31278e-10
-1.04319e-10
-0.146734
-0.146734
-0.14732
-0.14732
-6.76494e-05
-1.63577e-05
-6.76494e-05
-1.63577e-05
0
0
0
0
2.59866e-10
-4.42658e-11
-2.54716e-10
1.36316e-11
-0.146152
-0.146152
-0.147644
-0.147644
-0.000189876
-0.000111399
-0.000189876
-0.000111399
0
0
0
0
9.85873e-11
-7.95608e-11
-2.93914e-10
1.56709e-10
0.000245764
-0.000240215
0.000245763
-0.000240216
0.146878
0.146878
0.147267
0.147267
2.50081e-10
-3.34754e-10
-2.83229e-11
4.17921e-11
-0.146734
-0.146734
-0.14732
-0.14732
-6.76494e-05
-1.63574e-05
-6.76494e-05
-1.63576e-05
2.21631e-10
-4.49412e-11
-3.18226e-10
4.50496e-11
-0.146152
-0.146152
-0.147644
-0.147644
-0.000189876
-0.000111399
-0.000189877
-0.000111399
3.5596e-11
-7.54194e-11
-2.05748e-10
1.40066e-10
0.000245762
-0.000240216
0.000245761
-0.000240217
0.146878
0.146878
0.147267
0.147267
0
0
0
0
-0.146734
-0.146734
-0.14732
-0.14732
-6.76494e-05
-1.63575e-05
-6.76494e-05
-1.63576e-05
0
0
0
0
-0.146152
-0.146152
-0.147644
-0.147644
-0.000189877
-0.000111399
-0.000189877
-0.000111399
0
0
0
0
0.00024576
-0.000240217
0.00024576
-0.000240217
0
0
0
0
0.147542
0.147542
0.147662
0.147662
-1.86412e-10
-5.9829e-11
3.45272e-11
1.23681e-10
-0.147585
-0.147585
-0.147725
-0.147725
2.69463e-05
6.37219e-06
2.69465e-05
6.37213e-06
0
0
0
0
-1.68984e-10
-7.62894e-11
1.62522e-10
2.17947e-10
-0.147771
-0.147771
-0.147943
-0.147943
6.18856e-05
4.44905e-05
6.18855e-05
4.44905e-05
0
0
0
0
-2.11032e-10
-1.78128e-10
8.31201e-11
1.89885e-10
-0.000650598
0.000102153
-0.000650598
0.000102153
0.147542
0.147542
0.147662
0.147662
-2.70447e-10
1.17728e-10
7.90489e-11
2.98266e-11
-0.147585
-0.147585
-0.147725
-0.147725
2.69467e-05
6.37205e-06
2.69468e-05
6.37204e-06
-1.54807e-10
-4.75309e-11
-1.35245e-11
1.8602e-10
-0.147771
-0.147771
-0.147943
-0.147943
6.18858e-05
4.44905e-05
6.18855e-05
4.44905e-05
6.44409e-11
-6.79609e-12
-4.31049e-12
1.60278e-10
-0.000650599
0.000102153
-0.0006506
0.000102152
0.147542
0.147542
0.147662
0.147662
0
0
0
0
-0.147585
-0.147585
-0.147725
-0.147725
2.69469e-05
6.37203e-06
2.69469e-05
6.37198e-06
0
0
0
0
-0.147771
-0.147771
-0.147943
-0.147943
6.18854e-05
4.44905e-05
6.18853e-05
4.44904e-05
0
0
0
0
-0.0006506
0.000102152
-0.000650601
0.000102152
0
0
0
0
0.147552
0.147552
0.147327
0.147327
-9.74924e-11
4.36534e-10
1.84917e-10
2.8069e-10
-0.147601
-0.147601
-0.147236
-0.147236
1.91968e-06
7.29494e-07
1.91957e-06
7.29461e-07
0
0
0
0
2.7792e-10
3.83891e-10
1.56515e-10
3.82711e-10
-0.147923
-0.147923
-0.146791
-0.146791
-1.47592e-05
2.6353e-06
-1.47595e-05
2.63519e-06
0
0
0
0
1.15461e-10
7.82587e-11
2.2856e-10
2.54213e-10
-0.00052208
-8.74131e-06
-0.00052208
-8.74157e-06
0.147552
0.147552
0.147327
0.147327
1.5654e-11
1.65633e-10
-1.54727e-11
3.20195e-10
-0.147601
-0.147601
-0.147236
-0.147236
1.91939e-06
7.29778e-07
1.91912e-06
7.29509e-07
1.66046e-10
1.73755e-10
5.65312e-11
3.92041e-10
-0.147923
-0.147923
-0.146791
-0.146791
-1.47597e-05
2.63523e-06
-1.47604e-05
2.63491e-06
1.81842e-10
4.10712e-11
1.80118e-10
2.50199e-10
-0.000522081
-8.74201e-06
-0.000522082
-8.74249e-06
0.147552
0.147552
0.147327
0.147327
0
0
0
0
-0.147601
-0.147601
-0.147236
-0.147236
1.91881e-06
7.2971e-07
1.91847e-06
7.29641e-07
0
0
0
0
-0.147923
-0.147923
-0.146791
-0.146791
-1.47607e-05
2.63457e-06
-1.47611e-05
2.63448e-06
0
0
0
0
-0.000522082
-8.74316e-06
-0.000522083
-8.7434e-06
-1.45811e-10
-1.34237e-10
-1.53676e-10
-5.7724e-11
0.146898
0.146898
0.147766
0.147766
0
0
0
0
0.000321845
-5.20377e-05
0.000321845
-5.20376e-05
-1.06902e-10
-1.08893e-10
-6.15733e-11
-8.15333e-11
0.147232
0.147232
0.147533
0.147533
0
0
0
0
-6.65829e-05
-4.17382e-05
-6.65827e-05
-4.17381e-05
6.58548e-12
-4.37602e-11
-5.08434e-11
-1.67083e-10
0.147313
0.147313
0.147498
0.147498
0
0
0
0
-2.59834e-05
-6.08153e-06
-2.59833e-05
-6.08162e-06
-1.2841e-10
-8.71498e-11
-1.30876e-10
-1.5364e-10
0.146898
0.146898
0.147766
0.147766
0.000321845
-5.20373e-05
0.000321845
-5.20375e-05
-1.83967e-10
-2.62799e-11
-4.22723e-11
-6.40969e-11
0.147232
0.147232
0.147533
0.147533
-6.65829e-05
-4.17381e-05
-6.65831e-05
-4.17381e-05
-1.78476e-10
2.00803e-10
1.30743e-11
-4.42291e-11
0.147313
0.147313
0.147498
0.147498
-2.59838e-05
-6.08129e-06
-2.5984e-05
-6.08126e-06
0
0
0
0
0.146898
0.146898
0.147766
0.147766
0.000321846
-5.20368e-05
0.000321845
-5.2037e-05
0
0
0
0
0.147232
0.147232
0.147533
0.147533
-6.65825e-05
-4.17379e-05
-6.65828e-05
-4.1738e-05
0
0
0
0
0.147313
0.147313
0.147498
0.147498
-2.59837e-05
-6.08126e-06
-2.5984e-05
-6.08122e-06
-1.23802e-10
-7.58305e-11
-1.20407e-10
-4.31989e-11
0.147809
0.147809
0.147801
0.147801
0
0
0
0
-0.000650039
0.000283315
-0.000650039
0.000283315
-3.39695e-11
-1.26645e-10
-5.93566e-11
1.25734e-10
0.147654
0.147654
0.147568
0.147568
0
0
0
0
0.00017516
0.000108871
0.00017516
0.000108871
1.11951e-10
-3.84951e-11
1.16001e-10
-7.40982e-12
0.147605
0.147605
0.147515
0.147515
0
0
0
0
6.52904e-05
1.57905e-05
6.52903e-05
1.57906e-05
-6.921e-11
-1.08696e-10
-1.16318e-10
-1.88264e-10
0.147809
0.147809
0.147801
0.147801
-0.000650038
0.000283315
-0.000650039
0.000283315
1.0532e-10
-2.5366e-10
-1.96926e-10
-8.77857e-11
0.147654
0.147654
0.147568
0.147568
0.00017516
0.000108871
0.00017516
0.000108871
9.23173e-11
-1.68242e-10
-1.15156e-12
-4.11452e-11
0.147605
0.147605
0.147515
0.147515
6.52905e-05
1.57903e-05
6.52903e-05
1.57904e-05
0
0
0
0
0.147809
0.147809
0.147801
0.147801
-0.000650038
0.000283315
-0.000650039
0.000283315
0
0
0
0
0.147654
0.147654
0.147568
0.147568
0.00017516
0.000108871
0.00017516
0.000108871
0
0
0
0
0.147605
0.147605
0.147515
0.147515
6.52902e-05
1.57904e-05
6.52901e-05
1.57904e-05
-1.80031e-11
-7.22755e-11
5.01713e-11
-1.06184e-10
0.147697
0.147697
0.145989
0.145989
0
0
0
0
-7.65753e-11
-2.11086e-10
-4.61043e-11
-2.34945e-11
0.147308
0.147308
0.146714
0.146714
0
0
0
0
2.03317e-10
-1.74948e-10
-1.55502e-10
1.16993e-10
0.147251
0.147251
0.146869
0.146869
0
0
0
0
-1.57749e-10
-1.62018e-10
-5.9038e-11
-4.14405e-11
0.147697
0.147697
0.145989
0.145989
-1.5025e-10
-6.14161e-11
-4.34127e-11
-1.07452e-11
0.147308
0.147308
0.146714
0.146714
-2.53575e-11
1.40738e-10
-6.541e-11
-9.26525e-12
0.147251
0.147251
0.146869
0.146869
0
0
0
0
0.147697
0.147697
0.145989
0.145989
0
0
0
0
0.147308
0.147308
0.146714
0.146714
0
0
0
0
0.147251
0.147251
0.146869
0.146869
0.00886072
0.00659236
0.00886072
0.00659236
-0.00113948
-0.00475
-0.00113948
-0.00475
-4.699e-12
-2.81542e-12
-4.24361e-12
-2.45338e-12
0.000306241
0.00717168
0.000306241
0.00717168
0.00258054
-0.00291658
0.00258054
-0.00291658
-1.95195e-12
-3.01831e-12
-3.38137e-12
-3.26951e-12
-0.0304011
-0.00509779
-0.0304011
-0.00509779
-0.0437387
-0.0397064
-0.0437387
-0.0397064
-3.06391e-12
-2.08151e-12
-5.07184e-12
-4.21741e-12
-0.00163032
0.00447276
-0.00163032
0.00447276
-6.17003e-05
0.00518928
-6.17003e-05
0.00518928
3.33936e-12
-1.21449e-12
3.8605e-12
5.08649e-13
-0.00279688
-0.000782875
-0.00279688
-0.000782875
-0.0530022
-0.0472457
-0.0530022
-0.0472457
3.74094e-12
-1.1918e-12
3.30468e-12
-1.60093e-12
0.036466
0.00629488
0.036466
0.00629488
-0.0307514
-0.0456906
-0.0307514
-0.0456906
1.41772e-12
5.42196e-12
4.98476e-12
6.6664e-12
-0.00921592
-0.010269
-0.00921592
-0.010269
-0.000165874
0.000548318
-0.000165874
0.000548318
6.29439e-13
3.57629e-12
-1.38788e-13
3.03646e-13
-0.00723839
-0.0101121
-0.00723839
-0.0101121
-0.00163078
0.00196186
-0.00163078
0.00196186
1.76275e-12
2.31296e-12
1.1634e-12
3.2062e-12
-0.00300438
-0.00335845
-0.00300438
-0.00335845
-0.00256876
-0.0037501
-0.00256876
-0.0037501
-1.13306e-13
1.00056e-12
3.86462e-13
1.08737e-12
-6.24069e-05
-3.79334e-05
-6.24069e-05
-3.79334e-05
-0.0067654
-0.0067789
-0.0067654
-0.0067789
-1.52103e-13
-1.71022e-13
-1.20225e-12
-6.41651e-13
0.0019101
0.00226443
0.0019101
0.00226443
-0.00194318
-0.00170161
-0.00194318
-0.00170161
1.65487e-13
4.25166e-14
2.54769e-13
9.93175e-14
0.00757273
0.0076291
0.00757273
0.0076291
-0.0011421
-0.00104975
-0.0011421
-0.00104975
-1.3776e-13
-1.68053e-13
-5.80964e-13
-9.2511e-14
0.00886072
0.00659236
0.00886072
0.00659236
-0.00113948
-0.00475
-0.00113948
-0.00475
-1.22966e-12
2.30688e-13
3.11145e-13
5.63235e-13
0.000306241
0.00717168
0.000306241
0.00717168
0.00258054
-0.00291658
0.00258054
-0.00291658
-1.16157e-12
-9.44385e-13
-1.51807e-12
-8.46128e-13
-0.0304011
-0.00509779
-0.0304011
-0.00509779
-0.0437387
-0.0397064
-0.0437387
-0.0397064
-6.41728e-13
-1.77991e-12
-5.28382e-13
-1.96717e-12
-0.00163032
0.00447276
-0.00163032
0.00447276
-6.17003e-05
0.00518928
-6.17003e-05
0.00518928
1.04355e-12
2.43946e-13
1.7146e-12
7.81854e-13
-0.00279688
-0.000782875
-0.00279688
-0.000782875
-0.0530022
-0.0472457
-0.0530022
-0.0472457
5.89703e-13
5.133e-13
9.45023e-13
-7.05982e-14
0.036466
0.00629488
0.036466
0.00629488
-0.0307514
-0.0456906
-0.0307514
-0.0456906
1.77624e-12
1.64628e-12
2.94588e-12
2.43034e-12
-0.00921592
-0.010269
-0.00921592
-0.010269
-0.000165874
0.000548318
-0.000165874
0.000548318
1.55083e-12
2.94204e-12
1.86996e-12
2.17774e-12
-0.00723839
-0.0101121
-0.00723839
-0.0101121
-0.00163078
0.00196186
-0.00163078
0.00196186
2.5824e-12
4.06601e-12
1.65111e-12
3.24738e-12
-0.00300438
-0.00335845
-0.00300438
-0.00335845
-0.00256876
-0.0037501
-0.00256876
-0.0037501
7.59051e-13
8.16415e-13
1.35842e-12
1.05788e-12
-6.24069e-05
-3.79334e-05
-6.24069e-05
-3.79334e-05
-0.0067654
-0.0067789
-0.0067654
-0.0067789
6.12753e-13
8.8596e-13
6.34958e-13
1.46955e-12
0.0019101
0.00226443
0.0019101
0.00226443
-0.00194318
-0.00170161
-0.00194318
-0.00170161
6.55238e-13
8.93567e-13
6.91058e-13
7.65575e-13
0.00757273
0.0076291
0.00757273
0.0076291
-0.0011421
-0.00104975
-0.0011421
-0.00104975
-4.85634e-13
2.43757e-13
2.98887e-13
5.80533e-13
0.00886072
0.00659236
0.00886072
0.00659236
-0.00113948
-0.00475
-0.00113948
-0.00475
-1.46554e-12
3.32272e-13
8.57476e-13
2.04925e-12
0.000306241
0.00717168
0.000306241
0.00717168
0.00258054
-0.00291658
0.00258054
-0.00291658
-2.77589e-12
-2.94127e-12
-2.11855e-12
-1.22513e-12
-0.0304011
-0.00509779
-0.0304011
-0.00509779
-0.0437387
-0.0397064
-0.0437387
-0.0397064
-1.28159e-12
-1.94019e-12
-1.60927e-12
-2.587e-12
-0.00163032
0.00447276
-0.00163032
0.00447276
-6.17003e-05
0.00518928
-6.17003e-05
0.00518928
4.53165e-12
2.12249e-12
4.16606e-12
2.69381e-12
-0.00279688
-0.000782875
-0.00279688
-0.000782875
-0.0530022
-0.0472457
-0.0530022
-0.0472457
1.558e-12
1.07112e-12
3.31406e-12
9.8069e-13
0.036466
0.00629488
0.036466
0.00629488
-0.0307514
-0.0456906
-0.0307514
-0.0456906
3.77747e-12
2.2652e-12
5.09367e-12
4.32347e-12
-0.00921592
-0.010269
-0.00921592
-0.010269
-0.000165874
0.000548318
-0.000165874
0.000548318
2.81755e-12
5.63758e-12
3.45284e-12
5.94536e-12
-0.00723839
-0.0101121
-0.00723839
-0.0101121
-0.00163078
0.00196186
-0.00163078
0.00196186
5.13916e-12
6.46647e-12
4.28066e-12
6.75703e-12
-0.00300438
-0.00335845
-0.00300438
-0.00335845
-0.00256876
-0.0037501
-0.00256876
-0.0037501
2.14682e-12
3.0182e-12
2.43399e-12
2.55613e-12
-6.24069e-05
-3.79334e-05
-6.24069e-05
-3.79334e-05
-0.0067654
-0.0067789
-0.0067654
-0.0067789
1.00356e-12
2.00765e-12
8.04905e-13
2.41315e-12
0.0019101
0.00226443
0.0019101
0.00226443
-0.00194318
-0.00170161
-0.00194318
-0.00170161
1.32746e-12
1.5764e-12
9.99137e-13
1.64836e-12
0.00757273
0.0076291
0.00757273
0.0076291
-0.0011421
-0.00104975
-0.0011421
-0.00104975
-1.1845e-12
1.28144e-12
-1.7287e-13
9.99857e-13
-0.00454496
-0.00477875
-0.00454496
-0.00477875
-0.0049242
-0.00512616
-0.0049242
-0.00512616
-8.98633e-13
-7.5144e-13
-1.24082e-13
-9.19575e-13
-0.00190395
-0.00221014
-0.00190395
-0.00221014
-0.00124481
-0.00143774
-0.00124481
-0.00143774
-4.05298e-13
-5.40827e-13
-3.33395e-13
-9.12948e-14
0.00294004
0.0032789
0.00294004
0.0032789
-0.00278937
-0.00195654
-0.00278937
-0.00195654
1.08356e-12
-4.94744e-13
8.22238e-13
-2.56393e-13
0.00995788
0.00664683
0.00995788
0.00664683
-0.00147031
-0.00613154
-0.00147031
-0.00613154
1.41276e-12
4.71704e-13
-7.56668e-13
-8.82695e-13
0.00703767
0.0091382
0.00703767
0.0091382
0.00281224
-0.00416408
0.00281224
-0.00416408
3.8617e-12
2.66122e-12
2.52958e-12
1.67417e-12
-0.030512
-0.00534136
-0.030512
-0.00534136
-0.0440671
-0.0397435
-0.0440671
-0.0397435
2.14428e-12
1.99846e-12
1.23509e-12
2.4985e-12
-0.00169165
0.0044318
-0.00169165
0.0044318
-1.37241e-05
0.00510153
-1.37241e-05
0.00510153
-5.25412e-12
-2.51103e-12
-2.75123e-12
-2.31072e-12
-0.00281612
-0.000809861
-0.00281612
-0.000809861
-0.0530536
-0.0473248
-0.0530536
-0.0473248
-4.31897e-12
-1.34542e-12
-5.1232e-12
-2.27587e-12
0.0363757
0.00606793
0.0363757
0.00606793
-0.0306879
-0.045436
-0.0306879
-0.045436
1.46054e-12
-3.17393e-12
-9.3054e-13
-5.04438e-12
-0.00801908
-0.00969908
-0.00801908
-0.00969908
0.00345571
0.00263825
0.00345571
0.00263825
-3.62247e-13
-9.86134e-13
-6.26468e-13
-2.31077e-12
-0.000583973
-0.00868
-0.000583973
-0.00868
-0.000803624
0.000877078
-0.000803624
0.000877078
-2.91018e-13
5.87283e-13
-2.41242e-13
1.13611e-13
-0.00762126
-0.00770778
-0.00762126
-0.00770778
-0.00264343
-0.00288345
-0.00264343
-0.00288345
-6.88715e-13
-1.46948e-13
-3.14558e-13
-1.12823e-13
-0.00454496
-0.00477875
-0.00454496
-0.00477875
-0.0049242
-0.00512616
-0.0049242
-0.00512616
-8.35075e-13
-1.65093e-12
-1.53387e-12
-3.65553e-12
-0.00190395
-0.00221014
-0.00190395
-0.00221014
-0.00124481
-0.00143774
-0.00124481
-0.00143774
9.37447e-14
-4.30711e-13
-1.61291e-13
-9.63251e-13
0.00294004
0.0032789
0.00294004
0.0032789
-0.00278937
-0.00195654
-0.00278937
-0.00195654
8.23922e-13
4.87754e-13
-4.54501e-13
-3.14669e-13
0.00995788
0.00664683
0.00995788
0.00664683
-0.00147031
-0.00613154
-0.00147031
-0.00613154
-8.81608e-13
-1.76789e-12
-5.29313e-12
-4.61931e-12
0.00703767
0.0091382
0.00703767
0.0091382
0.00281224
-0.00416408
0.00281224
-0.00416408
3.25932e-12
1.8566e-12
1.99867e-12
-3.9954e-13
-0.030512
-0.00534136
-0.030512
-0.00534136
-0.0440671
-0.0397435
-0.0440671
-0.0397435
-2.68822e-12
1.48024e-12
-4.74525e-12
6.56318e-13
-0.00169165
0.0044318
-0.00169165
0.0044318
-1.37241e-05
0.00510153
-1.37241e-05
0.00510153
-9.71164e-12
-6.0535e-12
-7.00159e-12
-5.5383e-12
-0.00281612
-0.000809861
-0.00281612
-0.000809861
-0.0530536
-0.0473248
-0.0530536
-0.0473248
-6.85378e-12
-5.43199e-12
-9.83535e-12
-7.55087e-12
0.0363757
0.00606793
0.0363757
0.00606793
-0.0306879
-0.045436
-0.0306879
-0.045436
-1.71582e-13
-5.49603e-12
-6.22159e-12
-9.76125e-12
-0.00801908
-0.00969908
-0.00801908
-0.00969908
0.00345571
0.00263825
0.00345571
0.00263825
-1.84492e-12
-4.93618e-12
-1.88454e-12
-5.97381e-12
-0.000583973
-0.00868
-0.000583973
-0.00868
-0.000803624
0.000877078
-0.000803624
0.000877078
-3.7467e-12
-2.36139e-12
-3.37506e-12
-3.99849e-12
-0.00762126
-0.00770778
-0.00762126
-0.00770778
-0.00264343
-0.00288345
-0.00264343
-0.00288345
-1.14008e-12
-2.24014e-12
-1.50903e-12
-2.49638e-12
-0.00454496
-0.00477875
-0.00454496
-0.00477875
-0.0049242
-0.00512616
-0.0049242
-0.00512616
2.44037e-12
2.18435e-12
2.17373e-12
1.71732e-12
-0.00190395
-0.00221014
-0.00190395
-0.00221014
-0.00124481
-0.00143774
-0.00124481
-0.00143774
1.11655e-12
1.73177e-12
1.20306e-12
1.5188e-12
0.00294004
0.0032789
0.00294004
0.0032789
-0.00278937
-0.00195654
-0.00278937
-0.00195654
3.51072e-12
2.19388e-12
2.16667e-12
1.67963e-12
0.00995788
0.00664683
0.00995788
0.00664683
-0.00147031
-0.00613154
-0.00147031
-0.00613154
4.7548e-13
2.34534e-12
3.67971e-13
1.03571e-12
0.00703767
0.0091382
0.00703767
0.0091382
0.00281224
-0.00416408
0.00281224
-0.00416408
2.86909e-12
5.08319e-12
1.05098e-12
2.49449e-12
-0.030512
-0.00534136
-0.030512
-0.00534136
-0.0440671
-0.0397435
-0.0440671
-0.0397435
-6.82367e-13
2.30576e-12
-1.24979e-12
-2.39265e-13
-0.00169165
0.0044318
-0.00169165
0.0044318
-1.37241e-05
0.00510153
-1.37241e-05
0.00510153
-2.92682e-12
-3.32252e-13
-2.95465e-12
6.44336e-15
-0.00281612
-0.000809861
-0.00281612
-0.000809861
-0.0530536
-0.0473248
-0.0530536
-0.0473248
-3.5513e-12
-1.67357e-12
-3.74658e-12
-1.66059e-12
0.0363757
0.00606793
0.0363757
0.00606793
-0.0306879
-0.045436
-0.0306879
-0.045436
-5.26088e-12
-6.13818e-12
-6.75098e-12
-6.20672e-12
-0.00801908
-0.00969908
-0.00801908
-0.00969908
0.00345571
0.00263825
0.00345571
0.00263825
6.75655e-14
-1.97347e-12
1.82523e-12
9.3352e-13
-0.000583973
-0.00868
-0.000583973
-0.00868
-0.000803624
0.000877078
-0.000803624
0.000877078
-2.43972e-12
-3.85124e-12
-1.63458e-12
-3.7499e-12
-0.00762126
-0.00770778
-0.00762126
-0.00770778
-0.00264343
-0.00288345
-0.00264343
-0.00288345
1.84971e-12
-2.73027e-13
1.65856e-12
-1.70249e-13
0.00886072
0.00659236
0.00886072
0.00659236
-0.00113948
-0.00475
-0.00113948
-0.00475
-3.31015e-12
-1.77478e-12
-3.51705e-12
-1.82223e-12
0.000306241
0.00717168
0.000306241
0.00717168
0.00258054
-0.00291658
0.00258054
-0.00291658
8.37127e-13
-1.05002e-13
-1.68129e-12
-1.59112e-12
-0.0304011
-0.00509779
-0.0304011
-0.00509779
-0.0437387
-0.0397064
-0.0437387
-0.0397064
-3.11845e-12
-5.40144e-13
-4.18339e-12
-2.55234e-12
-0.00163032
0.00447276
-0.00163032
0.00447276
-6.17003e-05
0.00518928
-6.17003e-05
0.00518928
2.58876e-12
-8.24331e-13
2.91169e-12
6.21447e-13
-0.00279688
-0.000782875
-0.00279688
-0.000782875
-0.0530022
-0.0472457
-0.0530022
-0.0472457
2.64298e-12
-1.77981e-12
2.27803e-12
-1.56841e-12
0.036466
0.00629488
0.036466
0.00629488
-0.0307514
-0.0456906
-0.0307514
-0.0456906
2.86747e-12
5.15317e-12
3.75842e-12
5.0095e-12
-0.00921592
-0.010269
-0.00921592
-0.010269
-0.000165874
0.000548318
-0.000165874
0.000548318
3.21517e-13
2.07099e-12
-1.33381e-13
1.08268e-13
-0.00723839
-0.0101121
-0.00723839
-0.0101121
-0.00163078
0.00196186
-0.00163078
0.00196186
5.49466e-13
1.58596e-12
4.21831e-13
1.37312e-12
-0.00300438
-0.00335845
-0.00300438
-0.00335845
-0.00256876
-0.0037501
-0.00256876
-0.0037501
-1.23254e-13
2.91584e-13
6.90618e-14
5.36396e-13
-6.24069e-05
-3.79334e-05
-6.24069e-05
-3.79334e-05
-0.0067654
-0.0067789
-0.0067654
-0.0067789
-1.05661e-13
-2.0006e-13
-5.43941e-13
-2.31694e-13
0.0019101
0.00226443
0.0019101
0.00226443
-0.00194318
-0.00170161
-0.00194318
-0.00170161
6.05566e-14
2.06313e-14
3.2223e-13
-3.18245e-14
0.00757273
0.0076291
0.00757273
0.0076291
-0.0011421
-0.00104975
-0.0011421
-0.00104975
4.54109e-13
-1.84614e-13
-4.66035e-15
-5.32317e-15
0.00886072
0.00659236
0.00886072
0.00659236
-0.00113948
-0.00475
-0.00113948
-0.00475
-3.95628e-12
-2.54416e-12
-4.65344e-12
-2.9962e-12
0.000306241
0.00717168
0.000306241
0.00717168
0.00258054
-0.00291658
0.00258054
-0.00291658
-2.64036e-12
-3.37705e-12
-2.54449e-12
-3.00338e-12
-0.0304011
-0.00509779
-0.0304011
-0.00509779
-0.0437387
-0.0397064
-0.0437387
-0.0397064
-5.83655e-12
-3.50828e-12
-6.48306e-12
-4.41267e-12
-0.00163032
0.00447276
-0.00163032
0.00447276
-6.17003e-05
0.00518928
-6.17003e-05
0.00518928
-2.34877e-12
-3.17001e-12
-3.04641e-12
-2.47114e-12
-0.00279688
-0.000782875
-0.00279688
-0.000782875
-0.0530022
-0.0472457
-0.0530022
-0.0472457
-1.80873e-12
-3.88479e-12
-2.00471e-12
-4.31755e-12
0.036466
0.00629488
0.036466
0.00629488
-0.0307514
-0.0456906
-0.0307514
-0.0456906
-4.07121e-12
-1.62493e-12
-5.55208e-12
-2.42108e-12
-0.00921592
-0.010269
-0.00921592
-0.010269
-0.000165874
0.000548318
-0.000165874
0.000548318
-6.53804e-13
-3.34317e-12
-3.40085e-13
-3.98274e-12
-0.00723839
-0.0101121
-0.00723839
-0.0101121
-0.00163078
0.00196186
-0.00163078
0.00196186
-1.60856e-12
-3.60289e-12
-1.75293e-12
-4.39235e-12
-0.00300438
-0.00335845
-0.00300438
-0.00335845
-0.00256876
-0.0037501
-0.00256876
-0.0037501
6.10492e-13
-7.04549e-13
3.58073e-13
-9.02694e-13
-6.24069e-05
-3.79334e-05
-6.24069e-05
-3.79334e-05
-0.0067654
-0.0067789
-0.0067654
-0.0067789
-3.68378e-13
-6.28878e-13
-1.63519e-12
-2.452e-12
0.0019101
0.00226443
0.0019101
0.00226443
-0.00194318
-0.00170161
-0.00194318
-0.00170161
-2.30372e-13
4.31206e-13
-2.37263e-13
-5.31339e-14
0.00757273
0.0076291
0.00757273
0.0076291
-0.0011421
-0.00104975
-0.0011421
-0.00104975
-2.62598e-12
-9.2031e-13
-1.77115e-12
-7.50465e-13
0.00886072
0.00659236
0.00886072
0.00659236
-0.00113948
-0.00475
-0.00113948
-0.00475
1.06955e-12
9.60506e-13
1.23893e-12
1.55094e-12
0.000306241
0.00717168
0.000306241
0.00717168
0.00258054
-0.00291658
0.00258054
-0.00291658
-1.93826e-12
-1.78954e-12
-4.19129e-13
-5.87759e-14
-0.0304011
-0.00509779
-0.0304011
-0.00509779
-0.0437387
-0.0397064
-0.0437387
-0.0397064
5.40058e-13
-5.12059e-13
6.47884e-13
6.72448e-14
-0.00163032
0.00447276
-0.00163032
0.00447276
-6.17003e-05
0.00518928
-6.17003e-05
0.00518928
9.85832e-13
8.95327e-13
-9.3083e-13
1.26836e-14
-0.00279688
-0.000782875
-0.00279688
-0.000782875
-0.0530022
-0.0472457
-0.0530022
-0.0472457
1.71971e-12
2.78186e-12
2.02503e-12
1.2776e-12
0.036466
0.00629488
0.036466
0.00629488
-0.0307514
-0.0456906
-0.0307514
-0.0456906
-3.7873e-12
-1.51823e-12
-2.19327e-12
-5.29061e-14
-0.00921592
-0.010269
-0.00921592
-0.010269
-0.000165874
0.000548318
-0.000165874
0.000548318
-3.17476e-13
-1.0507e-12
3.74758e-13
-1.31648e-13
-0.00723839
-0.0101121
-0.00723839
-0.0101121
-0.00163078
0.00196186
-0.00163078
0.00196186
-1.50685e-12
-2.43572e-12
-1.04543e-12
-1.35701e-12
-0.00300438
-0.00335845
-0.00300438
-0.00335845
-0.00256876
-0.0037501
-0.00256876
-0.0037501
9.67352e-13
-6.48701e-14
7.07647e-13
-4.74121e-13
-6.24069e-05
-3.79334e-05
-6.24069e-05
-3.79334e-05
-0.0067654
-0.0067789
-0.0067654
-0.0067789
6.51358e-13
8.69797e-13
4.5989e-13
5.87877e-13
0.0019101
0.00226443
0.0019101
0.00226443
-0.00194318
-0.00170161
-0.00194318
-0.00170161
9.79999e-13
9.49408e-13
5.76078e-13
9.11496e-13
0.00757273
0.0076291
0.00757273
0.0076291
-0.0011421
-0.00104975
-0.0011421
-0.00104975
-2.48034e-13
1.2452e-12
2.11226e-13
7.5838e-13
-0.00454496
-0.00477875
-0.00454496
-0.00477875
-0.0049242
-0.00512616
-0.0049242
-0.00512616
-6.26551e-13
-6.78256e-13
-1.60698e-13
-8.3893e-13
-0.00190395
-0.00221014
-0.00190395
-0.00221014
-0.00124481
-0.00143774
-0.00124481
-0.00143774
-1.34039e-13
1.05127e-14
-6.01303e-14
4.08914e-14
0.00294004
0.0032789
0.00294004
0.0032789
-0.00278937
-0.00195654
-0.00278937
-0.00195654
2.18123e-13
-3.86648e-13
5.96031e-13
-7.16248e-14
0.00995788
0.00664683
0.00995788
0.00664683
-0.00147031
-0.00613154
-0.00147031
-0.00613154
2.24842e-13
1.93415e-13
-6.98801e-13
-4.7903e-13
0.00703767
0.0091382
0.00703767
0.0091382
0.00281224
-0.00416408
0.00281224
-0.00416408
2.99895e-12
9.86217e-13
1.20108e-12
7.3124e-13
-0.030512
-0.00534136
-0.030512
-0.00534136
-0.0440671
-0.0397435
-0.0440671
-0.0397435
9.01218e-13
1.73677e-12
1.57879e-13
1.12729e-12
-0.00169165
0.0044318
-0.00169165
0.0044318
-1.37241e-05
0.00510153
-1.37241e-05
0.00510153
-4.81822e-12
-1.6829e-12
-3.32807e-12
-1.97644e-12
-0.00281612
-0.000809861
-0.00281612
-0.000809861
-0.0530536
-0.0473248
-0.0530536
-0.0473248
-2.67242e-12
-5.51744e-13
-3.98649e-12
-1.70407e-12
0.0363757
0.00606793
0.0363757
0.00606793
-0.0306879
-0.045436
-0.0306879
-0.045436
9.28024e-15
-2.70648e-12
-2.97505e-12
-5.42638e-12
-0.00801908
-0.00969908
-0.00801908
-0.00969908
0.00345571
0.00263825
0.00345571
0.00263825
-5.54306e-13
-1.65441e-12
-5.89548e-13
-2.37726e-12
-0.000583973
-0.00868
-0.000583973
-0.00868
-0.000803624
0.000877078
-0.000803624
0.000877078
-1.36466e-12
-1.25158e-12
-8.76549e-13
-1.22503e-12
-0.00762126
-0.00770778
-0.00762126
-0.00770778
-0.00264343
-0.00288345
-0.00264343
-0.00288345
-1.29141e-13
-1.78529e-13
-2.94232e-13
-2.58685e-13
-0.00454496
-0.00477875
-0.00454496
-0.00477875
-0.0049242
-0.00512616
-0.0049242
-0.00512616
-2.621e-13
-8.66389e-13
-1.38316e-12
-2.00095e-12
-0.00190395
-0.00221014
-0.00190395
-0.00221014
-0.00124481
-0.00143774
-0.00124481
-0.00143774
6.41445e-13
6.54513e-13
2.82244e-13
-3.8583e-13
0.00294004
0.0032789
0.00294004
0.0032789
-0.00278937
-0.00195654
-0.00278937
-0.00195654
-1.38529e-13
1.06147e-12
-5.50119e-13
3.1154e-13
0.00995788
0.00664683
0.00995788
0.00664683
-0.00147031
-0.00613154
-0.00147031
-0.00613154
2.24547e-13
-5.21803e-13
-1.32931e-12
-1.56511e-12
0.00703767
0.0091382
0.00703767
0.0091382
0.00281224
-0.00416408
0.00281224
-0.00416408
1.16759e-12
-1.28921e-12
9.93844e-13
-6.78873e-13
-0.030512
-0.00534136
-0.030512
-0.00534136
-0.0440671
-0.0397435
-0.0440671
-0.0397435
1.2197e-12
3.45179e-12
-1.15794e-12
1.65736e-12
-0.00169165
0.0044318
-0.00169165
0.0044318
-1.37241e-05
0.00510153
-1.37241e-05
0.00510153
-4.22461e-12
-2.10365e-12
-2.72587e-12
-2.25731e-12
-0.00281612
-0.000809861
-0.00281612
-0.000809861
-0.0530536
-0.0473248
-0.0530536
-0.0473248
-2.78813e-12
-2.2191e-12
-4.13609e-12
-2.68604e-12
0.0363757
0.00606793
0.0363757
0.00606793
-0.0306879
-0.045436
-0.0306879
-0.045436
3.64773e-12
-2.02293e-12
-1.41745e-12
-4.20459e-12
-0.00801908
-0.00969908
-0.00801908
-0.00969908
0.00345571
0.00263825
0.00345571
0.00263825
-7.07209e-13
-1.7691e-12
-8.64479e-13
-3.13773e-12
-0.000583973
-0.00868
-0.000583973
-0.00868
-0.000803624
0.000877078
-0.000803624
0.000877078
-3.55187e-13
5.79251e-13
-9.0833e-13
-1.76293e-13
-0.00762126
-0.00770778
-0.00762126
-0.00770778
-0.00264343
-0.00288345
-0.00264343
-0.00288345
4.78452e-13
2.01594e-13
-5.44495e-13
-6.78276e-13
-0.00454496
-0.00477875
-0.00454496
-0.00477875
-0.0049242
-0.00512616
-0.0049242
-0.00512616
1.75144e-12
1.56242e-12
1.0068e-12
1.03983e-12
-0.00190395
-0.00221014
-0.00190395
-0.00221014
-0.00124481
-0.00143774
-0.00124481
-0.00143774
1.10164e-12
1.71222e-12
1.03101e-12
1.30748e-12
0.00294004
0.0032789
0.00294004
0.0032789
-0.00278937
-0.00195654
-0.00278937
-0.00195654
8.55555e-13
1.60866e-12
4.73164e-13
1.15093e-12
0.00995788
0.00664683
0.00995788
0.00664683
-0.00147031
-0.00613154
-0.00147031
-0.00613154
-8.98008e-13
2.55167e-13
-9.06273e-13
-1.94821e-13
0.00703767
0.0091382
0.00703767
0.0091382
0.00281224
-0.00416408
0.00281224
-0.00416408
-2.67949e-12
-6.82488e-13
-8.75369e-13
-2.77744e-13
-0.030512
-0.00534136
-0.030512
-0.00534136
-0.0440671
-0.0397435
-0.0440671
-0.0397435
-2.64103e-12
-1.71384e-12
-2.51012e-12
-1.73956e-12
-0.00169165
0.0044318
-0.00169165
0.0044318
-1.37241e-05
0.00510153
-1.37241e-05
0.00510153
-2.24947e-12
-6.05344e-13
-2.58553e-12
-1.4945e-13
-0.00281612
-0.000809861
-0.00281612
-0.000809861
-0.0530536
-0.0473248
-0.0530536
-0.0473248
-2.26234e-12
-1.49883e-12
-2.78014e-12
-1.48575e-12
0.0363757
0.00606793
0.0363757
0.00606793
-0.0306879
-0.045436
-0.0306879
-0.045436
-6.323e-12
-5.05044e-12
-6.6552e-12
-4.45093e-12
-0.00801908
-0.00969908
-0.00801908
-0.00969908
0.00345571
0.00263825
0.00345571
0.00263825
-5.54209e-14
-1.75969e-12
1.49387e-12
7.51923e-13
-0.000583973
-0.00868
-0.000583973
-0.00868
-0.000803624
0.000877078
-0.000803624
0.000877078
-2.95906e-12
-4.62594e-12
-1.66419e-12
-3.86377e-12
-0.00762126
-0.00770778
-0.00762126
-0.00770778
-0.00264343
-0.00288345
-0.00264343
-0.00288345
1.63838e-12
-4.78058e-13
1.44978e-12
-1.24009e-13
-0.146157
-0.146157
-0.148461
-0.148461
1.00038e-10
5.93366e-11
-6.47857e-11
-8.86033e-11
-0.00043397
-0.00159216
-0.00043397
-0.00159216
-0.147102
-0.147102
-0.147688
-0.147688
5.02676e-11
-7.96288e-11
-6.31797e-11
-2.5835e-11
-0.00010864
-0.000271001
-0.00010864
-0.000271001
-0.147307
-0.147307
-0.147559
-0.147559
3.00454e-11
-1.14939e-11
-1.85678e-11
1.42508e-11
-1.25386e-05
-6.60605e-05
-1.25387e-05
-6.60606e-05
-0.146157
-0.146157
-0.148461
-0.148461
3.54758e-11
4.7011e-11
-8.27449e-11
-1.86661e-10
-0.00043397
-0.00159216
-0.00043397
-0.00159216
-0.147102
-0.147102
-0.147688
-0.147688
-2.83096e-11
-6.35903e-11
-4.42862e-11
-1.21978e-10
-0.00010864
-0.000271002
-0.00010864
-0.000271002
-0.147307
-0.147307
-0.147559
-0.147559
-4.08995e-11
-1.22858e-11
2.64392e-11
-6.12436e-11
-1.25387e-05
-6.60605e-05
-1.25387e-05
-6.60608e-05
-0.146157
-0.146157
-0.148461
-0.148461
2.63787e-11
3.97693e-11
-5.00629e-11
-6.55032e-11
-0.00043397
-0.00159216
-0.00043397
-0.00159216
-0.147102
-0.147102
-0.147688
-0.147688
-6.22136e-12
5.95608e-11
-1.44774e-11
-5.22227e-11
-0.00010864
-0.000271002
-0.00010864
-0.000271002
-0.147307
-0.147307
-0.147559
-0.147559
-1.71141e-11
4.22832e-11
9.2751e-12
-3.77174e-11
-1.25388e-05
-6.60605e-05
-1.25388e-05
-6.60606e-05
-0.1481
-0.1481
-0.147872
-0.147872
-2.56611e-12
-3.74047e-11
-6.13435e-11
-4.22653e-11
9.9095e-05
0.000142378
9.90951e-05
0.000142378
-0.147814
-0.147814
-0.147656
-0.147656
-5.94771e-12
-3.72889e-11
-6.64843e-11
-2.42235e-11
4.11887e-05
6.99235e-05
4.11887e-05
6.99236e-05
-0.147674
-0.147674
-0.147551
-0.147551
-3.24382e-11
-7.06975e-11
-3.12399e-11
-2.72271e-11
6.04237e-06
2.8254e-05
6.04238e-06
2.82539e-05
-0.1481
-0.1481
-0.147872
-0.147872
-9.14008e-11
-1.7914e-10
-9.46859e-11
-1.70072e-10
9.90948e-05
0.000142378
9.90949e-05
0.000142378
-0.147814
-0.147814
-0.147656
-0.147656
1.51305e-11
-1.03391e-10
-5.07944e-11
-1.11515e-10
4.11886e-05
6.99233e-05
4.11887e-05
6.99234e-05
-0.147674
-0.147674
-0.147551
-0.147551
-9.85456e-12
-6.97155e-11
-1.18667e-11
-2.69675e-11
6.04236e-06
2.82539e-05
6.04238e-06
2.82538e-05
-0.1481
-0.1481
-0.147872
-0.147872
-9.05534e-11
-1.00754e-10
-1.56748e-11
-6.99627e-11
9.90947e-05
0.000142378
9.90947e-05
0.000142378
-0.147814
-0.147814
-0.147656
-0.147656
1.17795e-11
-3.53245e-11
2.53597e-11
-7.49135e-11
4.11885e-05
6.99233e-05
4.11886e-05
6.99233e-05
-0.147674
-0.147674
-0.147551
-0.147551
2.08327e-11
-2.53701e-11
4.52267e-11
-3.25875e-11
6.04239e-06
2.82537e-05
6.04238e-06
2.82537e-05
-0.148239
-0.148239
-0.14544
-0.14544
-1.33694e-11
-2.20668e-12
2.5074e-11
7.26604e-11
0.000642609
0.00173017
0.000642609
0.00173017
-0.14741
-0.14741
-0.146534
-0.146534
-3.16988e-11
-2.17621e-11
-5.21768e-11
1.35021e-10
0.000174752
0.000392638
0.000174752
0.000392638
-0.147273
-0.147273
-0.146845
-0.146845
1.45486e-11
-3.98847e-11
-1.16034e-10
1.1537e-10
2.12441e-05
0.000108506
2.12441e-05
0.000108506
-0.148239
-0.148239
-0.14544
-0.14544
-8.14944e-11
-8.73822e-11
2.04516e-11
1.1266e-11
0.000642609
0.00173017
0.000642609
0.00173017
-0.14741
-0.14741
-0.146534
-0.146534
-5.60586e-11
-8.87738e-11
1.30472e-12
-1.16631e-11
0.000174752
0.000392638
0.000174752
0.000392638
-0.147273
-0.147273
-0.146845
-0.146845
1.97108e-11
-4.78746e-11
-4.43895e-12
-1.00011e-11
2.12441e-05
0.000108506
2.12441e-05
0.000108506
-0.148239
-0.148239
-0.14544
-0.14544
-6.80974e-11
-8.23524e-11
-1.39958e-11
3.89727e-13
0.000642609
0.00173017
0.000642609
0.00173017
-0.14741
-0.14741
-0.146534
-0.146534
7.03056e-12
-4.03638e-12
4.59731e-12
-3.4195e-11
0.000174752
0.000392638
0.000174752
0.000392638
-0.147273
-0.147273
-0.146845
-0.146845
2.61586e-11
3.89448e-11
1.45218e-11
-6.17871e-11
2.12441e-05
0.000108506
2.12441e-05
0.000108506
-0.148216
-0.148216
-0.146464
-0.146464
5.21462e-11
2.81714e-11
-1.27381e-10
-1.43295e-10
0.000372696
0.00104848
0.000372696
0.00104848
-0.147599
-0.147599
-0.147118
-0.147118
3.95502e-11
-8.71349e-11
-9.77811e-11
-1.81547e-11
9.05382e-05
0.000215271
9.05384e-05
0.000215271
-0.147502
-0.147502
-0.147294
-0.147294
3.30104e-11
-6.44579e-11
-8.83848e-11
-1.52902e-11
1.0415e-05
5.45568e-05
1.0415e-05
5.45569e-05
-0.148216
-0.148216
-0.146464
-0.146464
1.56722e-10
1.62846e-10
-1.44497e-10
-9.71827e-11
0.000372695
0.00104848
0.000372695
0.00104848
-0.147599
-0.147599
-0.147118
-0.147118
3.26203e-12
1.42823e-11
-1.37242e-10
2.85379e-11
9.05379e-05
0.00021527
9.05382e-05
0.00021527
-0.147502
-0.147502
-0.147294
-0.147294
-1.39932e-10
2.21368e-11
-1.27364e-10
3.031e-11
1.04151e-05
5.45563e-05
1.04152e-05
5.45564e-05
-0.148216
-0.148216
-0.146464
-0.146464
5.95292e-11
7.41422e-11
-5.34841e-11
-1.15303e-11
0.000372694
0.00104848
0.000372695
0.00104848
-0.147599
-0.147599
-0.147118
-0.147118
1.23957e-11
-3.36515e-11
-1.08342e-10
-4.05948e-12
9.05378e-05
0.000215269
9.05379e-05
0.000215269
-0.147502
-0.147502
-0.147294
-0.147294
-2.54147e-11
2.33237e-12
-1.11241e-10
4.83518e-12
1.04153e-05
5.4556e-05
1.04152e-05
5.45561e-05
-0.148042
-0.148042
-0.147814
-0.147814
6.84999e-11
8.07348e-11
-1.00612e-10
-1.38114e-10
6.37256e-06
-7.75797e-06
6.373e-06
-7.75753e-06
-0.147657
-0.147657
-0.147719
-0.147719
7.2922e-12
-5.98656e-11
-2.89341e-11
-1.4711e-10
-2.41443e-05
-2.99167e-05
-2.41439e-05
-2.99165e-05
-0.147526
-0.147526
-0.147614
-0.147614
2.79443e-11
-9.77429e-11
3.91756e-11
-1.25623e-10
-4.29714e-06
-1.87466e-05
-4.29708e-06
-1.87464e-05
-0.148042
-0.148042
-0.147814
-0.147814
2.06318e-10
6.54166e-11
-2.06774e-10
-2.42754e-10
6.37128e-06
-7.75989e-06
6.37229e-06
-7.75849e-06
-0.147657
-0.147657
-0.147719
-0.147719
1.97601e-10
-1.10236e-10
-1.10747e-10
-1.44394e-10
-2.41447e-05
-2.99181e-05
-2.41442e-05
-2.99172e-05
-0.147526
-0.147526
-0.147614
-0.147614
6.59193e-11
6.03031e-11
-2.3278e-11
-6.40532e-11
-4.29702e-06
-1.87473e-05
-4.29691e-06
-1.87466e-05
-0.148042
-0.148042
-0.147814
-0.147814
1.35266e-10
4.61512e-11
-9.78034e-11
-1.14138e-10
6.3706e-06
-7.76134e-06
6.37103e-06
-7.76054e-06
-0.147657
-0.147657
-0.147719
-0.147719
6.26802e-11
-8.04105e-11
-6.25201e-11
-8.9952e-11
-2.41447e-05
-2.99191e-05
-2.41445e-05
-2.99185e-05
-0.147526
-0.147526
-0.147614
-0.147614
5.54179e-12
7.70462e-11
-3.0699e-11
-7.28922e-11
-4.29676e-06
-1.87476e-05
-4.29676e-06
-1.87472e-05
-0.145008
-0.145008
-0.148364
-0.148364
1.29586e-10
8.11157e-11
-4.72529e-11
-4.63336e-11
-0.000668094
-0.00230979
-0.000668094
-0.00230979
-0.146487
-0.146487
-0.147408
-0.147408
4.86254e-11
4.28307e-11
8.44272e-12
2.38265e-11
-0.000176574
-0.000423465
-0.000176574
-0.000423465
-0.146835
-0.146835
-0.147258
-0.147258
7.50455e-12
1.57435e-10
7.22495e-11
-5.55476e-11
-2.09846e-05
-0.000108931
-2.09845e-05
-0.000108931
-0.145008
-0.145008
-0.148364
-0.148364
3.00317e-10
1.96477e-10
-1.08493e-10
-3.03013e-10
-0.000668095
-0.00230979
-0.000668094
-0.00230979
-0.146487
-0.146487
-0.147408
-0.147408
1.50239e-10
-5.61276e-11
3.36381e-11
-2.8177e-11
-0.000176575
-0.000423466
-0.000176574
-0.000423465
-0.146835
-0.146835
-0.147258
-0.147258
5.59263e-11
1.06156e-10
-5.45883e-11
-3.11618e-11
-2.09846e-05
-0.000108932
-2.09846e-05
-0.000108931
-0.145008
-0.145008
-0.148364
-0.148364
1.44243e-10
1.46648e-10
-6.39861e-11
-1.37313e-10
-0.000668096
-0.00230979
-0.000668096
-0.00230979
-0.146487
-0.146487
-0.147408
-0.147408
5.79856e-11
-3.76273e-11
5.85946e-12
2.05147e-11
-0.000176575
-0.000423467
-0.000176575
-0.000423466
-0.146835
-0.146835
-0.147258
-0.147258
1.79721e-11
-3.63162e-11
-4.05283e-11
-4.84869e-12
-2.09844e-05
-0.000108932
-2.09844e-05
-0.000108931
0.146845
0.146845
0.147273
0.147273
-3.88626e-11
-8.19828e-11
-1.81456e-10
1.38079e-10
-0.000108503
-2.12444e-05
-0.000108503
-2.12443e-05
0.146534
0.146534
0.14741
0.14741
-9.88625e-12
-1.59552e-10
-1.13754e-10
4.35329e-11
-0.000392633
-0.00017475
-0.000392634
-0.00017475
0.14544
0.14544
0.148239
0.148239
-1.3494e-10
-2.57191e-10
7.98194e-11
4.11045e-11
-0.00173016
-0.000642604
-0.00173016
-0.000642605
0.146845
0.146845
0.147273
0.147273
-1.09187e-10
-1.97191e-10
-2.61571e-10
1.45499e-10
-0.000108503
-2.12436e-05
-0.000108503
-2.12443e-05
0.146534
0.146534
0.14741
0.14741
-7.21582e-11
-2.63225e-10
-2.72161e-11
-4.0919e-11
-0.000392634
-0.000174749
-0.000392635
-0.00017475
0.14544
0.14544
0.148239
0.148239
-2.27356e-10
-2.89135e-10
2.23132e-10
4.15488e-12
-0.00173017
-0.000642605
-0.00173017
-0.000642606
0.146845
0.146845
0.147273
0.147273
-5.30206e-11
-8.87406e-11
2.28e-11
-3.17241e-11
-0.000108503
-2.12435e-05
-0.000108503
-2.12443e-05
0.146534
0.146534
0.14741
0.14741
4.18366e-11
-4.64438e-11
5.53099e-11
-2.37097e-11
-0.000392635
-0.00017475
-0.000392635
-0.00017475
0.14544
0.14544
0.148239
0.148239
-9.08303e-11
-6.92861e-11
1.01143e-10
-1.35407e-11
-0.00173017
-0.000642606
-0.00173017
-0.000642607
0.147551
0.147551
0.147674
0.147674
4.99946e-13
9.72889e-11
6.6555e-11
5.81888e-11
-2.82516e-05
-6.04245e-06
-2.82514e-05
-6.0425e-06
0.147656
0.147656
0.147814
0.147814
1.37275e-11
-2.24246e-11
9.1064e-11
1.64044e-10
-6.9919e-05
-4.11866e-05
-6.99193e-05
-4.11867e-05
0.147872
0.147872
0.1481
0.1481
-1.62894e-10
-2.1244e-10
1.03091e-10
2.03456e-10
-0.000142372
-9.90906e-05
-0.000142372
-9.90909e-05
0.147551
0.147551
0.147674
0.147674
-7.59619e-11
2.24772e-11
1.38279e-10
5.03623e-11
-2.82513e-05
-6.0423e-06
-2.82512e-05
-6.0426e-06
0.147656
0.147656
0.147814
0.147814
-1.29276e-10
-2.31983e-10
2.83713e-10
1.6074e-10
-6.99194e-05
-4.11862e-05
-6.992e-05
-4.11866e-05
0.147872
0.147872
0.1481
0.1481
-1.02813e-10
-1.79121e-10
3.04844e-10
2.65789e-10
-0.000142373
-9.90907e-05
-0.000142374
-9.90915e-05
0.147551
0.147551
0.147674
0.147674
-1.45711e-11
-3.21803e-11
5.78013e-11
1.83744e-12
-2.82511e-05
-6.0421e-06
-2.82511e-05
-6.04254e-06
0.147656
0.147656
0.147814
0.147814
-1.15866e-11
-1.10781e-10
1.1787e-10
4.44923e-11
-6.99201e-05
-4.11861e-05
-6.99204e-05
-4.11865e-05
0.147872
0.147872
0.1481
0.1481
9.90528e-13
-3.39737e-11
1.05446e-10
9.2077e-11
-0.000142375
-9.90917e-05
-0.000142375
-9.9092e-05
0.147559
0.147559
0.147307
0.147307
2.21341e-10
-1.11137e-10
2.26046e-10
-3.83863e-11
6.60631e-05
1.25385e-05
6.6063e-05
1.25385e-05
0.147688
0.147688
0.147102
0.147102
2.72893e-10
9.92927e-11
2.12476e-10
1.346e-10
0.000271005
0.000108642
0.000271005
0.000108642
0.148461
0.148461
0.146157
0.146157
3.05852e-11
6.76355e-11
1.52117e-10
1.8315e-10
0.00159216
0.000433974
0.00159216
0.000433974
0.147559
0.147559
0.147307
0.147307
3.12642e-10
-1.02323e-10
3.63906e-10
-6.42058e-11
6.60629e-05
1.25387e-05
6.60628e-05
1.25385e-05
0.147688
0.147688
0.147102
0.147102
3.45105e-10
1.29995e-10
4.21992e-10
1.57918e-10
0.000271005
0.000108642
0.000271004
0.000108642
0.148461
0.148461
0.146157
0.146157
1.19022e-10
1.4202e-10
3.84853e-10
3.38391e-10
0.00159216
0.000433973
0.00159216
0.000433973
0.147559
0.147559
0.147307
0.147307
1.04149e-10
-2.12372e-11
1.86922e-10
-6.17292e-11
6.60626e-05
1.25388e-05
6.60626e-05
1.25386e-05
0.147688
0.147688
0.147102
0.147102
1.13147e-10
6.51895e-11
1.66278e-10
3.00922e-11
0.000271004
0.000108642
0.000271004
0.000108641
0.148461
0.148461
0.146157
0.146157
1.52194e-11
6.89728e-11
1.35893e-10
1.03604e-10
0.00159216
0.000433973
0.00159216
0.000433972
0.146464
0.146464
0.148216
0.148216
-2.10615e-11
-1.38382e-11
5.65941e-12
4.34385e-11
-0.00104848
-0.000372693
-0.00104848
-0.000372693
0.147118
0.147118
0.147599
0.147599
4.3843e-11
7.28386e-11
-1.00705e-10
9.76932e-11
-0.000215268
-9.05366e-05
-0.000215268
-9.05367e-05
0.147294
0.147294
0.147502
0.147502
-1.89772e-11
8.26485e-11
-1.65192e-10
1.99029e-10
-5.45547e-05
-1.04153e-05
-5.45549e-05
-1.04153e-05
0.146464
0.146464
0.148216
0.148216
1.03364e-10
8.61196e-11
2.10067e-10
9.48795e-11
-0.00104848
-0.000372692
-0.00104848
-0.000372693
0.147118
0.147118
0.147599
0.147599
2.08498e-10
1.31702e-10
5.5361e-11
1.33163e-10
-0.000215267
-9.05362e-05
-0.000215268
-9.05365e-05
0.147294
0.147294
0.147502
0.147502
9.1888e-11
6.20614e-11
-5.72118e-11
1.7547e-10
-5.45542e-05
-1.04154e-05
-5.45547e-05
-1.04154e-05
0.146464
0.146464
0.148216
0.148216
2.95559e-11
4.17849e-11
1.0165e-10
4.86875e-11
-0.00104848
-0.000372692
-0.00104848
-0.000372692
0.147118
0.147118
0.147599
0.147599
1.03637e-10
9.83963e-11
7.45243e-11
5.18149e-11
-0.000215266
-9.0536e-05
-0.000215267
-9.05362e-05
0.147294
0.147294
0.147502
0.147502
8.95898e-11
3.70947e-11
1.37575e-11
3.21243e-11
-5.45537e-05
-1.04155e-05
-5.45542e-05
-1.04156e-05
0.147814
0.147814
0.148042
0.148042
6.3408e-11
1.74947e-11
7.52802e-11
-1.37807e-11
7.75952e-06
-6.37131e-06
7.75958e-06
-6.37115e-06
0.147719
0.147719
0.147657
0.147657
2.66294e-11
-7.56705e-12
3.46607e-11
-4.74508e-11
2.99184e-05
2.41452e-05
2.99185e-05
2.41452e-05
0.147614
0.147614
0.147526
0.147526
-9.12274e-11
2.55961e-12
1.31393e-11
-1.89786e-11
1.87483e-05
4.29669e-06
1.87482e-05
4.29665e-06
0.147814
0.147814
0.148042
0.148042
6.24203e-11
3.40727e-11
1.42001e-10
7.77428e-11
7.75983e-06
-6.3712e-06
7.75963e-06
-6.37126e-06
0.147719
0.147719
0.147657
0.147657
7.07243e-11
2.58804e-11
1.229e-10
7.75328e-12
2.99184e-05
2.41451e-05
2.99184e-05
2.41451e-05
0.147614
0.147614
0.147526
0.147526
-7.97189e-11
5.53816e-12
6.17839e-11
4.50081e-12
1.8748e-05
4.2968e-06
1.87476e-05
4.29675e-06
0.147814
0.147814
0.148042
0.148042
7.29584e-11
7.10798e-11
1.10529e-10
1.07069e-10
7.7599e-06
-6.37117e-06
7.75984e-06
-6.37123e-06
0.147719
0.147719
0.147657
0.147657
3.72255e-12
3.98849e-12
1.28099e-10
6.81157e-11
2.99184e-05
2.4145e-05
2.99184e-05
2.4145e-05
0.147614
0.147614
0.147526
0.147526
-3.7095e-11
1.4412e-11
1.00567e-10
-2.71408e-11
1.87477e-05
4.29683e-06
1.87475e-05
4.29679e-06
0.148364
0.148364
0.145008
0.145008
9.44396e-11
6.61595e-11
1.61725e-12
5.49043e-11
0.00230979
0.000668093
0.00230979
0.000668093
0.147408
0.147408
0.146487
0.146487
8.67435e-11
9.80826e-11
7.03431e-11
4.86311e-11
0.000423463
0.000176573
0.000423463
0.000176573
0.147258
0.147258
0.146835
0.146835
-1.27035e-11
4.28234e-11
1.53691e-10
-2.4173e-11
0.00010893
2.09848e-05
0.00010893
2.09847e-05
0.148364
0.148364
0.145008
0.145008
1.27387e-10
1.11645e-10
6.91919e-11
4.35266e-11
0.00230979
0.000668093
0.00230979
0.000668093
0.147408
0.147408
0.146487
0.146487
1.00156e-10
4.41104e-11
7.07735e-11
3.85199e-11
0.000423463
0.000176573
0.000423463
0.000176573
0.147258
0.147258
0.146835
0.146835
3.07586e-11
1.45595e-11
8.60489e-11
1.05738e-11
0.000108929
2.09848e-05
0.000108929
2.09847e-05
0.148364
0.148364
0.145008
0.145008
1.2066e-10
9.13605e-11
4.46666e-11
1.31163e-11
0.00230979
0.000668093
0.00230979
0.000668093
0.147408
0.147408
0.146487
0.146487
1.18996e-10
3.90562e-11
3.52158e-11
1.22489e-11
0.000423463
0.000176573
0.000423463
0.000176573
0.147258
0.147258
0.146835
0.146835
1.15221e-10
-3.54763e-11
-5.20655e-11
4.63231e-11
0.00010893
2.09846e-05
0.000108929
2.09848e-05
