FiniteElementSpace
FiniteElementCollection: H1_3D_P2
VDim: 1
Ordering: 0

0.329229
0.329229
0.329229
0.329229
0.987688
0.987688
0.987688
0.987688
0.329229
0.329229
0.987688
0.987688
0.329229
0.987688
0.329229
0.329229
0.987688
0.987688
0.329229
0.987688
0.329229
0.987688
0.329229
0.329229
0.987688
0.987688
0.329229
0.987688
0.329229
0.987688
0.329229
0.987688
0.329229
0.987688
-0.329229
-0.329229
-0.329229
-0.329229
-0.329229
-0.329229
-0.329229
-0.329229
-0.329229
-0.329229
-0.329229
-0.329229
-0.329229
-0.329229
-0.329229
-0.329229
-0.329229
-0.987688
-0.987688
-0.987688
-0.987688
-0.987688
-0.987688
-0.987688
-0.987688
-0.987688
-0.987688
-0.987688
-0.987688
-0.987688
-0.987688
-0.987688
-0.987688
-0.987688
0.329229
0.329229
0.329229
0.329229
0.987688
0.987688
0.987688
0.987688
0.329229
0.987688
0.329229
0.329229
0.987688
0.987688
0.329229
0.987688
0.329229
0.329229
0.987688
0.987688
0.329229
0.987688
0.329229
0.987688
0.329229
0.987688
0.329229
0.987688
-0.329229
-0.329229
-0.329229
-0.329229
-0.329229
-0.329229
-0.329229
-0.329229
-0.329229
-0.329229
-0.329229
-0.329229
-0.329229
-0.329229
-0.987688
-0.987688
-0.987688
-0.987688
-0.987688
-0.987688
-0.987688
-0.987688
-0.987688
-0.987688
-0.987688
-0.987688
-0.987688
-0.987688
0.329229
0.329229
0.329229
0.329229
0.987688
0.987688
0.987688
0.987688
0.329229
0.987688
0.329229
0.329229
0.987688
0.987688
0.329229
0.987688
0.329229
0.987688
0.329229
0.329229
0.987688
0.987688
0.329229
0.987688
0.329229
0.987688
-0.329229
-0.329229
-0.329229
-0.329229
-0.329229
-0.329229
-0.329229
-0.329229
-0.329229
-0.329229
-0.329229
-0.329229
-0.329229
-0.987688
-0.987688
-0.987688
-0.987688
-0.987688
-0.987688
-0.987688
-0.987688
-0.987688
-0.987688
-0.987688
-0.987688
-0.987688
0.329229
0.329229
0.329229
0.329229
0.987688
0.987688
0.987688
0.987688
0.329229
0.329229
0.987688
0.987688
0.329229
0.987688
0.329229
0.329229
0.987688
0.987688
0.329229
0.987688
0.329229
0.987688
-0.329229
-0.329229
-0.329229
-0.329229
-0.329229
-0.329229
-0.329229
-0.329229
-0.329229
-0.329229
-0.329229
-0.987688
-0.987688
-0.987688
-0.987688
-0.987688
-0.987688
-0.987688
-0.987688
-0.987688
-0.987688
-0.987688
0.329229
0.987688
0.329229
0.987688
0.329229
0.987688
0.329229
0.987688
0.329229
0.987688
0.329229
0.987688
-0.329229
-0.329229
-0.329229
-0.329229
-0.329229
-0.329229
-0.987688
-0.987688
-0.987688
-0.987688
-0.987688
-0.987688
0.329229
0.987688
0.329229
0.987688
0.329229
0.987688
-0.329229
-0.329229
-0.329229
-0.987688
-0.987688
-0.987688
0.329229
0.987688
0.329229
0.987688
0.329229
0.987688
-0.329229
-0.329229
-0.329229
-0.987688
-0.987688
-0.987688
0.329229
0.987688
0.329229
0.987688
0.329229
0.987688
-0.329229
-0.329229
-0.329229
-0.987688
-0.987688
-0.987688
0.329229
0.987688
0.329229
0.987688
0.329229
0.987688
-0.329229
-0.329229
-0.329229
-0.987688
-0.987688
-0.987688
0.329229
0.987688
0.329229
0.987688
0.329229
0.987688
-0.329229
-0.329229
-0.329229
-0.987688
-0.987688
-0.987688
-0.987688
-0.987688
-0.329229
-0.329229
-0.987688
-0.329229
0.329229
0.329229
0.329229
0.987688
0.987688
0.987688
-0.987688
-0.987688
-0.329229
-0.329229
-0.987688
-0.329229
0.329229
0.329229
0.329229
0.987688
0.987688
0.987688
-0.987688
-0.987688
-0.329229
-0.329229
-0.987688
-0.329229
0.329229
0.329229
0.329229
0.987688
0.987688
0.987688
0.329229
0.987688
0.329229
0.987688
0.329229
0.987688
-0.329229
-0.329229
-0.329229
-0.987688
-0.987688
-0.987688
0.329229
0.987688
0.329229
0.987688
0.329229
0.987688
-0.329229
-0.329229
-0.329229
-0.987688
-0.987688
-0.987688
0.329229
0.329229
0.329229
0.329229
0.987688
0.987688
0.987688
0.987688
0.658459
0.658459
0.658459
0.658459
0.329229
0.329229
0.329229
0.987688
0.987688
0.987688
0.658459
0.658459
0.329229
0.329229
0.987688
0.987688
0.658459
0.329229
0.329229
0.329229
0.987688
0.987688
0.987688
0.658459
0.658459
0.329229
0.329229
0.987688
0.987688
0.658459
0.329229
0.329229
0.987688
0.987688
0.658459
0.329229
0.329229
0.329229
0.987688
0.987688
0.987688
0.658459
0.658459
0.329229
0.329229
0.987688
0.987688
0.658459
0.329229
0.329229
0.987688
0.987688
0.658459
0.329229
0.329229
0.987688
0.987688
0.658459
0.329229
0.329229
0.987688
0.987688
0.658459
0.329229
0.987688
-0.329229
-0.329229
-0.329229
-0.329229
-2.77078e-11
3.03959e-11
7.75024e-11
3.15752e-10
-0.329229
-0.329229
-0.329229
-3.54746e-10
-2.22717e-10
-0.329229
-0.329229
3.15388e-10
-0.329229
-0.329229
-0.329229
4.96466e-11
-6.8663e-11
-0.329229
-0.329229
-9.02448e-11
-0.329229
-0.329229
-2.11217e-10
-0.329229
-0.329229
-0.329229
-1.75443e-10
-1.81007e-10
-0.329229
-0.329229
-2.12566e-10
-0.329229
-0.329229
-1.17017e-10
-0.329229
-0.329229
-6.49561e-11
-0.329229
-0.329229
-6.34448e-11
-0.329229
-0.987688
-0.987688
-0.987688
-0.987688
-0.658459
-0.658459
-0.658459
-0.658459
-0.987688
-0.987688
-0.987688
-0.658459
-0.658459
-0.987688
-0.987688
-0.658459
-0.987688
-0.987688
-0.987688
-0.658459
-0.658459
-0.987688
-0.987688
-0.658459
-0.987688
-0.987688
-0.658459
-0.987688
-0.987688
-0.987688
-0.658459
-0.658459
-0.987688
-0.987688
-0.658459
-0.987688
-0.987688
-0.658459
-0.987688
-0.987688
-0.658459
-0.987688
-0.987688
-0.658459
-0.987688
0.329229
0.329229
0.329229
0.329229
0.987688
0.987688
0.987688
0.987688
0.658459
0.658459
0.658459
0.658459
0.329229
0.329229
0.329229
0.987688
0.987688
0.987688
0.658459
0.329229
0.987688
0.329229
0.329229
0.329229
0.987688
0.987688
0.987688
0.658459
0.658459
0.329229
0.987688
0.329229
0.329229
0.987688
0.987688
0.658459
0.329229
0.329229
0.329229
0.987688
0.987688
0.987688
0.658459
0.658459
0.329229
0.329229
0.987688
0.987688
0.658459
0.329229
0.329229
0.987688
0.987688
0.658459
0.329229
0.329229
0.987688
0.987688
0.658459
0.329229
0.329229
0.987688
0.987688
0.658459
0.329229
0.987688
-0.329229
-0.329229
-0.329229
-0.329229
-1.55584e-10
-2.72627e-10
-4.61094e-10
-4.17956e-10
-0.329229
-0.329229
-0.329229
-1.43845e-10
-0.329229
-0.329229
-0.329229
-0.329229
-5.16886e-10
-5.79477e-10
-0.329229
-0.329229
-0.329229
-7.34633e-10
-0.329229
-0.329229
-0.329229
-4.27806e-10
-4.74936e-10
-0.329229
-0.329229
-5.1481e-10
-0.329229
-0.329229
-2.155e-10
-0.329229
-0.329229
-3.55694e-10
-0.329229
-0.329229
-2.92619e-10
-0.329229
-0.987688
-0.987688
-0.987688
-0.987688
-0.658459
-0.658459
-0.658459
-0.658459
-0.987688
-0.987688
-0.987688
-0.658459
-0.987688
-0.987688
-0.987688
-0.987688
-0.658459
-0.658459
-0.987688
-0.987688
-0.987688
-0.658459
-0.987688
-0.987688
-0.987688
-0.658459
-0.658459
-0.987688
-0.987688
-0.658459
-0.987688
-0.987688
-0.658459
-0.987688
-0.987688
-0.658459
-0.987688
-0.987688
-0.658459
-0.987688
0.329229
0.329229
0.329229
0.329229
0.987688
0.987688
0.987688
0.987688
0.658459
0.658459
0.658459
0.658459
0.329229
0.329229
0.987688
0.987688
0.329229
0.329229
0.987688
0.987688
0.658459
0.329229
0.329229
0.329229
0.987688
0.987688
0.987688
0.658459
0.658459
0.329229
0.329229
0.987688
0.987688
0.658459
0.329229
0.329229
0.987688
0.987688
0.658459
0.329229
0.329229
0.329229
0.987688
0.987688
0.987688
0.658459
0.658459
0.329229
0.329229
0.987688
0.987688
0.658459
0.329229
0.329229
0.987688
0.987688
0.329229
0.329229
0.987688
0.987688
0.658459
0.329229
0.987688
-0.329229
-0.329229
-0.329229
-0.329229
-1.73513e-10
-1.5044e-10
-4.26533e-11
1.80109e-10
-0.329229
-0.329229
-0.329229
-0.329229
8.19966e-11
-0.329229
-0.329229
-0.329229
-1.005e-10
-6.21712e-11
-0.329229
-0.329229
-2.30708e-10
-0.329229
-0.329229
-1.31364e-10
-0.329229
-0.329229
-0.329229
-4.58787e-11
-1.23623e-10
-0.329229
-0.329229
-4.37445e-11
-0.329229
-0.329229
-0.329229
-0.329229
-9.31122e-11
-0.329229
-0.987688
-0.987688
-0.987688
-0.987688
-0.658459
-0.658459
-0.658459
-0.658459
-0.987688
-0.987688
-0.987688
-0.987688
-0.658459
-0.987688
-0.987688
-0.987688
-0.658459
-0.658459
-0.987688
-0.987688
-0.658459
-0.987688
-0.987688
-0.658459
-0.987688
-0.987688
-0.987688
-0.658459
-0.658459
-0.987688
-0.987688
-0.658459
-0.987688
-0.987688
-0.987688
-0.987688
-0.658459
-0.987688
0.329229
0.329229
0.329229
0.329229
0.987688
0.987688
0.987688
0.987688
0.658459
0.658459
0.658459
0.658459
0.329229
0.329229
0.987688
0.987688
0.329229
0.987688
0.329229
0.329229
0.329229
0.987688
0.987688
0.987688
0.658459
0.658459
0.329229
0.987688
0.329229
0.329229
0.987688
0.987688
0.658459
0.329229
0.329229
0.329229
0.987688
0.987688
0.987688
0.658459
0.658459
0.329229
0.329229
0.987688
0.987688
0.658459
0.329229
0.329229
0.987688
0.987688
0.329229
0.329229
0.987688
0.987688
0.658459
0.329229
0.987688
-0.329229
-0.329229
-0.329229
-0.329229
-4.93734e-11
-2.95315e-10
-4.95759e-10
-2.57539e-10
-0.329229
-0.329229
-0.329229
-0.329229
-0.329229
-0.329229
-1.79884e-10
-4.44166e-10
-0.329229
-0.329229
-0.329229
-4.16072e-10
-0.329229
-0.329229
-0.329229
-5.59866e-10
-4.21588e-10
-0.329229
-0.329229
-6.67467e-10
-0.329229
-0.329229
-0.329229
-0.329229
-3.04932e-10
-0.329229
-0.987688
-0.987688
-0.987688
-0.987688
-0.658459
-0.658459
-0.658459
-0.658459
-0.987688
-0.987688
-0.987688
-0.987688
-0.987688
-0.987688
-0.658459
-0.658459
-0.987688
-0.987688
-0.987688
-0.658459
-0.987688
-0.987688
-0.987688
-0.658459
-0.658459
-0.987688
-0.987688
-0.658459
-0.987688
-0.987688
-0.987688
-0.987688
-0.658459
-0.987688
0.329229
0.987688
0.658459
0.329229
0.987688
0.658459
0.329229
0.987688
0.329229
0.987688
0.658459
0.329229
0.987688
0.658459
0.329229
0.987688
0.329229
0.987688
0.658459
0.329229
0.987688
0.658459
0.329229
0.987688
-0.329229
-1.8493e-10
-0.329229
-1.79594e-11
-0.329229
-0.329229
-1.76913e-10
-0.329229
-1.06467e-10
-0.329229
-0.329229
-1.45853e-10
-0.329229
-1.28181e-10
-0.329229
-0.987688
-0.658459
-0.987688
-0.658459
-0.987688
-0.987688
-0.658459
-0.987688
-0.658459
-0.987688
-0.987688
-0.658459
-0.987688
-0.658459
-0.987688
0.329229
0.987688
0.658459
0.329229
0.987688
0.329229
0.987688
0.658459
0.329229
0.987688
0.329229
0.987688
0.658459
0.329229
0.987688
-0.329229
-1.38616e-10
-0.329229
-0.329229
-6.39921e-11
-0.329229
-0.329229
7.29968e-11
-0.329229
-0.987688
-0.658459
-0.987688
-0.987688
-0.658459
-0.987688
-0.987688
-0.658459
-0.987688
0.329229
0.987688
0.658459
0.329229
0.987688
0.329229
0.987688
0.658459
0.329229
0.987688
0.329229
0.987688
0.658459
0.329229
0.987688
-0.329229
-2.33575e-11
-0.329229
-0.329229
-3.36429e-11
-0.329229
-0.329229
1.15256e-11
-0.329229
-0.987688
-0.658459
-0.987688
-0.987688
-0.658459
-0.987688
-0.987688
-0.658459
-0.987688
0.329229
0.987688
0.658459
0.329229
0.987688
0.329229
0.987688
0.658459
0.329229
0.987688
0.329229
0.987688
0.658459
0.329229
0.987688
-0.329229
1.56709e-10
-0.329229
-0.329229
7.54984e-11
-0.329229
-0.329229
7.09703e-11
-0.329229
-0.987688
-0.658459
-0.987688
-0.987688
-0.658459
-0.987688
-0.987688
-0.658459
-0.987688
0.329229
0.987688
0.658459
0.329229
0.987688
0.329229
0.987688
0.658459
0.329229
0.987688
0.329229
0.987688
0.658459
0.329229
0.987688
-0.329229
-1.83176e-10
-0.329229
-0.329229
-1.54568e-10
-0.329229
-0.329229
-2.85163e-11
-0.329229
-0.987688
-0.658459
-0.987688
-0.987688
-0.658459
-0.987688
-0.987688
-0.658459
-0.987688
0.329229
0.987688
0.658459
0.329229
0.987688
0.329229
0.987688
0.658459
0.329229
0.987688
0.329229
0.987688
0.658459
0.329229
0.987688
-0.329229
-2.70187e-10
-0.329229
-0.329229
-1.64716e-10
-0.329229
-0.329229
8.70775e-11
-0.329229
-0.987688
-0.658459
-0.987688
-0.987688
-0.658459
-0.987688
-0.987688
-0.658459
-0.987688
-0.987688
-0.658459
-0.329229
-0.658459
-0.987688
-0.987688
-0.329229
-0.329229
-0.987688
-0.329229
-0.658459
-0.987688
-0.329229
-0.987688
-0.329229
-1.46116e-10
0.329229
-4.17966e-10
0.329229
0.329229
0.329229
-3.0526e-10
0.329229
0.329229
0.658459
0.987688
0.658459
0.987688
0.987688
0.987688
0.658459
0.987688
0.987688
-0.987688
-0.658459
-0.329229
-0.658459
-0.987688
-0.987688
-0.329229
-0.329229
-0.987688
-0.329229
-0.658459
-0.987688
-0.329229
-0.987688
-0.329229
-4.45647e-10
0.329229
-5.88927e-10
0.329229
0.329229
0.329229
-3.80013e-10
0.329229
0.329229
0.658459
0.987688
0.658459
0.987688
0.987688
0.987688
0.658459
0.987688
0.987688
-0.987688
-0.658459
-0.329229
-0.658459
-0.987688
-0.987688
-0.329229
-0.329229
-0.987688
-0.329229
-0.658459
-0.987688
-0.329229
-0.987688
-0.329229
-3.26875e-10
0.329229
-2.63612e-10
0.329229
0.329229
0.329229
-3.68573e-10
0.329229
0.329229
0.658459
0.987688
0.658459
0.987688
0.987688
0.987688
0.658459
0.987688
0.987688
0.329229
0.658459
0.987688
0.329229
0.987688
0.329229
0.658459
0.987688
0.329229
0.987688
0.329229
0.658459
0.987688
0.329229
0.987688
-0.329229
-4.01207e-11
-0.329229
-0.329229
-4.65994e-11
-0.329229
-0.329229
-1.82397e-10
-0.329229
-0.987688
-0.658459
-0.987688
-0.987688
-0.658459
-0.987688
-0.987688
-0.658459
-0.987688
0.329229
0.658459
0.987688
0.329229
0.987688
0.329229
0.658459
0.987688
0.329229
0.987688
0.329229
0.658459
0.987688
0.329229
0.987688
-0.329229
-1.72349e-10
-0.329229
-0.329229
-2.51755e-11
-0.329229
-0.329229
1.18395e-10
-0.329229
-0.987688
-0.658459
-0.987688
-0.987688
-0.658459
-0.987688
-0.987688
-0.658459
-0.987688
0.329229
0.987688
0.329229
0.987688
0.329229
0.987688
-0.329229
-0.329229
-0.329229
-0.987688
-0.987688
-0.987688
0.329229
0.658459
0.658459
0.658459
0.658459
0.987688
0.329229
0.658459
0.658459
0.658459
0.987688
0.329229
0.658459
0.658459
0.987688
0.329229
0.658459
0.658459
0.658459
0.987688
0.329229
0.658459
0.658459
0.987688
0.329229
0.658459
0.658459
0.987688
0.329229
0.658459
0.658459
0.658459
0.987688
0.329229
0.658459
0.658459
0.987688
0.329229
0.658459
0.658459
0.987688
0.329229
0.658459
0.658459
0.987688
0.329229
0.658459
0.658459
0.987688
0.329229
0.658459
0.987688
-0.329229
3.49909e-11
1.12534e-10
2.30609e-10
1.67443e-10
-0.329229
-2.87986e-10
-1.72619e-10
-2.91749e-10
-0.329229
4.77843e-11
3.41958e-10
-0.329229
2.8401e-10
9.66561e-12
3.8308e-11
-0.329229
3.26939e-10
-6.76305e-11
-0.329229
1.24555e-11
-2.17791e-11
-0.329229
-1.03075e-10
-4.8579e-11
-2.11075e-10
-0.329229
-2.40034e-10
-1.86358e-10
-0.329229
-1.92407e-10
-1.42656e-10
-0.329229
-6.63571e-11
-4.85933e-11
-0.329229
-8.86643e-11
-7.4687e-11
-0.329229
-1.50259e-10
-0.987688
-0.658459
-0.658459
-0.658459
-0.658459
-0.987688
-0.658459
-0.658459
-0.658459
-0.987688
-0.658459
-0.658459
-0.987688
-0.658459
-0.658459
-0.658459
-0.987688
-0.658459
-0.658459
-0.987688
-0.658459
-0.658459
-0.987688
-0.658459
-0.658459
-0.658459
-0.987688
-0.658459
-0.658459
-0.987688
-0.658459
-0.658459
-0.987688
-0.658459
-0.658459
-0.987688
-0.658459
-0.658459
-0.987688
-0.658459
0.329229
0.658459
0.658459
0.658459
0.658459
0.987688
0.329229
0.658459
0.658459
0.658459
0.987688
0.329229
0.658459
0.987688
0.329229
0.658459
0.658459
0.658459
0.987688
0.329229
0.658459
0.987688
0.329229
0.658459
0.658459
0.987688
0.329229
0.658459
0.658459
0.658459
0.987688
0.329229
0.658459
0.658459
0.987688
0.329229
0.658459
0.658459
0.987688
0.329229
0.658459
0.658459
0.987688
0.329229
0.658459
0.658459
0.987688
0.329229
0.658459
0.987688
-0.329229
-2.31131e-10
-3.89518e-10
-5.29906e-10
-3.40176e-10
-0.329229
-2.10273e-10
-2.55925e-10
-1.95712e-10
-0.329229
-3.29479e-10
-0.329229
-4.74908e-10
-5.71349e-10
-6.37907e-10
-0.329229
-3.34048e-10
-0.329229
-5.82195e-10
-7.43151e-10
-0.329229
-3.6672e-10
-4.23889e-10
-5.32514e-10
-0.329229
-3.70175e-10
-4.7415e-10
-0.329229
-3.50965e-10
-3.25607e-10
-0.329229
-4.72149e-10
-3.08388e-10
-0.329229
-2.59033e-10
-3.49087e-10
-0.329229
-1.91169e-10
-0.987688
-0.658459
-0.658459
-0.658459
-0.658459
-0.987688
-0.658459
-0.658459
-0.658459
-0.987688
-0.658459
-0.987688
-0.658459
-0.658459
-0.658459
-0.987688
-0.658459
-0.987688
-0.658459
-0.658459
-0.987688
-0.658459
-0.658459
-0.658459
-0.987688
-0.658459
-0.658459
-0.987688
-0.658459
-0.658459
-0.987688
-0.658459
-0.658459
-0.987688
-0.658459
-0.658459
-0.987688
-0.658459
0.329229
0.658459
0.658459
0.658459
0.658459
0.987688
0.329229
0.658459
0.658459
0.987688
0.329229
0.658459
0.658459
0.987688
0.329229
0.658459
0.658459
0.658459
0.987688
0.329229
0.658459
0.658459
0.987688
0.329229
0.658459
0.658459
0.987688
0.329229
0.658459
0.658459
0.658459
0.987688
0.329229
0.658459
0.658459
0.987688
0.329229
0.658459
0.658459
0.987688
0.329229
0.658459
0.658459
0.987688
0.329229
0.658459
0.987688
0.329229
0.987688
-0.329229
-1.54041e-10
-5.65037e-11
8.54576e-11
-5.19653e-11
-0.329229
-2.46927e-10
-2.05058e-10
-0.329229
-7.498e-11
1.51559e-10
-0.329229
1.33308e-10
3.41201e-11
2.40979e-12
-0.329229
1.28768e-10
-2.19576e-10
-0.329229
-1.131e-10
-1.00031e-10
-0.329229
3.87993e-11
-6.29164e-11
-1.12857e-10
-0.329229
-1.11558e-10
-7.92757e-12
-0.329229
-1.33314e-10
-1.35726e-10
-0.329229
-5.28534e-11
-1.35427e-10
-0.329229
-1.69145e-10
-0.329229
-0.987688
-0.658459
-0.658459
-0.658459
-0.658459
-0.987688
-0.658459
-0.658459
-0.987688
-0.658459
-0.658459
-0.987688
-0.658459
-0.658459
-0.658459
-0.987688
-0.658459
-0.658459
-0.987688
-0.658459
-0.658459
-0.987688
-0.658459
-0.658459
-0.658459
-0.987688
-0.658459
-0.658459
-0.987688
-0.658459
-0.658459
-0.987688
-0.658459
-0.658459
-0.987688
-0.658459
-0.987688
0.329229
0.658459
0.658459
0.658459
0.658459
0.987688
0.329229
0.658459
0.658459
0.987688
0.329229
0.658459
0.987688
0.329229
0.658459
0.658459
0.658459
0.987688
0.329229
0.658459
0.987688
0.329229
0.658459
0.658459
0.987688
0.329229
0.658459
0.658459
0.658459
0.987688
0.329229
0.658459
0.658459
0.987688
0.329229
0.658459
0.658459
0.987688
0.329229
0.658459
0.658459
0.987688
0.329229
0.658459
0.987688
0.329229
0.987688
-0.329229
-1.72359e-10
-4.02759e-10
-4.13659e-10
-2.0289e-10
-0.329229
-1.43228e-10
-1.00128e-10
-0.329229
-1.4583e-10
-0.329229
-2.31105e-10
-5.26753e-10
-3.2288e-10
-0.329229
-1.29636e-10
-0.329229
-2.13393e-10
-5.03754e-10
-0.329229
-3.86399e-10
-5.19584e-10
-5.80665e-10
-0.329229
-3.90774e-10
-6.48139e-10
-0.329229
-3.91916e-10
-3.68001e-10
-0.329229
-3.71011e-10
-3.20022e-10
-0.329229
-2.08338e-10
-0.329229
-0.987688
-0.658459
-0.658459
-0.658459
-0.658459
-0.987688
-0.658459
-0.658459
-0.987688
-0.658459
-0.987688
-0.658459
-0.658459
-0.658459
-0.987688
-0.658459
-0.987688
-0.658459
-0.658459
-0.987688
-0.658459
-0.658459
-0.658459
-0.987688
-0.658459
-0.658459
-0.987688
-0.658459
-0.658459
-0.987688
-0.658459
-0.658459
-0.987688
-0.658459
-0.987688
0.658459
0.329229
0.987688
0.658459
0.658459
0.658459
0.329229
0.987688
0.658459
0.658459
0.658459
0.329229
0.987688
0.658459
0.658459
-2.11707e-10
-0.329229
-5.69895e-11
-1.33495e-10
-1.7467e-10
-0.329229
1.53687e-10
4.19639e-11
-2.11987e-10
-0.329229
2.47661e-10
-1.2148e-10
-0.658459
-0.987688
-0.658459
-0.658459
-0.658459
-0.987688
-0.658459
-0.658459
-0.658459
-0.987688
-0.658459
-0.658459
0.329229
0.987688
0.658459
0.658459
0.329229
0.987688
0.658459
0.658459
0.329229
0.987688
0.658459
0.658459
-0.329229
-2.72804e-10
-5.16369e-10
-0.329229
-1.42265e-10
-1.1603e-10
-0.329229
-3.1428e-11
2.97726e-10
-0.987688
-0.658459
-0.658459
-0.987688
-0.658459
-0.658459
-0.987688
-0.658459
-0.658459
0.329229
0.987688
0.658459
0.658459
0.329229
0.987688
0.658459
0.658459
0.329229
0.987688
0.658459
0.658459
-0.329229
-5.3827e-10
4.57721e-11
-0.329229
-4.6666e-10
7.09991e-11
-0.329229
-2.49065e-10
-2.84197e-11
-0.987688
-0.658459
-0.658459
-0.987688
-0.658459
-0.658459
-0.987688
-0.658459
-0.658459
0.658459
0.329229
0.987688
0.658459
0.658459
0.329229
0.987688
0.658459
0.658459
0.329229
0.987688
0.658459
1.41158e-10
-0.329229
-9.10025e-11
1.78068e-10
-0.329229
-1.71213e-10
-8.46635e-12
-0.329229
-2.21602e-10
-0.658459
-0.987688
-0.658459
-0.658459
-0.987688
-0.658459
-0.658459
-0.987688
-0.658459
0.658459
0.329229
0.987688
0.658459
0.658459
0.329229
0.987688
0.658459
0.658459
0.329229
0.987688
0.658459
-3.25305e-10
-0.329229
-2.81042e-10
-2.4272e-10
-0.329229
-4.02144e-10
-1.98165e-11
-0.329229
-3.30962e-10
-0.658459
-0.987688
-0.658459
-0.658459
-0.987688
-0.658459
-0.658459
-0.987688
-0.658459
0.658459
0.329229
0.987688
0.658459
0.658459
0.329229
0.987688
0.658459
0.658459
0.329229
0.987688
0.658459
-2.25327e-10
-0.329229
-3.72398e-10
-2.396e-10
-0.329229
-2.15204e-10
9.11386e-11
-0.329229
-7.86583e-11
-0.658459
-0.987688
-0.658459
-0.658459
-0.987688
-0.658459
-0.658459
-0.987688
-0.658459
-0.987688
-0.658459
-0.329229
-0.658459
-0.658459
-0.987688
-0.329229
-0.658459
-0.658459
-0.987688
-0.329229
-0.658459
-2.73117e-10
0.329229
-3.7597e-10
-7.07068e-11
0.329229
-4.78703e-10
-4.71626e-10
0.329229
-3.2161e-10
0.658459
0.987688
0.658459
0.658459
0.987688
0.658459
0.658459
0.987688
0.658459
-0.987688
-0.658459
-0.329229
-0.658459
-0.658459
-0.987688
-0.329229
-0.658459
-0.658459
-0.987688
-0.329229
-0.658459
-3.53009e-10
0.329229
-2.77959e-10
-4.75041e-10
0.329229
-3.12271e-10
-3.33715e-10
0.329229
-4.37698e-10
0.658459
0.987688
0.658459
0.658459
0.987688
0.658459
0.658459
0.987688
0.658459
-0.987688
-0.658459
-0.329229
-0.658459
-0.658459
-0.987688
-0.329229
-0.658459
-0.658459
-0.987688
-0.329229
-0.658459
2.05909e-11
0.329229
-3.537e-10
-2.309e-10
0.329229
-5.14753e-10
-2.72695e-10
0.329229
-5.08552e-10
0.658459
0.987688
0.658459
0.658459
0.987688
0.658459
0.658459
0.987688
0.658459
0.329229
0.658459
0.987688
0.658459
0.329229
0.658459
0.987688
0.658459
0.329229
0.658459
0.987688
0.658459
-0.329229
-1.42415e-10
1.28013e-10
-0.329229
-9.05512e-11
3.0644e-11
-0.329229
1.37965e-10
-5.00405e-11
-0.987688
-0.658459
-0.658459
-0.987688
-0.658459
-0.658459
-0.987688
-0.658459
-0.658459
0.329229
0.658459
0.987688
0.658459
0.329229
0.658459
0.987688
0.658459
0.329229
0.658459
0.987688
0.658459
-0.329229
-1.89808e-10
-2.40542e-10
-0.329229
-3.06239e-10
-1.72195e-10
-0.329229
-1.93631e-10
1.09525e-10
-0.987688
-0.658459
-0.658459
-0.987688
-0.658459
-0.658459
-0.987688
-0.658459
-0.658459
0.329229
0.658459
0.987688
0.329229
0.658459
0.987688
0.329229
0.658459
0.987688
-0.329229
-1.87898e-10
-0.329229
-5.99497e-11
-0.329229
7.9006e-11
-0.987688
-0.658459
-0.987688
-0.658459
-0.987688
-0.658459
0.658459
0.658459
0.658459
0.658459
0.658459
0.658459
0.658459
0.658459
0.658459
0.658459
0.658459
0.658459
2.32854e-10
-2.03944e-10
2.10427e-10
1.20717e-10
3.37392e-10
-3.40484e-11
-1.18183e-10
-1.11655e-10
-2.59219e-10
-3.6121e-11
-6.90286e-11
-1.34772e-10
-0.658459
-0.658459
-0.658459
-0.658459
-0.658459
-0.658459
-0.658459
-0.658459
-0.658459
-0.658459
-0.658459
-0.658459
0.658459
0.658459
0.658459
0.658459
0.658459
0.658459
0.658459
0.658459
0.658459
0.658459
0.658459
0.658459
-3.43392e-10
-1.87684e-10
-2.1608e-10
-5.60929e-10
-4.03189e-10
-6.73064e-10
-3.91859e-10
-3.54947e-10
-4.81307e-10
-4.1024e-10
-3.81144e-10
-2.83855e-10
-0.658459
-0.658459
-0.658459
-0.658459
-0.658459
-0.658459
-0.658459
-0.658459
-0.658459
-0.658459
-0.658459
-0.658459
0.658459
0.658459
0.658459
0.658459
0.658459
0.658459
0.658459
0.658459
0.658459
0.658459
0.658459
0.658459
-9.51089e-12
-2.24149e-10
-7.82911e-11
9.63249e-12
1.46322e-10
-1.69195e-10
-1.53806e-11
4.48932e-11
-1.70395e-10
-1.02307e-10
-1.49001e-10
-1.68526e-10
-0.658459
-0.658459
-0.658459
-0.658459
-0.658459
-0.658459
-0.658459
-0.658459
-0.658459
-0.658459
-0.658459
-0.658459
0.658459
0.658459
0.658459
0.658459
0.658459
0.658459
0.658459
0.658459
0.658459
0.658459
0.658459
0.658459
-3.24543e-10
-3.11403e-11
-1.27667e-10
-3.69906e-10
-1.45126e-10
-2.32423e-10
-5.03138e-10
-3.87552e-10
-4.98274e-10
-4.26766e-10
-2.68661e-10
-1.92221e-10
-0.658459
-0.658459
-0.658459
-0.658459
-0.658459
-0.658459
-0.658459
-0.658459
-0.658459
-0.658459
-0.658459
-0.658459
0.658459
0.658459
0.658459
-1.22093e-10
1.86642e-10
3.03143e-10
-0.658459
-0.658459
-0.658459
0.658459
0.658459
0.658459
-2.38243e-10
-8.28248e-11
-1.24359e-10
-0.658459
-0.658459
-0.658459
0.658459
0.658459
0.658459
-4.63298e-10
-4.92412e-10
-4.20819e-10
-0.658459
-0.658459
-0.658459
0.658459
0.658459
0.658459
5.92091e-11
-1.77829e-11
-2.19494e-10
-0.658459
-0.658459
-0.658459
0.658459
0.658459
0.658459
-5.92279e-11
-3.54261e-10
-3.23391e-10
-0.658459
-0.658459
-0.658459
0.658459
0.658459
0.658459
-3.79738e-10
-2.86831e-10
-3.62226e-11
-0.658459
-0.658459
-0.658459
-0.658459
-0.658459
-0.658459
-4.17807e-10
-4.67907e-10
-2.68506e-10
0.658459
0.658459
0.658459
-0.658459
-0.658459
-0.658459
-5.68052e-10
-2.15094e-10
-2.57284e-10
0.658459
0.658459
0.658459
-0.658459
-0.658459
-0.658459
-2.09231e-10
-5.34622e-10
-5.75486e-10
0.658459
0.658459
0.658459
0.658459
0.658459
0.658459
-1.32138e-10
-6.17596e-11
8.16356e-12
-0.658459
-0.658459
-0.658459
0.658459
0.658459
0.658459
-1.81074e-11
-2.98033e-10
-2.9109e-10
-0.658459
-0.658459
-0.658459
0.658459
0.658459
0.658459
-1.28277e-10
-5.75051e-11
2.09712e-10
-0.658459
-0.658459
-0.658459
