FiniteElementSpace
FiniteElementCollection: L2_3D_P1
VDim: 1
Ordering: 0

6.14134
5.28403
6.19784
5.64472
6.14134
5.28403
6.19784
5.64472
5.22602
5.90008
6.38382
5.35192
5.22602
5.90008
6.38382
5.35192
2.64353
2.93922
5.92898
6.07407
2.64353
2.93922
5.92898
6.07407
6.12761
6.14379
6.12226
5.83326
6.12761
6.14379
6.12226
5.83326
2.14573
2.38221
5.41858
5.69206
2.14573
2.38221
5.41858
5.69206
3.24891
2.38167
6.25676
5.61344
3.24891
2.38167
6.25676
5.61344
3.83309
5.57006
2.82358
4.83995
3.83309
5.57006
2.82358
4.83995
4.73521
5.76758
4.3599
6.31386
4.73521
5.76758
4.3599
6.31386
1.19332
2.35169
1.82844
2.88043
1.19332
2.35169
1.82844
2.88043
2.95396
2.65568
4.29327
4.53723
2.95396
2.65568
4.29327
4.53723
1.66833
1.13708
2.23362
1.73849
1.66833
1.13708
2.23362
1.73849
4.18966
2.46633
4.19293
2.87938
4.18966
2.46633
4.19293
2.87938
6.14134
5.28403
6.19784
5.64472
6.14134
5.28403
6.19784
5.64472
5.22602
5.90008
6.38382
5.35192
5.22602
5.90008
6.38382
5.35192
2.64353
2.93922
5.92898
6.07407
2.64353
2.93922
5.92898
6.07407
6.12761
6.14379
6.12226
5.83326
6.12761
6.14379
6.12226
5.83326
2.14573
2.38221
5.41858
5.69206
2.14573
2.38221
5.41858
5.69206
3.24891
2.38167
6.25676
5.61344
3.24891
2.38167
6.25676
5.61344
3.83309
5.57006
2.82358
4.83995
3.83309
5.57006
2.82358
4.83995
4.73521
5.76758
4.3599
6.31386
4.73521
5.76758
4.3599
6.31386
1.19332
2.35169
1.82844
2.88043
1.19332
2.35169
1.82844
2.88043
2.95396
2.65568
4.29327
4.53723
2.95396
2.65568
4.29327
4.53723
1.66833
1.13708
2.23362
1.73849
1.66833
1.13708
2.23362
1.73849
4.18966
2.46633
4.19293
2.87938
4.18966
2.46633
4.19293
2.87938
6.14134
5.28403
6.19784
5.64472
6.14134
5.28403
6.19784
5.64472
5.22602
5.90008
6.38382
5.35192
5.22602
5.90008
6.38382
5.35192
2.64353
2.93922
5.92898
6.07407
2.64353
2.93922
5.92898
6.07407
6.12761
6.14379
6.12226
5.83326
6.12761
6.14379
6.12226
5.83326
2.14573
2.38221
5.41858
5.69206
2.14573
2.38221
5.41858
5.69206
3.24891
2.38167
6.25676
5.61344
3.24891
2.38167
6.25676
5.61344
3.83309
5.57006
2.82358
4.83995
3.83309
5.57006
2.82358
4.83995
4.73521
5.76758
4.3599
6.31386
4.73521
5.76758
4.3599
6.31386
1.19332
2.35169
1.82844
2.88043
1.19332
2.35169
1.82844
2.88043
2.95396
2.65568
4.29327
4.53723
2.95396
2.65568
4.29327
4.53723
1.66833
1.13708
2.23362
1.73849
1.66833
1.13708
2.23362
1.73849
4.18966
2.46633
4.19293
2.87938
4.18966
2.46633
4.19293
2.87938
2.15876
3.10066
3.49114
4.55326
2.15876
3.10066
3.49114
4.55326
1.12245
1.6749
1.56366
2.31632
1.12245
1.6749
1.56366
2.31632
2.34861
1.16812
2.88669
1.63307
2.34861
1.16812
2.88669
1.63307
6.13484
4.79096
6.20823
5.55424
6.13484
4.79096
6.20823
5.55424
5.65184
4.7709
6.37732
4.51843
5.65184
4.7709
6.37732
4.51843
2.64926
2.93912
5.94119
6.1122
2.64926
2.93912
5.94119
6.1122
6.12875
6.15835
6.11071
5.84451
6.12875
6.15835
6.11071
5.84451
2.14735
2.38285
5.42181
5.70007
2.14735
2.38285
5.42181
5.70007
3.25134
2.38142
6.22551
5.61167
3.25134
2.38142
6.22551
5.61167
4.77405
5.76267
3.81833
5.13559
4.77405
5.76267
3.81833
5.13559
5.90447
5.37704
5.33266
6.38844
5.90447
5.37704
5.33266
6.38844
2.4994
4.22317
3.0616
4.26335
2.4994
4.22317
3.0616
4.26335
2.15876
3.10066
3.49114
4.55326
2.15876
3.10066
3.49114
4.55326
1.12245
1.6749
1.56366
2.31632
1.12245
1.6749
1.56366
2.31632
2.34861
1.16812
2.88669
1.63307
2.34861
1.16812
2.88669
1.63307
6.13484
4.79096
6.20823
5.55424
6.13484
4.79096
6.20823
5.55424
5.65184
4.7709
6.37732
4.51843
5.65184
4.7709
6.37732
4.51843
2.64926
2.93912
5.94119
6.1122
2.64926
2.93912
5.94119
6.1122
6.12875
6.15835
6.11071
5.84451
6.12875
6.15835
6.11071
5.84451
2.14735
2.38285
5.42181
5.70007
2.14735
2.38285
5.42181
5.70007
3.25134
2.38142
6.22551
5.61167
3.25134
2.38142
6.22551
5.61167
4.77405
5.76267
3.81833
5.13559
4.77405
5.76267
3.81833
5.13559
5.90447
5.37704
5.33266
6.38844
5.90447
5.37704
5.33266
6.38844
2.4994
4.22317
3.0616
4.26335
2.4994
4.22317
3.0616
4.26335
2.15876
3.10066
3.49114
4.55326
2.15876
3.10066
3.49114
4.55326
1.12245
1.6749
1.56366
2.31632
1.12245
1.6749
1.56366
2.31632
2.34861
1.16812
2.88669
1.63307
2.34861
1.16812
2.88669
1.63307
6.13484
4.79096
6.20823
5.55424
6.13484
4.79096
6.20823
5.55424
5.65184
4.7709
6.37732
4.51843
5.65184
4.7709
6.37732
4.51843
2.64926
2.93912
5.94119
6.1122
2.64926
2.93912
5.94119
6.1122
6.12875
6.15835
6.11071
5.84451
6.12875
6.15835
6.11071
5.84451
2.14735
2.38285
5.42181
5.70007
2.14735
2.38285
5.42181
5.70007
3.25134
2.38142
6.22551
5.61167
3.25134
2.38142
6.22551
5.61167
4.77405
5.76267
3.81833
5.13559
4.77405
5.76267
3.81833
5.13559
5.90447
5.37704
5.33266
6.38844
5.90447
5.37704
5.33266
6.38844
2.4994
4.22317
3.0616
4.26335
2.4994
4.22317
3.0616
4.26335
6.14134
5.28403
6.19784
5.64472
6.14134
5.28403
6.19784
5.64472
5.22602
5.90008
6.38382
5.35192
5.22602
5.90008
6.38382
5.35192
2.64353
2.93922
5.92898
6.07407
2.64353
2.93922
5.92898
6.07407
6.12761
6.14379
6.12226
5.83326
6.12761
6.14379
6.12226
5.83326
2.14573
2.38221
5.41858
5.69206
2.14573
2.38221
5.41858
5.69206
3.24891
2.38167
6.25676
5.61344
3.24891
2.38167
6.25676
5.61344
3.83309
5.57006
2.82358
4.83995
3.83309
5.57006
2.82358
4.83995
4.73521
5.76758
4.3599
6.31386
4.73521
5.76758
4.3599
6.31386
1.19332
2.35169
1.82844
2.88043
1.19332
2.35169
1.82844
2.88043
2.95396
2.65568
4.29327
4.53723
2.95396
2.65568
4.29327
4.53723
1.66833
1.13708
2.23362
1.73849
1.66833
1.13708
2.23362
1.73849
4.18966
2.46633
4.19293
2.87938
4.18966
2.46633
4.19293
2.87938
6.14134
5.28403
6.19784
5.64472
6.14134
5.28403
6.19784
5.64472
5.22602
5.90008
6.38382
5.35192
5.22602
5.90008
6.38382
5.35192
2.64353
2.93922
5.92898
6.07407
2.64353
2.93922
5.92898
6.07407
6.12761
6.14379
6.12226
5.83326
6.12761
6.14379
6.12226
5.83326
2.14573
2.38221
5.41858
5.69206
2.14573
2.38221
5.41858
5.69206
3.24891
2.38167
6.25676
5.61344
3.24891
2.38167
6.25676
5.61344
3.83309
5.57006
2.82358
4.83995
3.83309
5.57006
2.82358
4.83995
4.73521
5.76758
4.3599
6.31386
4.73521
5.76758
4.3599
6.31386
1.19332
2.35169
1.82844
2.88043
1.19332
2.35169
1.82844
2.88043
2.95396
2.65568
4.29327
4.53723
2.95396
2.65568
4.29327
4.53723
1.66833
1.13708
2.23362
1.73849
1.66833
1.13708
2.23362
1.73849
4.18966
2.46633
4.19293
2.87938
4.18966
2.46633
4.19293
2.87938
6.14134
5.28403
6.19784
5.64472
6.14134
5.28403
6.19784
5.64472
5.22602
5.90008
6.38382
5.35192
5.22602
5.90008
6.38382
5.35192
2.64353
2.93922
5.92898
6.07407
2.64353
2.93922
5.92898
6.07407
6.12761
6.14379
6.12226
5.83326
6.12761
6.14379
6.12226
5.83326
2.14573
2.38221
5.41858
5.69206
2.14573
2.38221
5.41858
5.69206
3.24891
2.38167
6.25676
5.61344
3.24891
2.38167
6.25676
5.61344
3.83309
5.57006
2.82358
4.83995
3.83309
5.57006
2.82358
4.83995
4.73521
5.76758
4.3599
6.31386
4.73521
5.76758
4.3599
6.31386
1.19332
2.35169
1.82844
2.88043
1.19332
2.35169
1.82844
2.88043
2.95396
2.65568
4.29327
4.53723
2.95396
2.65568
4.29327
4.53723
1.66833
1.13708
2.23362
1.73849
1.66833
1.13708
2.23362
1.73849
4.18966
2.46633
4.19293
2.87938
4.18966
2.46633
4.19293
2.87938
2.15876
3.10066
3.49114
4.55326
2.15876
3.10066
3.49114
4.55326
1.12245
1.6749
1.56366
2.31632
1.12245
1.6749
1.56366
2.31632
2.34861
1.16812
2.88669
1.63307
2.34861
1.16812
2.88669
1.63307
6.13484
4.79096
6.20823
5.55424
6.13484
4.79096
6.20823
5.55424
5.65184
4.7709
6.37732
4.51843
5.65184
4.7709
6.37732
4.51843
2.64926
2.93912
5.94119
6.1122
2.64926
2.93912
5.94119
6.1122
6.12875
6.15835
6.11071
5.84451
6.12875
6.15835
6.11071
5.84451
2.14735
2.38285
5.42181
5.70007
2.14735
2.38285
5.42181
5.70007
3.25134
2.38142
6.22551
5.61167
3.25134
2.38142
6.22551
5.61167
4.77405
5.76267
3.81833
5.13559
4.77405
5.76267
3.81833
5.13559
5.90447
5.37704
5.33266
6.38844
5.90447
5.37704
5.33266
6.38844
2.4994
4.22317
3.0616
4.26335
2.4994
4.22317
3.0616
4.26335
2.15876
3.10066
3.49114
4.55326
2.15876
3.10066
3.49114
4.55326
1.12245
1.6749
1.56366
2.31632
1.12245
1.6749
1.56366
2.31632
2.34861
1.16812
2.88669
1.63307
2.34861
1.16812
2.88669
1.63307
6.13484
4.79096
6.20823
5.55424
6.13484
4.79096
6.20823
5.55424
5.65184
4.7709
6.37732
4.51843
5.65184
4.7709
6.37732
4.51843
2.64926
2.93912
5.94119
6.1122
2.64926
2.93912
5.94119
6.1122
6.12875
6.15835
6.11071
5.84451
6.12875
6.15835
6.11071
5.84451
2.14735
2.38285
5.42181
5.70007
2.14735
2.38285
5.42181
5.70007
3.25134
2.38142
6.22551
5.61167
3.25134
2.38142
6.22551
5.61167
4.77405
5.76267
3.81833
5.13559
4.77405
5.76267
3.81833
5.13559
5.90447
5.37704
5.33266
6.38844
5.90447
5.37704
5.33266
6.38843
2.4994
4.22317
3.0616
4.26335
2.4994
4.22317
3.0616
4.26335
2.15876
3.10066
3.49114
4.55326
2.15876
3.10066
3.49114
4.55326
1.12245
1.6749
1.56366
2.31632
1.12245
1.6749
1.56366
2.31632
2.34861
1.16812
2.88669
1.63307
2.34861
1.16812
2.88669
1.63307
6.13484
4.79096
6.20823
5.55424
6.13484
4.79096
6.20823
5.55424
5.65184
4.7709
6.37732
4.51843
5.65184
4.7709
6.37732
4.51843
2.64926
2.93912
5.94119
6.1122
2.64926
2.93912
5.94119
6.1122
6.12875
6.15835
6.11071
5.84451
6.12875
6.15835
6.11071
5.84451
2.14735
2.38285
5.42181
5.70007
2.14735
2.38285
5.42181
5.70007
3.25134
2.38142
6.22551
5.61167
3.25134
2.38142
6.22551
5.61167
4.77405
5.76267
3.81833
5.13559
4.77405
5.76267
3.81833
5.13559
5.90447
5.37704
5.33266
6.38844
5.90447
5.37704
5.33266
6.38844
2.4994
4.22317
3.0616
4.26335
2.4994
4.22317
3.0616
4.26335
4.0362e-05
5.31297e-05
4.03621e-05
5.313e-05
4.04891e-05
5.34966e-05
4.04889e-05
5.34965e-05
2.09443e-05
3.17894e-05
2.09443e-05
3.17894e-05
2.09815e-05
3.18688e-05
2.09814e-05
3.18687e-05
3.37235e-06
1.33502e-05
3.37235e-06
1.33501e-05
3.37713e-06
1.33712e-05
3.37713e-06
1.33711e-05
4.03619e-05
5.31299e-05
4.0362e-05
5.31299e-05
4.04892e-05
5.34972e-05
4.04891e-05
5.34968e-05
2.09443e-05
3.17896e-05
2.09444e-05
3.17896e-05
2.09815e-05
3.1869e-05
2.09815e-05
3.18689e-05
3.37234e-06
1.33503e-05
3.37236e-06
1.33501e-05
3.37713e-06
1.33713e-05
3.37714e-06
1.33711e-05
4.03619e-05
5.31301e-05
4.0362e-05
5.31304e-05
4.04892e-05
5.3497e-05
4.04892e-05
5.34974e-05
2.09442e-05
3.17896e-05
2.09444e-05
3.17897e-05
2.09814e-05
3.18689e-05
2.09815e-05
3.1869e-05
3.37235e-06
1.33501e-05
3.37236e-06
1.335e-05
3.37713e-06
1.33712e-05
3.37714e-06
1.33711e-05
4.05336e-05
5.34819e-05
4.05335e-05
5.34819e-05
4.04989e-05
5.34322e-05
4.04989e-05
5.34321e-05
2.10003e-05
3.18985e-05
2.10002e-05
3.18985e-05
2.09834e-05
3.18724e-05
2.09834e-05
3.18724e-05
3.37979e-06
1.3382e-05
3.37979e-06
1.3382e-05
3.37708e-06
1.33714e-05
3.37708e-06
1.33714e-05
4.05339e-05
5.34821e-05
4.05339e-05
5.34819e-05
4.04988e-05
5.34319e-05
4.04989e-05
5.3432e-05
2.10004e-05
3.18988e-05
2.10004e-05
3.18988e-05
2.09833e-05
3.18723e-05
2.09834e-05
3.18724e-05
3.37984e-06
1.3382e-05
3.37985e-06
1.3382e-05
3.37707e-06
1.33714e-05
3.37708e-06
1.33714e-05
4.05339e-05
5.34822e-05
4.05339e-05
5.34824e-05
4.04986e-05
5.34318e-05
4.04987e-05
5.3432e-05
2.10003e-05
3.18986e-05
2.10003e-05
3.18987e-05
2.09833e-05
3.18721e-05
2.09833e-05
3.18723e-05
3.37979e-06
1.3382e-05
3.37979e-06
1.3382e-05
3.37707e-06
1.33713e-05
3.37708e-06
1.33714e-05
4.04065e-05
5.33879e-05
4.04066e-05
5.33877e-05
4.02119e-05
5.2934e-05
4.02119e-05
5.2934e-05
2.0939e-05
3.18032e-05
2.0939e-05
3.18032e-05
2.08769e-05
3.16808e-05
2.08769e-05
3.16808e-05
3.37049e-06
1.33443e-05
3.3705e-06
1.33443e-05
3.36217e-06
1.33081e-05
3.36217e-06
1.33081e-05
4.04066e-05
5.33873e-05
4.04067e-05
5.33879e-05
4.02116e-05
5.29332e-05
4.02119e-05
5.29339e-05
2.0939e-05
3.18031e-05
2.0939e-05
3.18032e-05
2.08768e-05
3.16805e-05
2.08769e-05
3.16808e-05
3.37051e-06
1.33443e-05
3.37051e-06
1.33444e-05
3.36217e-06
1.3308e-05
3.36217e-06
1.33081e-05
4.04063e-05
5.33872e-05
4.04064e-05
5.33869e-05
4.02113e-05
5.29332e-05
4.02116e-05
5.29327e-05
2.09389e-05
3.18029e-05
2.09389e-05
3.18031e-05
2.08767e-05
3.16803e-05
2.08768e-05
3.16806e-05
3.3705e-06
1.33442e-05
3.37049e-06
1.33443e-05
3.36217e-06
1.3308e-05
3.36217e-06
1.3308e-05
4.04693e-05
5.34464e-05
4.04697e-05
5.34467e-05
4.03612e-05
5.3175e-05
4.03613e-05
5.31746e-05
2.09731e-05
3.1854e-05
2.09732e-05
3.18541e-05
2.09424e-05
3.17893e-05
2.09424e-05
3.17893e-05
3.37592e-06
1.33663e-05
3.37592e-06
1.33663e-05
3.372e-06
1.33488e-05
3.37201e-06
1.33487e-05
4.04689e-05
5.34451e-05
4.04696e-05
5.34463e-05
4.0361e-05
5.31743e-05
4.03613e-05
5.31746e-05
2.0973e-05
3.18535e-05
2.09733e-05
3.1854e-05
2.09423e-05
3.17892e-05
2.09425e-05
3.17893e-05
3.37592e-06
1.33662e-05
3.37594e-06
1.33662e-05
3.372e-06
1.33488e-05
3.37202e-06
1.33487e-05
4.04689e-05
5.34455e-05
4.04692e-05
5.34456e-05
4.03611e-05
5.31742e-05
4.03611e-05
5.31746e-05
2.0973e-05
3.18534e-05
2.09732e-05
3.18538e-05
2.09423e-05
3.1789e-05
2.09423e-05
3.17891e-05
3.37592e-06
1.33661e-05
3.37594e-06
1.33661e-05
3.37201e-06
1.33486e-05
3.37201e-06
1.33486e-05
4.04998e-05
5.34428e-05
4.04997e-05
5.34427e-05
4.05074e-05
5.34351e-05
4.05078e-05
5.34356e-05
2.09802e-05
3.1869e-05
2.09801e-05
3.1869e-05
2.09912e-05
3.18826e-05
2.09913e-05
3.18828e-05
3.37645e-06
1.33692e-05
3.37644e-06
1.33692e-05
3.37843e-06
1.33767e-05
3.37843e-06
1.33767e-05
4.04996e-05
5.34422e-05
4.04996e-05
5.34424e-05
4.05071e-05
5.34338e-05
4.05074e-05
5.34346e-05
2.09802e-05
3.18686e-05
2.09802e-05
3.1869e-05
2.09911e-05
3.18823e-05
2.09912e-05
3.18827e-05
3.37645e-06
1.33691e-05
3.37645e-06
1.33691e-05
3.37843e-06
1.33766e-05
3.37843e-06
1.33766e-05
4.04994e-05
5.34421e-05
4.04994e-05
5.34419e-05
4.05071e-05
5.34345e-05
4.05072e-05
5.34338e-05
2.09801e-05
3.18685e-05
2.09801e-05
3.18688e-05
2.09911e-05
3.18823e-05
2.09911e-05
3.18825e-05
3.37645e-06
1.3369e-05
3.37645e-06
1.33691e-05
3.37843e-06
1.33765e-05
3.37843e-06
1.33766e-05
4.02034e-05
5.28643e-05
4.02032e-05
5.28638e-05
4.04031e-05
5.34072e-05
4.0403e-05
5.34065e-05
2.08753e-05
3.16744e-05
2.08752e-05
3.16744e-05
2.09372e-05
3.18016e-05
2.09371e-05
3.18017e-05
3.36201e-06
1.33073e-05
3.36199e-06
1.33073e-05
3.37015e-06
1.33431e-05
3.37015e-06
1.33431e-05
4.02035e-05
5.28652e-05
4.02035e-05
5.28649e-05
4.04029e-05
5.34074e-05
4.04029e-05
5.34073e-05
2.08754e-05
3.16748e-05
2.08754e-05
3.16747e-05
2.09372e-05
3.18017e-05
2.09372e-05
3.18017e-05
3.36199e-06
1.33075e-05
3.362e-06
1.33074e-05
3.37015e-06
1.33431e-05
3.37015e-06
1.33431e-05
4.02034e-05
5.28641e-05
4.02035e-05
5.28651e-05
4.04028e-05
5.34062e-05
4.04028e-05
5.34069e-05
2.08753e-05
3.16745e-05
2.08754e-05
3.16747e-05
2.09371e-05
3.18016e-05
2.09371e-05
3.18017e-05
3.362e-06
1.33073e-05
3.36201e-06
1.33074e-05
3.37014e-06
1.3343e-05
3.37015e-06
1.33431e-05
1.33083e-05
3.36217e-06
1.33083e-05
3.36218e-06
1.33445e-05
3.37052e-06
1.33445e-05
3.37052e-06
3.16812e-05
2.08771e-05
3.16813e-05
2.08771e-05
3.18034e-05
2.09392e-05
3.18036e-05
2.09392e-05
5.29346e-05
4.02122e-05
5.29351e-05
4.02123e-05
5.3388e-05
4.04069e-05
5.33883e-05
4.0407e-05
1.33084e-05
3.36217e-06
1.33084e-05
3.36218e-06
1.33445e-05
3.37051e-06
1.33445e-05
3.37052e-06
3.16813e-05
2.08772e-05
3.16814e-05
2.08772e-05
3.18036e-05
2.09393e-05
3.18035e-05
2.09392e-05
5.2935e-05
4.02123e-05
5.29347e-05
4.02125e-05
5.33884e-05
4.04069e-05
5.33881e-05
4.0407e-05
1.33083e-05
3.36219e-06
1.33082e-05
3.36217e-06
1.33444e-05
3.37053e-06
1.33444e-05
3.37051e-06
3.16812e-05
2.08771e-05
3.16811e-05
2.0877e-05
3.18034e-05
2.09392e-05
3.18033e-05
2.09391e-05
5.29344e-05
4.02123e-05
5.29342e-05
4.02121e-05
5.33881e-05
4.04069e-05
5.33878e-05
4.04067e-05
1.33716e-05
3.37708e-06
1.33716e-05
3.37708e-06
1.33822e-05
3.37972e-06
1.33822e-05
3.37973e-06
3.18728e-05
2.09836e-05
3.18729e-05
2.09836e-05
3.18987e-05
2.10002e-05
3.18989e-05
2.10003e-05
5.34323e-05
4.04991e-05
5.34321e-05
4.04992e-05
5.3482e-05
4.05337e-05
5.34822e-05
4.05339e-05
1.33716e-05
3.37714e-06
1.33716e-05
3.37712e-06
1.33822e-05
3.37974e-06
1.33822e-05
3.37972e-06
3.18729e-05
2.09837e-05
3.18729e-05
2.09836e-05
3.18989e-05
2.10003e-05
3.18988e-05
2.10003e-05
5.34322e-05
4.04993e-05
5.34323e-05
4.04994e-05
5.34821e-05
4.05338e-05
5.34821e-05
4.05339e-05
1.33715e-05
3.37706e-06
1.33715e-05
3.37704e-06
1.33822e-05
3.37974e-06
1.33821e-05
3.37972e-06
3.18728e-05
2.09836e-05
3.18727e-05
2.09835e-05
3.18988e-05
2.10003e-05
3.18986e-05
2.10002e-05
5.34323e-05
4.0499e-05
5.34322e-05
4.04989e-05
5.34824e-05
4.05339e-05
5.3482e-05
4.05337e-05
1.33712e-05
3.37718e-06
1.33712e-05
3.37718e-06
1.33501e-05
3.37238e-06
1.33502e-05
3.37239e-06
3.18689e-05
2.09815e-05
3.1869e-05
2.09815e-05
3.17894e-05
2.09443e-05
3.17896e-05
2.09443e-05
5.34966e-05
4.04889e-05
5.3497e-05
4.04889e-05
5.31301e-05
4.0362e-05
5.31303e-05
4.0362e-05
1.33712e-05
3.37721e-06
1.33712e-05
3.37718e-06
1.33502e-05
3.37242e-06
1.33502e-05
3.37239e-06
3.18691e-05
2.09817e-05
3.1869e-05
2.09816e-05
3.17896e-05
2.09445e-05
3.17896e-05
2.09444e-05
5.34971e-05
4.04892e-05
5.3497e-05
4.04892e-05
5.313e-05
4.03621e-05
5.31298e-05
4.03622e-05
1.33711e-05
3.37721e-06
1.33711e-05
3.37712e-06
1.33502e-05
3.37248e-06
1.33501e-05
3.37239e-06
3.18689e-05
2.09816e-05
3.18688e-05
2.09814e-05
3.17896e-05
2.09445e-05
3.17895e-05
2.09443e-05
5.34969e-05
4.0489e-05
5.34966e-05
4.04889e-05
5.313e-05
4.03622e-05
5.31302e-05
4.03621e-05
5.31749e-05
4.03613e-05
5.31745e-05
4.03613e-05
5.34467e-05
4.04698e-05
5.34467e-05
4.04698e-05
3.17892e-05
2.09426e-05
3.17892e-05
2.09425e-05
3.1854e-05
2.09734e-05
3.1854e-05
2.09733e-05
1.33487e-05
3.37208e-06
1.33487e-05
3.37208e-06
1.33663e-05
3.37594e-06
1.33662e-05
3.37594e-06
5.31742e-05
4.03614e-05
5.31741e-05
4.03615e-05
5.34457e-05
4.04697e-05
5.3446e-05
4.04698e-05
3.17893e-05
2.09427e-05
3.17893e-05
2.09427e-05
3.18538e-05
2.09733e-05
3.1854e-05
2.09734e-05
1.33489e-05
3.37217e-06
1.33488e-05
3.37218e-06
1.33663e-05
3.37592e-06
1.33662e-05
3.37593e-06
5.31742e-05
4.03612e-05
5.31743e-05
4.03612e-05
5.34461e-05
4.04695e-05
5.34459e-05
4.04696e-05
3.17891e-05
2.09425e-05
3.17892e-05
2.09425e-05
3.18537e-05
2.09732e-05
3.1854e-05
2.09733e-05
1.33487e-05
3.37207e-06
1.33486e-05
3.37208e-06
1.33662e-05
3.37593e-06
1.33662e-05
3.37594e-06
5.34357e-05
4.0508e-05
5.34357e-05
4.05079e-05
5.34432e-05
4.04998e-05
5.34428e-05
4.04998e-05
3.18829e-05
2.09915e-05
3.18829e-05
2.09915e-05
3.18691e-05
2.09801e-05
3.1869e-05
2.09801e-05
1.33768e-05
3.37855e-06
1.33767e-05
3.37855e-06
1.33691e-05
3.37643e-06
1.33691e-05
3.37644e-06
5.34349e-05
4.05076e-05
5.34349e-05
4.05078e-05
5.34427e-05
4.04996e-05
5.3443e-05
4.04998e-05
3.1883e-05
2.09915e-05
3.1883e-05
2.09916e-05
3.18689e-05
2.098e-05
3.18691e-05
2.09801e-05
1.33768e-05
3.37859e-06
1.33768e-05
3.37859e-06
1.33691e-05
3.37643e-06
1.33691e-05
3.37643e-06
5.34352e-05
4.05075e-05
5.3435e-05
4.05076e-05
5.34423e-05
4.04993e-05
5.34428e-05
4.04995e-05
3.18827e-05
2.09914e-05
3.18828e-05
2.09914e-05
3.18686e-05
2.09799e-05
3.18689e-05
2.098e-05
1.33767e-05
3.37851e-06
1.33767e-05
3.37851e-06
1.3369e-05
3.37644e-06
1.3369e-05
3.37644e-06
5.34067e-05
4.0403e-05
5.34064e-05
4.0403e-05
5.28635e-05
4.0203e-05
5.28635e-05
4.0203e-05
3.18016e-05
2.09371e-05
3.18016e-05
2.09371e-05
3.16743e-05
2.0875e-05
3.16743e-05
2.08751e-05
1.3343e-05
3.37017e-06
1.3343e-05
3.37017e-06
1.33072e-05
3.36197e-06
1.33072e-05
3.36197e-06
5.34068e-05
4.04029e-05
5.34071e-05
4.0403e-05
5.28634e-05
4.02028e-05
5.28639e-05
4.02029e-05
3.18016e-05
2.09371e-05
3.18017e-05
2.09372e-05
3.16742e-05
2.0875e-05
3.16743e-05
2.0875e-05
1.3343e-05
3.37016e-06
1.3343e-05
3.37016e-06
1.33072e-05
3.36195e-06
1.33072e-05
3.36194e-06
5.3406e-05
4.04025e-05
5.34063e-05
4.04026e-05
5.28629e-05
4.02023e-05
5.28628e-05
4.02025e-05
3.18013e-05
2.0937e-05
3.18014e-05
2.0937e-05
3.16739e-05
2.08748e-05
3.1674e-05
2.08748e-05
1.33429e-05
3.37016e-06
1.3343e-05
3.37016e-06
1.33071e-05
3.36194e-06
1.33072e-05
3.36193e-06
