FiniteElementSpace
FiniteElementCollection: L2_3D_P1
VDim: 1
Ordering: 0

11.9377
6.78422
13.2042
8.29715
11.9377
6.78422
13.2042
8.29715
21.5867
8.39045
13.8782
6.83234
21.5867
8.39045
13.8782
6.83234
30.4216
29.7532
18.737
17.5861
30.4216
29.7532
18.737
17.5861
16.0671
14.3193
11.7347
9.39419
16.0671
14.3193
11.7347
9.39419
31.553
30.982
21.3486
19.8822
31.553
30.982
21.3486
19.8822
29.0515
31.0794
16.2917
20.3968
29.0515
31.0794
16.2917
20.3968
3.34462
7.91258
1.9778
5.60841
3.34462
7.91258
1.9778
5.60841
4.25162
17.7415
4.08959
10.8641
4.25162
17.7415
4.08959
10.8641
0.557347
1.60974
1.0495
2.15291
0.557347
1.60974
1.0495
2.15291
2.16185
1.79807
4.32434
4.90498
2.16185
1.79807
4.32434
4.90498
0.907316
0.528806
1.40242
0.965286
0.907316
0.528806
1.40242
0.965286
4.14981
1.6045
4.11274
2.07696
4.14981
1.6045
4.11274
2.07696
11.9377
6.78422
13.2042
8.29715
11.9377
6.78422
13.2042
8.29715
21.5867
8.39045
13.8782
6.83234
21.5867
8.39045
13.8782
6.83234
30.4216
29.7532
18.737
17.5861
30.4216
29.7532
18.737
17.5861
16.0671
14.3193
11.7347
9.39419
16.0671
14.3193
11.7347
9.39419
31.553
30.982
21.3486
19.8822
31.553
30.982
21.3486
19.8822
29.0515
31.0794
16.2917
20.3968
29.0515
31.0794
16.2917
20.3968
3.34462
7.91258
1.9778
5.60841
3.34462
7.91258
1.9778
5.60841
4.25162
17.7415
4.08959
10.8641
4.25162
17.7415
4.08959
10.8641
0.557347
1.60974
1.0495
2.15291
0.557347
1.60974
1.0495
2.15291
2.16185
1.79807
4.32434
4.90498
2.16185
1.79807
4.32434
4.90498
0.907316
0.528806
1.40242
0.965286
0.907316
0.528806
1.40242
0.965286
4.14981
1.6045
4.11274
2.07696
4.14981
1.6045
4.11274
2.07696
11.9377
6.78422
13.2042
8.29715
11.9377
6.78422
13.2042
8.29715
21.5867
8.39045
13.8782
6.83234
21.5867
8.39045
13.8782
6.83234
30.4216
29.7532
18.737
17.5861
30.4216
29.7532
18.737
17.5861
16.0671
14.3193
11.7347
9.39419
16.0671
14.3193
11.7347
9.39419
31.553
30.982
21.3486
19.8822
31.553
30.982
21.3486
19.8822
29.0515
31.0794
16.2917
20.3968
29.0515
31.0794
16.2917
20.3968
3.34462
7.91258
1.9778
5.60841
3.34462
7.91258
1.9778
5.60841
4.25162
17.7415
4.08959
10.8641
4.25162
17.7415
4.08959
10.8641
0.557347
1.60974
1.0495
2.15291
0.557347
1.60974
1.0495
2.15291
2.16185
1.79807
4.32434
4.90498
2.16185
1.79807
4.32434
4.90498
0.907316
0.528806
1.40242
0.965286
0.907316
0.528806
1.40242
0.965286
4.14981
1.6045
4.11274
2.07696
4.14981
1.6045
4.11274
2.07696
1.32028
2.36075
2.9515
4.9478
1.32028
2.36075
2.9515
4.9478
0.519822
0.911958
0.825753
1.49631
0.519822
0.911958
0.825753
1.49631
1.59818
0.543698
2.16866
0.879051
1.59818
0.543698
2.16866
0.879051
11.1412
5.21891
12.9926
7.81621
11.1412
5.21891
12.9926
7.81621
18.4799
4.31607
12.4686
4.44587
18.4799
4.31607
12.4686
4.44587
30.4367
29.7834
18.7423
17.6024
30.4367
29.7834
18.7423
17.6024
16.0668
14.3209
11.7303
9.39857
16.0668
14.3209
11.7303
9.39857
31.5572
30.9814
21.3462
19.8883
31.5572
30.9814
21.3462
19.8883
29.0175
31.0629
16.2712
20.3927
29.0175
31.0629
16.2712
20.3927
5.31909
8.91651
3.41008
6.43463
5.31909
8.91651
3.41008
6.43463
8.39602
20.8192
6.67546
12.2777
8.39602
20.8192
6.67546
12.2777
1.63875
4.21677
2.32733
4.24615
1.63875
4.21677
2.32733
4.24615
1.32028
2.36075
2.9515
4.9478
1.32028
2.36075
2.9515
4.9478
0.519822
0.911958
0.825753
1.49631
0.519822
0.911958
0.825753
1.49631
1.59818
0.543698
2.16866
0.879051
1.59818
0.543698
2.16866
0.879051
11.1412
5.21891
12.9926
7.81621
11.1412
5.21891
12.9926
7.81621
18.4799
4.31607
12.4686
4.44587
18.4799
4.31607
12.4686
4.44587
30.4367
29.7834
18.7423
17.6024
30.4367
29.7834
18.7423
17.6024
16.0668
14.3209
11.7303
9.39857
16.0668
14.3209
11.7303
9.39857
31.5572
30.9814
21.3462
19.8883
31.5572
30.9814
21.3462
19.8883
29.0175
31.0629
16.2712
20.3927
29.0175
31.0629
16.2712
20.3927
5.31909
8.91651
3.41008
6.43463
5.31909
8.91651
3.41008
6.43463
8.39602
20.8192
6.67546
12.2777
8.39602
20.8192
6.67546
12.2777
1.63875
4.21677
2.32733
4.24615
1.63875
4.21677
2.32733
4.24615
1.32028
2.36075
2.9515
4.9478
1.32028
2.36075
2.9515
4.9478
0.519822
0.911958
0.825753
1.49631
0.519822
0.911958
0.825753
1.49631
1.59818
0.543698
2.16866
0.879051
1.59818
0.543698
2.16866
0.879051
11.1412
5.21891
12.9926
7.81621
11.1412
5.21891
12.9926
7.81621
18.4799
4.31607
12.4686
4.44587
18.4799
4.31607
12.4686
4.44587
30.4367
29.7834
18.7423
17.6024
30.4367
29.7834
18.7423
17.6024
16.0668
14.3209
11.7303
9.39857
16.0668
14.3209
11.7303
9.39857
31.5572
30.9814
21.3462
19.8883
31.5572
30.9814
21.3462
19.8883
29.0175
31.0629
16.2712
20.3927
29.0175
31.0629
16.2712
20.3927
5.31909
8.91651
3.41008
6.43463
5.31909
8.91651
3.41008
6.43463
8.39602
20.8192
6.67546
12.2777
8.39602
20.8192
6.67546
12.2777
1.63875
4.21677
2.32733
4.24615
1.63875
4.21677
2.32733
4.24615
11.9377
6.78422
13.2042
8.29715
11.9377
6.78422
13.2042
8.29715
21.5867
8.39045
13.8782
6.83234
21.5867
8.39045
13.8782
6.83234
30.4216
29.7532
18.737
17.5861
30.4216
29.7532
18.737
17.5861
16.0671
14.3193
11.7347
9.39419
16.0671
14.3193
11.7347
9.39419
31.553
30.982
21.3486
19.8822
31.553
30.982
21.3486
19.8822
29.0515
31.0794
16.2917
20.3968
29.0515
31.0794
16.2917
20.3968
3.34462
7.91258
1.9778
5.60841
3.34462
7.91258
1.9778
5.60841
4.25162
17.7415
4.08959
10.8641
4.25162
17.7415
4.08959
10.8641
0.557347
1.60974
1.0495
2.15291
0.557347
1.60974
1.0495
2.15291
2.16185
1.79807
4.32434
4.90498
2.16185
1.79807
4.32434
4.90498
0.907316
0.528806
1.40242
0.965286
0.907316
0.528806
1.40242
0.965286
4.14981
1.6045
4.11274
2.07696
4.14981
1.6045
4.11274
2.07696
11.9377
6.78422
13.2042
8.29715
11.9377
6.78422
13.2042
8.29715
21.5867
8.39045
13.8782
6.83234
21.5867
8.39045
13.8782
6.83234
30.4216
29.7532
18.737
17.5861
30.4216
29.7532
18.737
17.5861
16.0671
14.3193
11.7347
9.39419
16.0671
14.3193
11.7347
9.39419
31.553
30.982
21.3486
19.8822
31.553
30.982
21.3486
19.8822
29.0515
31.0794
16.2917
20.3968
29.0515
31.0794
16.2917
20.3968
3.34462
7.91258
1.9778
5.60841
3.34462
7.91258
1.9778
5.60841
4.25162
17.7415
4.08959
10.8641
4.25162
17.7415
4.08959
10.8641
0.557347
1.60974
1.0495
2.15291
0.557347
1.60974
1.0495
2.15291
2.16185
1.79807
4.32434
4.90498
2.16185
1.79807
4.32434
4.90498
0.907316
0.528806
1.40242
0.965286
0.907316
0.528806
1.40242
0.965286
4.14981
1.6045
4.11274
2.07696
4.14981
1.6045
4.11274
2.07696
11.9377
6.78422
13.2042
8.29715
11.9377
6.78422
13.2042
8.29715
21.5867
8.39045
13.8782
6.83234
21.5867
8.39045
13.8782
6.83234
30.4216
29.7532
18.737
17.5861
30.4216
29.7532
18.737
17.5861
16.0671
14.3193
11.7347
9.39419
16.0671
14.3193
11.7347
9.39419
31.553
30.982
21.3486
19.8822
31.553
30.982
21.3486
19.8822
29.0515
31.0794
16.2917
20.3968
29.0515
31.0794
16.2917
20.3968
3.34462
7.91258
1.9778
5.60841
3.34462
7.91258
1.9778
5.60841
4.25162
17.7415
4.08959
10.8641
4.25162
17.7415
4.08959
10.8641
0.557347
1.60974
1.0495
2.15291
0.557347
1.60974
1.0495
2.15291
2.16185
1.79807
4.32434
4.90498
2.16185
1.79807
4.32434
4.90498
0.907316
0.528806
1.40242
0.965286
0.907316
0.528806
1.40242
0.965286
4.14981
1.6045
4.11274
2.07696
4.14981
1.6045
4.11274
2.07696
1.32028
2.36075
2.9515
4.9478
1.32028
2.36075
2.9515
4.9478
0.519822
0.911958
0.825753
1.49631
0.519822
0.911958
0.825753
1.49631
1.59818
0.543698
2.16866
0.879051
1.59818
0.543698
2.16866
0.879051
11.1412
5.21891
12.9926
7.81621
11.1412
5.21891
12.9926
7.81621
18.4799
4.31607
12.4686
4.44587
18.4799
4.31607
12.4686
4.44587
30.4367
29.7834
18.7423
17.6024
30.4367
29.7834
18.7423
17.6024
16.0668
14.3209
11.7303
9.39857
16.0668
14.3209
11.7303
9.39857
31.5572
30.9814
21.3462
19.8883
31.5572
30.9814
21.3462
19.8883
29.0175
31.0629
16.2712
20.3927
29.0175
31.0629
16.2712
20.3927
5.31909
8.91651
3.41008
6.43463
5.31909
8.91651
3.41008
6.43463
8.39602
20.8192
6.67546
12.2777
8.39602
20.8192
6.67546
12.2777
1.63875
4.21677
2.32733
4.24615
1.63875
4.21677
2.32733
4.24615
1.32028
2.36075
2.9515
4.9478
1.32028
2.36075
2.9515
4.9478
0.519822
0.911958
0.825753
1.49631
0.519822
0.911958
0.825753
1.49631
1.59818
0.543698
2.16866
0.879051
1.59818
0.543698
2.16866
0.879051
11.1412
5.21891
12.9926
7.81621
11.1412
5.21891
12.9926
7.81621
18.4799
4.31607
12.4686
4.44587
18.4799
4.31607
12.4686
4.44587
30.4367
29.7834
18.7423
17.6024
30.4367
29.7834
18.7423
17.6024
16.0668
14.3209
11.7303
9.39857
16.0668
14.3209
11.7303
9.39857
31.5572
30.9814
21.3462
19.8883
31.5572
30.9814
21.3462
19.8883
29.0175
31.0629
16.2712
20.3927
29.0175
31.0629
16.2712
20.3927
5.31909
8.91651
3.41008
6.43463
5.31909
8.91651
3.41008
6.43463
8.39602
20.8192
6.67546
12.2777
8.39602
20.8192
6.67546
12.2777
1.63875
4.21677
2.32733
4.24615
1.63875
4.21677
2.32733
4.24615
1.32028
2.36075
2.9515
4.9478
1.32028
2.36075
2.9515
4.9478
0.519822
0.911958
0.825753
1.49631
0.519822
0.911958
0.825753
1.49631
1.59818
0.543698
2.16866
0.879051
1.59818
0.543698
2.16866
0.879051
11.1412
5.21891
12.9926
7.81621
11.1412
5.21891
12.9926
7.81621
18.4799
4.31607
12.4686
4.44587
18.4799
4.31607
12.4686
4.44587
30.4367
29.7834
18.7423
17.6024
30.4367
29.7834
18.7423
17.6024
16.0668
14.3209
11.7303
9.39857
16.0668
14.3209
11.7303
9.39857
31.5572
30.9814
21.3462
19.8883
31.5572
30.9814
21.3462
19.8883
29.0175
31.0629
16.2712
20.3927
29.0175
31.0629
16.2712
20.3927
5.31909
8.91651
3.41008
6.43463
5.31909
8.91651
3.41008
6.43463
8.39602
20.8192
6.67546
12.2777
8.39602
20.8192
6.67546
12.2777
1.63875
4.21677
2.32733
4.24615
1.63875
4.21677
2.32733
4.24615
8.11319e-05
4.731e-05
8.11319e-05
4.731e-05
8.11235e-05
4.72827e-05
8.11235e-05
4.72827e-05
0.000149142
0.000108589
0.000149142
0.000108589
0.000149138
0.000108581
0.000149138
0.000108581
0.000228143
0.000181175
0.000228143
0.000181175
0.000228143
0.000181173
0.000228143
0.000181173
8.11319e-05
4.731e-05
8.11319e-05
4.731e-05
8.11235e-05
4.72827e-05
8.11235e-05
4.72827e-05
0.000149142
0.000108589
0.000149142
0.000108589
0.000149138
0.000108581
0.000149138
0.000108581
0.000228143
0.000181175
0.000228143
0.000181175
0.000228143
0.000181173
0.000228143
0.000181173
8.11319e-05
4.731e-05
8.11319e-05
4.731e-05
8.11235e-05
4.72827e-05
8.11235e-05
4.72827e-05
0.000149142
0.000108589
0.000149142
0.000108589
0.000149138
0.000108581
0.000149138
0.000108581
0.000228143
0.000181175
0.000228143
0.000181175
0.000228143
0.000181173
0.000228143
0.000181173
8.11191e-05
4.72826e-05
8.11191e-05
4.72826e-05
8.11346e-05
4.72962e-05
8.11346e-05
4.72962e-05
0.000149138
0.000108581
0.000149138
0.000108581
0.000149143
0.000108587
0.000149143
0.000108587
0.000228143
0.000181173
0.000228143
0.000181173
0.000228143
0.000181176
0.000228143
0.000181176
8.11191e-05
4.72826e-05
8.11191e-05
4.72826e-05
8.11346e-05
4.72962e-05
8.11346e-05
4.72962e-05
0.000149138
0.000108581
0.000149138
0.000108581
0.000149143
0.000108587
0.000149143
0.000108587
0.000228143
0.000181173
0.000228143
0.000181173
0.000228143
0.000181176
0.000228143
0.000181176
8.11191e-05
4.72826e-05
8.11191e-05
4.72826e-05
8.11346e-05
4.72962e-05
8.11346e-05
4.72962e-05
0.000149138
0.000108581
0.000149138
0.000108581
0.000149143
0.000108587
0.000149143
0.000108587
0.000228143
0.000181173
0.000228143
0.000181173
0.000228143
0.000181176
0.000228143
0.000181176
8.11377e-05
4.73061e-05
8.11377e-05
4.73061e-05
8.11616e-05
4.7337e-05
8.11616e-05
4.7337e-05
0.000149152
0.000108601
0.000149152
0.000108601
0.00014916
0.000108613
0.00014916
0.000108613
0.000228145
0.000181182
0.000228145
0.000181182
0.000228146
0.000181187
0.000228146
0.000181187
8.11377e-05
4.73061e-05
8.11377e-05
4.73061e-05
8.11616e-05
4.7337e-05
8.11616e-05
4.7337e-05
0.000149152
0.000108601
0.000149152
0.000108601
0.00014916
0.000108613
0.00014916
0.000108613
0.000228145
0.000181182
0.000228145
0.000181182
0.000228146
0.000181187
0.000228146
0.000181187
8.11377e-05
4.73061e-05
8.11377e-05
4.73061e-05
8.11616e-05
4.7337e-05
8.11616e-05
4.7337e-05
0.000149152
0.000108601
0.000149152
0.000108601
0.00014916
0.000108613
0.00014916
0.000108613
0.000228145
0.000181182
0.000228145
0.000181182
0.000228146
0.000181187
0.000228146
0.000181187
8.1128e-05
4.72885e-05
8.1128e-05
4.72885e-05
8.11336e-05
4.73046e-05
8.11336e-05
4.73046e-05
0.00014914
0.000108584
0.00014914
0.000108584
0.000149143
0.00010859
0.000149143
0.00010859
0.000228143
0.000181174
0.000228143
0.000181174
0.000228143
0.000181176
0.000228143
0.000181176
8.1128e-05
4.72885e-05
8.1128e-05
4.72885e-05
8.11336e-05
4.73046e-05
8.11336e-05
4.73046e-05
0.00014914
0.000108584
0.00014914
0.000108584
0.000149143
0.00010859
0.000149143
0.00010859
0.000228143
0.000181174
0.000228143
0.000181174
0.000228143
0.000181176
0.000228143
0.000181176
8.1128e-05
4.72885e-05
8.1128e-05
4.72885e-05
8.11336e-05
4.73046e-05
8.11336e-05
4.73046e-05
0.00014914
0.000108584
0.00014914
0.000108584
0.000149143
0.00010859
0.000149143
0.00010859
0.000228143
0.000181174
0.000228143
0.000181174
0.000228143
0.000181176
0.000228143
0.000181176
8.11311e-05
4.72829e-05
8.11311e-05
4.72829e-05
8.11211e-05
4.7294e-05
8.11211e-05
4.7294e-05
0.000149141
0.000108584
0.000149141
0.000108584
0.000149139
0.000108583
0.000149139
0.000108583
0.000228143
0.000181175
0.000228143
0.000181175
0.000228143
0.000181173
0.000228143
0.000181173
8.11311e-05
4.72829e-05
8.11311e-05
4.72829e-05
8.11211e-05
4.7294e-05
8.11211e-05
4.7294e-05
0.000149141
0.000108584
0.000149141
0.000108584
0.000149139
0.000108583
0.000149139
0.000108583
0.000228143
0.000181175
0.000228143
0.000181175
0.000228143
0.000181173
0.000228143
0.000181173
8.11311e-05
4.72829e-05
8.11311e-05
4.72829e-05
8.11211e-05
4.7294e-05
8.11211e-05
4.7294e-05
0.000149141
0.000108584
0.000149141
0.000108584
0.000149139
0.000108583
0.000149139
0.000108583
0.000228143
0.000181175
0.000228143
0.000181175
0.000228143
0.000181173
0.000228143
0.000181173
8.11602e-05
4.73451e-05
8.11602e-05
4.73451e-05
8.11338e-05
4.73007e-05
8.11338e-05
4.73007e-05
0.000149159
0.000108612
0.000149159
0.000108612
0.000149149
0.000108598
0.000149149
0.000108598
0.000228146
0.000181187
0.000228146
0.000181187
0.000228145
0.000181181
0.000228145
0.000181181
8.11602e-05
4.73451e-05
8.11602e-05
4.73451e-05
8.11338e-05
4.73007e-05
8.11338e-05
4.73007e-05
0.000149159
0.000108612
0.000149159
0.000108612
0.000149149
0.000108598
0.000149149
0.000108598
0.000228146
0.000181187
0.000228146
0.000181187
0.000228145
0.000181181
0.000228145
0.000181181
8.11602e-05
4.73451e-05
8.11602e-05
4.73451e-05
8.11338e-05
4.73007e-05
8.11338e-05
4.73007e-05
0.000149159
0.000108612
0.000149159
0.000108612
0.000149149
0.000108598
0.000149149
0.000108598
0.000228146
0.000181187
0.000228146
0.000181187
0.000228145
0.000181181
0.000228145
0.000181181
0.000181187
0.000228146
0.000181187
0.000228146
0.000181182
0.000228145
0.000181182
0.000228145
0.000108613
0.00014916
0.000108613
0.00014916
0.000108601
0.000149152
0.000108601
0.000149152
4.7337e-05
8.11616e-05
4.7337e-05
8.11616e-05
4.73061e-05
8.11377e-05
4.73061e-05
8.11377e-05
0.000181187
0.000228146
0.000181187
0.000228146
0.000181182
0.000228145
0.000181182
0.000228145
0.000108613
0.00014916
0.000108613
0.00014916
0.000108601
0.000149152
0.000108601
0.000149152
4.7337e-05
8.11616e-05
4.7337e-05
8.11616e-05
4.73061e-05
8.11377e-05
4.73061e-05
8.11377e-05
0.000181187
0.000228146
0.000181187
0.000228146
0.000181182
0.000228145
0.000181182
0.000228145
0.000108613
0.00014916
0.000108613
0.00014916
0.000108601
0.000149152
0.000108601
0.000149152
4.7337e-05
8.11616e-05
4.7337e-05
8.11616e-05
4.73061e-05
8.11377e-05
4.73061e-05
8.11377e-05
0.000181176
0.000228143
0.000181176
0.000228143
0.000181173
0.000228143
0.000181173
0.000228143
0.000108587
0.000149143
0.000108587
0.000149143
0.000108581
0.000149138
0.000108581
0.000149138
4.72962e-05
8.11346e-05
4.72962e-05
8.11346e-05
4.72826e-05
8.11191e-05
4.72826e-05
8.11191e-05
0.000181176
0.000228143
0.000181176
0.000228143
0.000181173
0.000228143
0.000181173
0.000228143
0.000108587
0.000149143
0.000108587
0.000149143
0.000108581
0.000149138
0.000108581
0.000149138
4.72962e-05
8.11346e-05
4.72962e-05
8.11346e-05
4.72826e-05
8.11191e-05
4.72826e-05
8.11191e-05
0.000181176
0.000228143
0.000181176
0.000228143
0.000181173
0.000228143
0.000181173
0.000228143
0.000108587
0.000149143
0.000108587
0.000149143
0.000108581
0.000149138
0.000108581
0.000149138
4.72962e-05
8.11346e-05
4.72962e-05
8.11346e-05
4.72826e-05
8.11191e-05
4.72826e-05
8.11191e-05
0.000181173
0.000228143
0.000181173
0.000228143
0.000181175
0.000228143
0.000181175
0.000228143
0.000108581
0.000149138
0.000108581
0.000149138
0.000108589
0.000149142
0.000108589
0.000149142
4.72827e-05
8.11235e-05
4.72827e-05
8.11235e-05
4.731e-05
8.11319e-05
4.731e-05
8.11319e-05
0.000181173
0.000228143
0.000181173
0.000228143
0.000181175
0.000228143
0.000181175
0.000228143
0.000108581
0.000149138
0.000108581
0.000149138
0.000108589
0.000149142
0.000108589
0.000149142
4.72827e-05
8.11235e-05
4.72827e-05
8.11235e-05
4.731e-05
8.11319e-05
4.731e-05
8.11319e-05
0.000181173
0.000228143
0.000181173
0.000228143
0.000181175
0.000228143
0.000181175
0.000228143
0.000108581
0.000149138
0.000108581
0.000149138
0.000108589
0.000149142
0.000108589
0.000149142
4.72827e-05
8.11235e-05
4.72827e-05
8.11235e-05
4.731e-05
8.11319e-05
4.731e-05
8.11319e-05
4.73046e-05
8.11336e-05
4.73046e-05
8.11336e-05
4.72885e-05
8.1128e-05
4.72885e-05
8.1128e-05
0.00010859
0.000149143
0.00010859
0.000149143
0.000108584
0.00014914
0.000108584
0.00014914
0.000181176
0.000228143
0.000181176
0.000228143
0.000181174
0.000228143
0.000181174
0.000228143
4.73046e-05
8.11336e-05
4.73046e-05
8.11336e-05
4.72885e-05
8.1128e-05
4.72885e-05
8.1128e-05
0.00010859
0.000149143
0.00010859
0.000149143
0.000108584
0.00014914
0.000108584
0.00014914
0.000181176
0.000228143
0.000181176
0.000228143
0.000181174
0.000228143
0.000181174
0.000228143
4.73046e-05
8.11336e-05
4.73046e-05
8.11336e-05
4.72885e-05
8.1128e-05
4.72885e-05
8.1128e-05
0.00010859
0.000149143
0.00010859
0.000149143
0.000108584
0.00014914
0.000108584
0.00014914
0.000181176
0.000228143
0.000181176
0.000228143
0.000181174
0.000228143
0.000181174
0.000228143
4.7294e-05
8.11211e-05
4.7294e-05
8.11211e-05
4.72829e-05
8.11311e-05
4.72829e-05
8.11311e-05
0.000108583
0.000149139
0.000108583
0.000149139
0.000108584
0.000149141
0.000108584
0.000149141
0.000181173
0.000228143
0.000181173
0.000228143
0.000181175
0.000228143
0.000181175
0.000228143
4.7294e-05
8.11211e-05
4.7294e-05
8.11211e-05
4.72829e-05
8.11311e-05
4.72829e-05
8.11311e-05
0.000108583
0.000149139
0.000108583
0.000149139
0.000108584
0.000149141
0.000108584
0.000149141
0.000181173
0.000228143
0.000181173
0.000228143
0.000181175
0.000228143
0.000181175
0.000228143
4.7294e-05
8.11211e-05
4.7294e-05
8.11211e-05
4.72829e-05
8.11311e-05
4.72829e-05
8.11311e-05
0.000108583
0.000149139
0.000108583
0.000149139
0.000108584
0.000149141
0.000108584
0.000149141
0.000181173
0.000228143
0.000181173
0.000228143
0.000181175
0.000228143
0.000181175
0.000228143
4.73007e-05
8.11338e-05
4.73007e-05
8.11338e-05
4.73451e-05
8.11602e-05
4.73451e-05
8.11602e-05
0.000108598
0.000149149
0.000108598
0.000149149
0.000108612
0.000149159
0.000108612
0.000149159
0.000181181
0.000228145
0.000181181
0.000228145
0.000181187
0.000228146
0.000181187
0.000228146
4.73007e-05
8.11338e-05
4.73007e-05
8.11338e-05
4.73451e-05
8.11602e-05
4.73451e-05
8.11602e-05
0.000108598
0.000149149
0.000108598
0.000149149
0.000108612
0.000149159
0.000108612
0.000149159
0.000181181
0.000228145
0.000181181
0.000228145
0.000181187
0.000228146
0.000181187
0.000228146
4.73007e-05
8.11338e-05
4.73007e-05
8.11338e-05
4.73451e-05
8.11602e-05
4.73451e-05
8.11602e-05
0.000108598
0.000149149
0.000108598
0.000149149
0.000108612
0.000149159
0.000108612
0.000149159
0.000181181
0.000228145
0.000181181
0.000228145
0.000181187
0.000228146
0.000181187
0.000228146
