FiniteElementSpace
FiniteElementCollection: RT_3D_P1
VDim: 1
Ordering: 0

1.8228e-12
5.81347e-12
-3.29894e-12
-2.99107e-12
-0.0588045
-0.0355346
-0.0588045
-0.0355346
0.00786955
0.0194932
0.00786955
0.0194932
0.0338087
0.0494226
0.0338087
0.0494226
-0.020712
0.00445689
-0.020712
0.00445689
-2.69122e-16
-2.69122e-16
1.93221e-17
1.93221e-17
-1.20715e-12
-2.48383e-12
4.10899e-12
-4.05916e-12
-0.178027
-0.0829164
-0.178027
-0.0829164
-0.011224
-0.00036415
-0.011224
-0.000364149
0.065112
0.113081
0.065112
0.113081
-2.88444e-16
-2.88444e-16
2.88444e-16
2.88444e-16
5.48325e-12
2.26164e-12
1.38985e-12
-5.15038e-12
0.000236591
-0.00129971
0.000236591
-0.00129971
0.065828
0.0971728
0.065828
0.0971728
-2.69122e-16
-2.69122e-16
1.93221e-17
1.93221e-17
-4.6832e-13
-1.60578e-12
-1.27253e-12
-3.42804e-12
-0.0233273
-0.00100244
-0.0233273
-0.00100244
0.00877586
0.0359361
0.00877586
0.0359361
0.0220371
0.040812
0.0220371
0.040812
-2.88444e-16
0
0
2.88444e-16
-8.22247e-12
-4.46318e-12
1.33021e-12
-8.21305e-12
0.000246743
0.000192299
0.000246743
0.000192299
0.0589588
0.0792733
0.0589588
0.0792733
-2.88444e-16
-2.88444e-16
2.88444e-16
2.88444e-16
6.82282e-12
7.22059e-12
6.41833e-12
9.04374e-12
0.0042917
-0.00153895
0.0042917
-0.00153895
0.0666233
0.131705
0.0666233
0.131705
-2.69122e-16
-2.69122e-16
1.93221e-17
1.93221e-17
1.19294e-12
1.8237e-12
8.48721e-13
1.07282e-12
0.0344456
0.0643214
0.0344456
0.0643214
-0.0576603
-0.0230942
-0.0576603
-0.0230942
0.00883837
0.0178612
0.00883837
0.0178612
-2.88444e-16
0
0
2.88444e-16
2.79547e-12
1.01023e-13
1.75567e-12
-2.22374e-12
0.0675957
0.233919
0.0675957
0.233919
-0.00535225
0.000933371
-0.00535225
0.000933371
-2.88444e-16
-2.88444e-16
2.88444e-16
2.88444e-16
-1.03772e-12
2.75734e-12
-5.01253e-12
4.58834e-12
0.00300909
0.0329198
0.00300909
0.0329198
-0.0129727
-0.000675577
-0.0129727
-0.000675577
-2.69122e-16
-2.69122e-16
1.93221e-17
1.93221e-17
-6.14594e-13
6.48385e-12
-1.20473e-12
1.04502e-12
-0.00695923
-0.00356272
-0.00695923
-0.00356272
-0.0262646
-0.0166053
-0.0262646
-0.0166053
-3.07767e-16
-1.93221e-17
2.69122e-16
5.57567e-16
2.04423e-12
-3.11687e-12
1.36627e-12
-3.88872e-12
-0.0110665
-0.000553724
-0.0110665
-0.000553724
-0.00871374
-0.00383616
-0.00871374
-0.00383616
-2.88444e-16
-2.88444e-16
2.88444e-16
2.88444e-16
-2.28586e-12
2.57601e-12
-7.63855e-13
-3.56726e-13
-0.0472309
-0.019777
-0.0472309
-0.019777
-2.69122e-16
-2.69122e-16
1.93221e-17
1.93221e-17
3.38318e-12
1.00729e-11
3.13869e-12
-7.2316e-12
-0.0588045
-0.0355346
-0.0588045
-0.0355346
0.00786955
0.0194932
0.00786955
0.0194932
0.0338087
0.0494226
0.0338087
0.0494226
-0.020712
0.00445689
-0.020712
0.00445689
-3.6739e-12
-6.22399e-12
-1.02839e-11
-4.73227e-12
-0.178027
-0.0829164
-0.178027
-0.0829164
-0.011224
-0.000364149
-0.011224
-0.000364149
0.065112
0.113081
0.065112
0.113081
9.24132e-12
-1.07817e-12
9.78031e-12
-7.44978e-13
0.000236591
-0.00129971
0.000236591
-0.00129971
0.065828
0.0971728
0.065828
0.0971728
-2.69512e-12
2.11685e-12
1.64935e-12
6.97837e-12
-0.0233273
-0.00100244
-0.0233273
-0.00100244
0.00877586
0.0359361
0.00877586
0.0359361
0.0220371
0.040812
0.0220371
0.040812
5.31373e-12
6.12108e-12
1.46816e-12
1.48004e-11
0.000246743
0.000192299
0.000246743
0.000192299
0.0589588
0.0792733
0.0589588
0.0792733
-8.90991e-12
8.04287e-13
-1.20912e-11
3.92638e-12
0.0042917
-0.00153895
0.0042917
-0.00153895
0.0666233
0.131705
0.0666233
0.131705
2.19758e-13
-5.88531e-13
9.24304e-13
-4.38249e-12
0.0344456
0.0643214
0.0344456
0.0643214
-0.0576603
-0.0230942
-0.0576603
-0.0230942
0.00883837
0.0178612
0.00883837
0.0178612
1.48905e-13
-3.36715e-12
1.78855e-12
-1.26685e-11
0.0675957
0.233919
0.0675957
0.233919
-0.00535225
0.000933371
-0.00535225
0.000933371
-1.91718e-12
7.93346e-12
-2.39858e-12
-3.49495e-12
0.00300909
0.0329198
0.00300909
0.0329198
-0.0129727
-0.000675577
-0.0129727
-0.000675577
-6.19037e-14
8.07844e-12
-2.39777e-12
-2.2651e-12
-0.00695923
-0.00356272
-0.00695923
-0.00356272
-0.0262646
-0.0166053
-0.0262646
-0.0166053
1.61734e-12
5.42164e-13
-5.87139e-12
-3.12605e-14
-0.0110665
-0.000553724
-0.0110665
-0.000553724
-0.00871374
-0.00383616
-0.00871374
-0.00383616
-3.91751e-12
2.10946e-12
-3.68156e-12
-5.15065e-13
-0.0472309
-0.019777
-0.0472309
-0.019777
1.93221e-17
1.93221e-17
-2.69122e-16
-2.69122e-16
-0.0588045
-0.0355346
-0.0588045
-0.0355346
0.00786955
0.0194932
0.00786955
0.0194932
0.0338087
0.0494226
0.0338087
0.0494226
-0.020712
0.00445689
-0.020712
0.00445689
2.88444e-16
2.88444e-16
-2.88444e-16
-2.88444e-16
-0.178027
-0.0829164
-0.178027
-0.0829164
-0.011224
-0.000364149
-0.011224
-0.000364149
0.065112
0.113081
0.065112
0.113081
1.93221e-17
1.93221e-17
-2.69122e-16
-2.69122e-16
0.000236591
-0.00129971
0.000236591
-0.00129971
0.065828
0.0971728
0.065828
0.0971728
0
2.88444e-16
-2.88444e-16
0
-0.0233273
-0.00100244
-0.0233273
-0.00100244
0.00877586
0.0359361
0.00877586
0.0359361
0.0220371
0.040812
0.0220371
0.040812
2.88444e-16
2.88444e-16
-2.88444e-16
-2.88444e-16
0.000246743
0.000192299
0.000246743
0.000192299
0.0589588
0.0792733
0.0589588
0.0792733
1.93221e-17
1.93221e-17
-2.69122e-16
-2.69122e-16
0.0042917
-0.00153895
0.0042917
-0.00153895
0.0666233
0.131705
0.0666233
0.131705
0
2.88444e-16
-2.88444e-16
0
0.0344456
0.0643214
0.0344456
0.0643214
-0.0576603
-0.0230942
-0.0576603
-0.0230942
0.00883837
0.0178612
0.00883837
0.0178612
2.88444e-16
2.88444e-16
-2.88444e-16
-2.88444e-16
0.0675957
0.233919
0.0675957
0.233919
-0.00535225
0.000933371
-0.00535225
0.000933371
1.93221e-17
1.93221e-17
-2.69122e-16
-2.69122e-16
0.00300909
0.0329198
0.00300909
0.0329198
-0.0129727
-0.000675577
-0.0129727
-0.000675577
2.69122e-16
5.57567e-16
-3.07767e-16
-1.93221e-17
-0.00695923
-0.00356272
-0.00695923
-0.00356272
-0.0262646
-0.0166053
-0.0262646
-0.0166053
2.88444e-16
2.88444e-16
-2.88444e-16
-2.88444e-16
-0.0110665
-0.000553724
-0.0110665
-0.000553724
-0.00871374
-0.00383616
-0.00871374
-0.00383616
1.93221e-17
1.93221e-17
-2.69122e-16
-2.69122e-16
-0.0472309
-0.019777
-0.0472309
-0.019777
-1.68536e-12
-8.8873e-13
-4.24253e-13
-5.85416e-12
0.00829367
0.0149533
0.00829367
0.0149533
0.0222485
0.0416733
0.0222485
0.0416733
-0.0315059
-0.0175957
-0.0315059
-0.0175957
-0.0261027
-0.0119645
-0.0261027
-0.0119645
-2.69122e-16
-2.69122e-16
1.93221e-17
1.93221e-17
-1.03135e-12
-3.34877e-13
-1.04174e-12
2.15007e-12
0.000553724
0.0110665
0.000553724
0.0110665
0.00541031
0.013589
0.00541031
0.013589
-0.00746715
9.454e-05
-0.00746715
9.454e-05
-2.88444e-16
-2.88444e-16
2.88444e-16
2.88444e-16
-7.15081e-13
5.19161e-12
-5.91429e-12
-1.41828e-12
-0.00952643
1.55493e-05
-0.00952643
1.55493e-05
1.97215e-31
0
0
-1.97215e-31
-2.28002e-12
-4.4974e-12
-3.64573e-12
-4.42396e-13
-0.0788262
-0.0378347
-0.0788262
-0.0378347
0.03357
0.0496452
0.03357
0.0496452
-0.0208426
0.00518676
-0.0208426
0.00518676
-2.88444e-16
0
0
2.88444e-16
-4.06677e-13
2.14085e-12
2.9278e-12
1.26048e-12
0.0653101
0.110032
0.0653101
0.110032
-1.93221e-17
-1.93221e-17
2.69122e-16
2.69122e-16
-2.45543e-12
1.17164e-11
-2.39586e-12
-3.92311e-12
0.00114434
-0.00409165
0.00114434
-0.00409165
0.065688
0.0969459
0.065688
0.0969459
-2.69122e-16
-2.69122e-16
1.93221e-17
1.93221e-17
-8.11793e-12
-9.91424e-12
6.32791e-12
-5.45731e-12
-0.0233824
-0.000872781
-0.0233824
-0.000872781
0.00881042
0.0356402
0.00881042
0.0356402
0.0221597
0.04086
0.0221597
0.04086
-2.88444e-16
0
0
2.88444e-16
1.04394e-11
-1.0409e-12
-3.07479e-12
3.18359e-12
-5.94346e-05
-5.30348e-05
-5.94346e-05
-5.30349e-05
0.058912
0.0795793
0.058912
0.0795793
-2.88444e-16
-2.88444e-16
2.88444e-16
2.88444e-16
-1.68006e-11
-1.46138e-11
-8.77467e-12
2.80744e-12
0.00150438
-0.000573281
0.00150438
-0.000573281
0.0654867
0.135093
0.0654867
0.135093
-2.69122e-16
-2.69122e-16
1.93221e-17
1.93221e-17
-1.50575e-12
-5.92788e-12
-6.72374e-13
-5.83028e-12
0.0295997
0.0432009
0.0295997
0.0432009
0.013897
0.0216749
0.013897
0.0216749
-3.07767e-16
-1.93221e-17
2.69122e-16
5.57567e-16
-3.5997e-12
-2.35906e-12
-1.0338e-12
-1.10844e-11
0.0829164
0.178027
0.0829164
0.178027
0.0026327
0.00980409
0.0026327
0.00980409
-2.88444e-16
-2.88444e-16
2.88444e-16
2.88444e-16
-4.27977e-12
-4.77654e-13
-5.00132e-12
-1.60333e-12
0.019777
0.0472309
0.019777
0.0472309
-2.69122e-16
-2.69122e-16
1.93221e-17
1.93221e-17
-4.12986e-12
2.07059e-12
-1.8022e-12
-3.47314e-12
0.00829367
0.0149533
0.00829367
0.0149533
0.0222485
0.0416733
0.0222485
0.0416733
-0.0315059
-0.0175957
-0.0315059
-0.0175957
-0.0261027
-0.0119645
-0.0261027
-0.0119645
-1.24103e-12
-5.89916e-12
3.38104e-12
-7.25237e-13
0.000553724
0.0110665
0.000553724
0.0110665
0.00541031
0.013589
0.00541031
0.013589
-0.00746715
9.454e-05
-0.00746715
9.454e-05
-5.04793e-12
3.06982e-12
-2.98224e-12
-1.06029e-11
-0.00952643
1.55493e-05
-0.00952643
1.55493e-05
-7.94822e-13
-5.78497e-12
-3.39229e-12
-2.7873e-12
-0.0788262
-0.0378347
-0.0788262
-0.0378347
0.03357
0.0496452
0.03357
0.0496452
-0.0208426
0.00518676
-0.0208426
0.00518676
-4.78404e-12
9.99669e-13
9.13807e-12
-2.41318e-12
0.0653101
0.110032
0.0653101
0.110032
-1.59385e-12
7.27135e-12
5.24081e-12
-1.739e-12
0.00114434
-0.00409165
0.00114434
-0.00409165
0.065688
0.0969459
0.065688
0.0969459
-6.77852e-12
3.67251e-13
-7.35059e-12
2.61843e-12
-0.0233824
-0.000872781
-0.0233824
-0.000872781
0.00881042
0.0356402
0.00881042
0.0356402
0.0221597
0.04086
0.0221597
0.04086
5.36773e-12
-1.22434e-12
-1.12389e-11
-1.38648e-12
-5.94346e-05
-5.30348e-05
-5.94346e-05
-5.30348e-05
0.058912
0.0795793
0.058912
0.0795793
-1.66052e-11
-7.56684e-12
-1.97448e-11
-2.73203e-11
0.00150438
-0.000573281
0.00150438
-0.000573281
0.0654867
0.135093
0.0654867
0.135093
-3.38937e-12
-3.31602e-13
3.52748e-12
-1.1394e-11
0.0295997
0.0432009
0.0295997
0.0432009
0.013897
0.0216749
0.013897
0.0216749
-2.4304e-12
-6.09382e-12
-1.14309e-11
-1.52447e-11
0.0829164
0.178027
0.0829164
0.178027
0.0026327
0.00980409
0.0026327
0.00980409
-2.1496e-13
-6.19163e-12
-4.75939e-12
3.03589e-12
0.019777
0.0472309
0.019777
0.0472309
1.93221e-17
1.93221e-17
-2.69122e-16
-2.69122e-16
0.00829367
0.0149533
0.00829367
0.0149533
0.0222485
0.0416733
0.0222485
0.0416733
-0.0315059
-0.0175957
-0.0315059
-0.0175957
-0.0261027
-0.0119645
-0.0261027
-0.0119645
2.88444e-16
2.88444e-16
-2.88444e-16
-2.88444e-16
0.000553724
0.0110665
0.000553724
0.0110665
0.00541031
0.013589
0.00541031
0.013589
-0.00746715
9.454e-05
-0.00746715
9.454e-05
0
-1.97215e-31
1.97215e-31
0
-0.00952643
1.55493e-05
-0.00952643
1.55493e-05
0
2.88444e-16
-2.88444e-16
0
-0.0788262
-0.0378347
-0.0788262
-0.0378347
0.03357
0.0496452
0.03357
0.0496452
-0.0208426
0.00518676
-0.0208426
0.00518676
2.69122e-16
2.69122e-16
-1.93221e-17
-1.93221e-17
0.0653101
0.110032
0.0653101
0.110032
1.93221e-17
1.93221e-17
-2.69122e-16
-2.69122e-16
0.00114434
-0.00409165
0.00114434
-0.00409165
0.065688
0.0969459
0.065688
0.0969459
0
2.88444e-16
-2.88444e-16
0
-0.0233824
-0.000872781
-0.0233824
-0.000872781
0.00881042
0.0356402
0.00881042
0.0356402
0.0221597
0.04086
0.0221597
0.04086
2.88444e-16
2.88444e-16
-2.88444e-16
-2.88444e-16
-5.94346e-05
-5.30349e-05
-5.94346e-05
-5.30348e-05
0.058912
0.0795793
0.058912
0.0795793
1.93221e-17
1.93221e-17
-2.69122e-16
-2.69122e-16
0.00150438
-0.000573281
0.00150438
-0.000573281
0.0654867
0.135093
0.0654867
0.135093
2.69122e-16
5.57567e-16
-3.07767e-16
-1.93221e-17
0.0295997
0.0432009
0.0295997
0.0432009
0.013897
0.0216749
0.013897
0.0216749
2.88444e-16
2.88444e-16
-2.88444e-16
-2.88444e-16
0.0829164
0.178027
0.0829164
0.178027
0.0026327
0.00980409
0.0026327
0.00980409
1.93221e-17
1.93221e-17
-2.69122e-16
-2.69122e-16
0.019777
0.0472309
0.019777
0.0472309
-6.11365e-13
1.68046e-12
-6.88218e-12
-2.77564e-13
-0.0588045
-0.0355346
-0.0588045
-0.0355346
0.00786955
0.0194932
0.00786955
0.0194932
0.0338087
0.0494226
0.0338087
0.0494226
-0.020712
0.00445689
-0.020712
0.00445689
-2.69122e-16
-2.69122e-16
1.93221e-17
1.93221e-17
8.85568e-13
1.58272e-12
-2.84932e-12
-5.52031e-12
-0.011224
-0.000364149
-0.011224
-0.000364149
0.065112
0.113081
0.065112
0.113081
-1.93221e-17
-1.93221e-17
2.69122e-16
2.69122e-16
-5.59417e-13
8.23191e-12
-4.39794e-13
-9.18393e-12
0.000236591
-0.00129971
0.000236591
-0.00129971
0.065828
0.0971728
0.065828
0.0971728
-2.69122e-16
-2.69122e-16
1.93221e-17
1.93221e-17
2.55917e-12
-7.94159e-12
-4.56481e-12
-3.04538e-12
-0.0233273
-0.00100244
-0.0233273
-0.00100244
0.00877586
0.0359361
0.00877586
0.0359361
0.0220371
0.040812
0.0220371
0.040812
-2.88444e-16
0
0
2.88444e-16
-9.42849e-12
-3.83292e-12
-1.98293e-13
-4.14524e-12
0.000246743
0.000192299
0.000246743
0.000192299
0.0589588
0.0792733
0.0589588
0.0792733
-2.88444e-16
-2.88444e-16
2.88444e-16
2.88444e-16
-5.20982e-12
1.99255e-12
2.81585e-12
-2.53982e-12
0.0042917
-0.00153895
0.0042917
-0.00153895
0.0666233
0.131705
0.0666233
0.131705
-2.69122e-16
-2.69122e-16
1.93221e-17
1.93221e-17
7.27097e-13
5.18645e-12
9.61817e-13
9.89935e-13
0.0344456
0.0643214
0.0344456
0.0643214
-0.0576603
-0.0230942
-0.0576603
-0.0230942
0.00883837
0.0178612
0.00883837
0.0178612
-2.88444e-16
0
0
2.88444e-16
-1.33831e-12
-1.49508e-12
3.49386e-12
-1.42865e-12
0.0675957
0.233919
0.0675957
0.233919
-0.00535225
0.000933371
-0.00535225
0.000933371
-2.88444e-16
-2.88444e-16
2.88444e-16
2.88444e-16
-1.80485e-12
2.4684e-12
-5.51018e-12
9.78216e-13
0.00300909
0.0329198
0.00300909
0.0329198
-0.0129727
-0.000675577
-0.0129727
-0.000675577
-2.69122e-16
-2.69122e-16
1.93221e-17
1.93221e-17
-9.03302e-13
7.19761e-13
2.09624e-15
9.16671e-13
-0.00695923
-0.00356272
-0.00695923
-0.00356272
-0.0262646
-0.0166053
-0.0262646
-0.0166053
-3.07767e-16
-1.93221e-17
2.69122e-16
5.57567e-16
2.7211e-13
-3.24944e-12
4.88833e-12
-2.93817e-12
-0.00871374
-0.00383616
-0.00871374
-0.00383616
-1.93221e-17
-1.93221e-17
2.69122e-16
2.69122e-16
-2.15788e-12
3.67301e-12
-3.50892e-12
4.07872e-12
1.97215e-31
0
0
-1.97215e-31
1.26357e-12
-7.09694e-12
-2.5875e-12
-2.32708e-12
-0.0588045
-0.0355346
-0.0588045
-0.0355346
0.00786955
0.0194932
0.00786955
0.0194932
0.0338087
0.0494226
0.0338087
0.0494226
-0.020712
0.00445689
-0.020712
0.00445689
-1.73807e-12
-1.11027e-11
-1.77056e-11
-9.36063e-12
-0.011224
-0.000364149
-0.011224
-0.000364149
0.065112
0.113081
0.065112
0.113081
-1.00292e-11
-1.73608e-12
1.99719e-12
-1.93712e-11
0.000236591
-0.00129971
0.000236591
-0.00129971
0.065828
0.0971728
0.065828
0.0971728
8.23014e-12
4.26743e-12
-2.37392e-12
4.10279e-12
-0.0233273
-0.00100244
-0.0233273
-0.00100244
0.00877586
0.0359361
0.00877586
0.0359361
0.0220371
0.040812
0.0220371
0.040812
4.13745e-12
2.30141e-12
-8.07381e-12
4.38656e-12
0.000246743
0.000192299
0.000246743
0.000192299
0.0589588
0.0792733
0.0589588
0.0792733
3.22704e-12
-1.55036e-12
3.76016e-12
1.9983e-12
0.0042917
-0.00153895
0.0042917
-0.00153895
0.0666233
0.131705
0.0666233
0.131705
4.72893e-13
5.88549e-12
3.95406e-13
6.40339e-12
0.0344456
0.0643214
0.0344456
0.0643214
-0.0576603
-0.0230942
-0.0576603
-0.0230942
0.00883837
0.0178612
0.00883837
0.0178612
4.68075e-12
6.09786e-12
6.39657e-13
1.65392e-11
0.0675957
0.233919
0.0675957
0.233919
-0.00535225
0.000933371
-0.00535225
0.000933371
-2.09126e-12
8.41272e-13
3.80545e-12
4.17307e-12
0.00300909
0.0329198
0.00300909
0.0329198
-0.0129727
-0.000675577
-0.0129727
-0.000675577
4.51214e-13
3.62768e-12
-4.22597e-12
-1.58364e-12
-0.00695923
-0.00356272
-0.00695923
-0.00356272
-0.0262646
-0.0166053
-0.0262646
-0.0166053
-2.13612e-13
4.1481e-13
-4.70816e-13
-1.35018e-12
-0.00871374
-0.00383616
-0.00871374
-0.00383616
2.79518e-12
-1.30789e-12
-8.87094e-12
-2.59644e-12
1.93221e-17
1.93221e-17
-2.69122e-16
-2.69122e-16
-0.0588045
-0.0355346
-0.0588045
-0.0355346
0.00786955
0.0194932
0.00786955
0.0194932
0.0338087
0.0494226
0.0338087
0.0494226
-0.020712
0.00445689
-0.020712
0.00445689
2.69122e-16
2.69122e-16
-1.93221e-17
-1.93221e-17
-0.011224
-0.000364149
-0.011224
-0.000364149
0.065112
0.113081
0.065112
0.113081
1.93221e-17
1.93221e-17
-2.69122e-16
-2.69122e-16
0.000236591
-0.00129971
0.000236591
-0.00129971
0.065828
0.0971728
0.065828
0.0971728
0
2.88444e-16
-2.88444e-16
0
-0.0233273
-0.00100244
-0.0233273
-0.00100244
0.00877586
0.0359361
0.00877586
0.0359361
0.0220371
0.040812
0.0220371
0.040812
2.88444e-16
2.88444e-16
-2.88444e-16
-2.88444e-16
0.000246743
0.000192299
0.000246743
0.000192299
0.0589588
0.0792733
0.0589588
0.0792733
1.93221e-17
1.93221e-17
-2.69122e-16
-2.69122e-16
0.0042917
-0.00153895
0.0042917
-0.00153895
0.0666233
0.131705
0.0666233
0.131705
0
2.88444e-16
-2.88444e-16
0
0.0344456
0.0643214
0.0344456
0.0643214
-0.0576603
-0.0230942
-0.0576603
-0.0230942
0.00883837
0.0178612
0.00883837
0.0178612
2.88444e-16
2.88444e-16
-2.88444e-16
-2.88444e-16
0.0675957
0.233919
0.0675957
0.233919
-0.00535225
0.000933371
-0.00535225
0.000933371
1.93221e-17
1.93221e-17
-2.69122e-16
-2.69122e-16
0.00300909
0.0329198
0.00300909
0.0329198
-0.0129727
-0.000675577
-0.0129727
-0.000675577
2.69122e-16
5.57567e-16
-3.07767e-16
-1.93221e-17
-0.00695923
-0.00356272
-0.00695923
-0.00356272
-0.0262646
-0.0166053
-0.0262646
-0.0166053
2.69122e-16
2.69122e-16
-1.93221e-17
-1.93221e-17
-0.00871374
-0.00383616
-0.00871374
-0.00383616
0
-1.97215e-31
1.97215e-31
0
7.29183e-12
-3.28981e-12
-6.45948e-13
-1.5363e-12
0.00829367
0.0149533
0.00829367
0.0149533
0.0222485
0.0416733
0.0222485
0.0416733
-0.0315059
-0.0175957
-0.0315059
-0.0175957
-0.0261027
-0.0119645
-0.0261027
-0.0119645
-2.69122e-16
-2.69122e-16
1.93221e-17
1.93221e-17
-3.91905e-12
-5.80788e-13
2.93691e-12
3.80749e-12
0.00541031
0.013589
0.00541031
0.013589
-0.00746715
9.454e-05
-0.00746715
9.454e-05
-1.93221e-17
-1.93221e-17
2.69122e-16
2.69122e-16
1.51071e-12
2.97733e-12
3.57846e-13
-5.88211e-12
-0.00952643
1.55493e-05
-0.00952643
1.55493e-05
1.97215e-31
0
0
-1.97215e-31
2.89768e-12
2.70357e-12
-5.78658e-13
3.13083e-12
-0.0788262
-0.0378347
-0.0788262
-0.0378347
0.03357
0.0496452
0.03357
0.0496452
-0.0208426
0.00518676
-0.0208426
0.00518676
-2.88444e-16
0
0
2.88444e-16
-2.35131e-12
2.26196e-12
-1.35948e-11
7.94966e-12
0.0653101
0.110032
0.0653101
0.110032
-1.93221e-17
-1.93221e-17
2.69122e-16
2.69122e-16
3.41046e-12
5.90626e-12
6.90326e-12
-2.68912e-12
0.00114434
-0.00409165
0.00114434
-0.00409165
0.065688
0.0969459
0.065688
0.0969459
-2.69122e-16
-2.69122e-16
1.93221e-17
1.93221e-17
4.69453e-13
-2.78827e-12
7.31375e-12
-2.08875e-12
-0.0233824
-0.000872781
-0.0233824
-0.000872781
0.00881042
0.0356402
0.00881042
0.0356402
0.0221597
0.04086
0.0221597
0.04086
-2.88444e-16
0
0
2.88444e-16
1.82352e-11
2.22651e-12
4.82857e-14
1.41148e-11
-5.94346e-05
-5.30348e-05
-5.94346e-05
-5.30348e-05
0.058912
0.0795793
0.058912
0.0795793
-2.88444e-16
-2.88444e-16
2.88444e-16
2.88444e-16
-1.0402e-11
-6.58167e-12
-6.8402e-12
5.69951e-12
0.00150438
-0.000573281
0.00150438
-0.000573281
0.0654867
0.135093
0.0654867
0.135093
-2.69122e-16
-2.69122e-16
1.93221e-17
1.93221e-17
5.8793e-14
-6.93144e-13
-2.18009e-12
2.28158e-12
0.0295997
0.0432009
0.0295997
0.0432009
0.013897
0.0216749
0.013897
0.0216749
-3.07767e-16
-1.93221e-17
2.69122e-16
5.57567e-16
-5.41779e-13
-1.13547e-12
3.27098e-12
5.95685e-12
0.0026327
0.00980409
0.0026327
0.00980409
-1.93221e-17
-1.93221e-17
2.69122e-16
2.69122e-16
-1.732e-12
3.95002e-13
-3.63481e-12
-9.12881e-13
1.97215e-31
0
0
-1.97215e-31
3.66784e-12
2.5527e-12
-3.63264e-13
5.42052e-12
0.00829367
0.0149533
0.00829367
0.0149533
0.0222485
0.0416733
0.0222485
0.0416733
-0.0315059
-0.0175957
-0.0315059
-0.0175957
-0.0261027
-0.0119645
-0.0261027
-0.0119645
4.22588e-13
-1.33412e-12
1.93887e-12
-8.78153e-13
0.00541031
0.013589
0.00541031
0.013589
-0.00746715
9.454e-05
-0.00746715
9.454e-05
5.10374e-12
8.6133e-12
-8.89811e-12
-1.98748e-12
-0.00952643
1.55493e-05
-0.00952643
1.55493e-05
1.17324e-11
4.9798e-12
1.16005e-11
5.96166e-12
-0.0788262
-0.0378347
-0.0788262
-0.0378347
0.03357
0.0496452
0.03357
0.0496452
-0.0208426
0.00518676
-0.0208426
0.00518676
3.94548e-12
3.50468e-12
1.58917e-11
7.48993e-12
0.0653101
0.110032
0.0653101
0.110032
2.30653e-11
2.14273e-11
2.2579e-11
7.44893e-12
0.00114434
-0.00409165
0.00114434
-0.00409165
0.065688
0.0969459
0.065688
0.0969459
-4.46352e-12
-7.1066e-12
-1.62194e-12
5.75458e-12
-0.0233824
-0.000872781
-0.0233824
-0.000872781
0.00881042
0.0356402
0.00881042
0.0356402
0.0221597
0.04086
0.0221597
0.04086
6.61313e-12
5.06299e-12
4.67051e-12
3.68516e-11
-5.94346e-05
-5.30348e-05
-5.94346e-05
-5.30348e-05
0.058912
0.0795793
0.058912
0.0795793
-1.02256e-11
-1.07658e-12
-1.45079e-11
-2.14236e-11
0.00150438
-0.000573281
0.00150438
-0.000573281
0.0654867
0.135093
0.0654867
0.135093
-2.0436e-12
-3.78633e-12
6.00705e-12
-7.90675e-12
0.0295997
0.0432009
0.0295997
0.0432009
0.013897
0.0216749
0.013897
0.0216749
-7.17472e-13
-7.18389e-13
-5.41086e-12
-8.38199e-12
0.0026327
0.00980409
0.0026327
0.00980409
2.36907e-12
-4.03718e-12
-1.11612e-12
-1.87275e-12
1.93221e-17
1.93221e-17
-2.69122e-16
-2.69122e-16
0.00829367
0.0149533
0.00829367
0.0149533
0.0222485
0.0416733
0.0222485
0.0416733
-0.0315059
-0.0175957
-0.0315059
-0.0175957
-0.0261027
-0.0119645
-0.0261027
-0.0119645
2.69122e-16
2.69122e-16
-1.93221e-17
-1.93221e-17
0.00541031
0.013589
0.00541031
0.013589
-0.00746715
9.454e-05
-0.00746715
9.454e-05
0
-1.97215e-31
1.97215e-31
0
-0.00952643
1.55493e-05
-0.00952643
1.55493e-05
0
2.88444e-16
-2.88444e-16
0
-0.0788262
-0.0378347
-0.0788262
-0.0378347
0.03357
0.0496452
0.03357
0.0496452
-0.0208426
0.00518676
-0.0208426
0.00518676
2.69122e-16
2.69122e-16
-1.93221e-17
-1.93221e-17
0.0653101
0.110032
0.0653101
0.110032
1.93221e-17
1.93221e-17
-2.69122e-16
-2.69122e-16
0.00114434
-0.00409165
0.00114434
-0.00409165
0.065688
0.0969459
0.065688
0.0969459
0
2.88444e-16
-2.88444e-16
0
-0.0233824
-0.000872781
-0.0233824
-0.000872781
0.00881042
0.0356402
0.00881042
0.0356402
0.0221597
0.04086
0.0221597
0.04086
2.88444e-16
2.88444e-16
-2.88444e-16
-2.88444e-16
-5.94346e-05
-5.30348e-05
-5.94346e-05
-5.30348e-05
0.058912
0.0795793
0.058912
0.0795793
1.93221e-17
1.93221e-17
-2.69122e-16
-2.69122e-16
0.00150438
-0.000573281
0.00150438
-0.000573281
0.0654867
0.135093
0.0654867
0.135093
2.69122e-16
5.57567e-16
-3.07767e-16
-1.93221e-17
0.0295997
0.0432009
0.0295997
0.0432009
0.013897
0.0216749
0.013897
0.0216749
2.69122e-16
2.69122e-16
-1.93221e-17
-1.93221e-17
0.0026327
0.00980409
0.0026327
0.00980409
0
-1.97215e-31
1.97215e-31
0
0.184383
0.220616
0.184383
0.220616
-4.99672e-12
-6.9961e-14
-9.76579e-13
-2.04055e-11
0
-1.97215e-31
1.97215e-31
-1.2326e-32
-0.0568575
-0.0568575
0.0569767
0.0569767
-0.184268
-0.219919
-0.184268
-0.219919
0.145437
0.165928
0.145437
0.165928
-1.32848e-11
-6.25604e-12
-9.07214e-12
-1.28489e-11
0
-1.97215e-31
1.97215e-31
-1.2326e-32
-0.0546604
-0.0546604
0.0546896
0.0546896
-0.145415
-0.16586
-0.145415
-0.16586
0.122281
0.133371
0.122281
0.133371
-2.70356e-11
-2.05178e-11
-3.05701e-11
-2.04963e-11
0
-1.97215e-31
1.97215e-31
-1.2326e-32
8.88178e-16
3.33067e-16
-9.29812e-16
9.02056e-17
-0.122269
-0.133353
-0.122269
-0.133353
0.184383
0.220616
0.184383
0.220616
-1.34467e-11
-3.34449e-11
-1.38372e-11
-3.79104e-11
-0.0568575
-0.0568575
0.0569767
0.0569767
-0.184268
-0.219919
-0.184268
-0.219919
0.145437
0.165928
0.145437
0.165928
-1.12039e-11
-1.30954e-11
-1.31214e-11
-2.84988e-11
-0.0546604
-0.0546604
0.0546896
0.0546896
-0.145415
-0.16586
-0.145415
-0.16586
0.122281
0.133371
0.122281
0.133371
-1.74891e-11
-2.41115e-11
-1.39189e-11
-2.16412e-11
-1.11022e-16
0
-7.63278e-17
-6.93889e-18
-0.122269
-0.133353
-0.122269
-0.133353
0.184383
0.220616
0.184383
0.220616
0
1.97215e-31
-1.97215e-31
1.2326e-32
-0.0568575
-0.0568575
0.0569767
0.0569767
-0.184268
-0.219919
-0.184268
-0.219919
0.145437
0.165928
0.145437
0.165928
0
1.97215e-31
-1.97215e-31
1.2326e-32
-0.0546604
-0.0546604
0.0546896
0.0546896
-0.145415
-0.16586
-0.145415
-0.16586
0.122281
0.133371
0.122281
0.133371
0
1.97215e-31
-1.97215e-31
1.2326e-32
-3.33067e-16
1.22125e-15
4.78784e-16
-1.02002e-15
-0.122269
-0.133353
-0.122269
-0.133353
-5.0029e-12
-9.36988e-12
-2.47408e-12
1.29155e-11
0
-1.97215e-31
1.97215e-31
-1.2326e-32
-0.056974
-0.056974
0.0569698
0.0569698
-0.184155
-0.220141
-0.184155
-0.220141
-9.87145e-12
-9.75889e-12
-2.39844e-12
-3.88314e-12
0
-1.97215e-31
1.97215e-31
-1.2326e-32
-0.0546743
-0.0546743
0.0546625
0.0546625
-0.145414
-0.165853
-0.145414
-0.165853
-2.52993e-11
-1.91323e-11
-1.43056e-11
-1.39153e-11
0
-1.97215e-31
1.97215e-31
-1.2326e-32
1.44329e-15
-5.55112e-16
-5.89806e-16
1.31839e-16
-0.122276
-0.133358
-0.122276
-0.133358
-1.84426e-11
-1.2605e-11
-3.19381e-12
6.67903e-12
-0.056974
-0.056974
0.0569698
0.0569698
-0.184155
-0.220141
-0.184155
-0.220141
-5.7473e-12
-1.61767e-11
-1.57839e-12
-1.50929e-11
-0.0546743
-0.0546743
0.0546625
0.0546625
-0.145414
-0.165853
-0.145414
-0.165853
-7.90098e-12
-1.63718e-11
-3.04562e-12
-1.22768e-11
1.11022e-16
1.11022e-16
6.93889e-18
-1.04083e-16
-0.122276
-0.133358
-0.122276
-0.133358
0
1.97215e-31
-1.97215e-31
1.2326e-32
-0.056974
-0.056974
0.0569698
0.0569698
-0.184155
-0.220141
-0.184155
-0.220141
0
1.97215e-31
-1.97215e-31
1.2326e-32
-0.0546743
-0.0546743
0.0546625
0.0546625
-0.145414
-0.165853
-0.145414
-0.165853
0
1.97215e-31
-1.97215e-31
1.2326e-32
-4.44089e-16
1.33227e-15
2.28983e-16
-8.88178e-16
-0.122276
-0.133358
-0.122276
-0.133358
-4.39855e-12
-1.4661e-12
1.26556e-12
4.30257e-13
0
-1.97215e-31
1.97215e-31
-1.2326e-32
-0.0570865
-0.0570865
0.0566852
0.0566852
-0.184449
-0.222393
-0.184449
-0.222393
1.29925e-12
-3.34907e-12
-1.06792e-12
-5.25848e-12
0
-1.97215e-31
1.97215e-31
-1.2326e-32
-0.0547412
-0.0547412
0.0546429
0.0546429
-0.14549
-0.166081
-0.14549
-0.166081
3.78326e-13
-8.08576e-12
-8.47009e-13
-2.01617e-12
0
-1.97215e-31
1.97215e-31
-1.2326e-32
8.88178e-16
1.11022e-16
-7.07767e-16
-2.77556e-17
-0.122315
-0.133417
-0.122315
-0.133417
1.40046e-12
1.14421e-11
5.61302e-12
5.7957e-12
-0.0570865
-0.0570865
0.0566852
0.0566852
-0.184449
-0.222393
-0.184449
-0.222393
5.96771e-12
2.1847e-12
7.74084e-13
4.33115e-13
-0.0547412
-0.0547412
0.0546429
0.0546429
-0.14549
-0.166081
-0.14549
-0.166081
-1.61486e-12
2.92451e-12
-9.37881e-12
5.05746e-13
3.33067e-16
2.22045e-16
-3.40006e-16
-1.52656e-16
-0.122315
-0.133417
-0.122315
-0.133417
0
1.97215e-31
-1.97215e-31
1.2326e-32
-0.0570865
-0.0570865
0.0566852
0.0566852
-0.184449
-0.222393
-0.184449
-0.222393
0
1.97215e-31
-1.97215e-31
1.2326e-32
-0.0547412
-0.0547412
0.0546429
0.0546429
-0.14549
-0.166081
-0.14549
-0.166081
0
1.97215e-31
-1.97215e-31
1.2326e-32
-2.22045e-16
1.33227e-15
3.05311e-16
-9.64506e-16
-0.122315
-0.133417
-0.122315
-0.133417
0.184258
0.219796
0.184258
0.219796
-3.39128e-12
-1.82329e-12
-8.22142e-12
1.3644e-12
0
-1.97215e-31
1.97215e-31
-1.2326e-32
-0.0570063
-0.0570063
0.0568891
0.0568891
0.145417
0.165856
0.145417
0.165856
-6.68541e-12
-8.65897e-12
-1.29555e-11
-1.36836e-12
0
-1.97215e-31
1.97215e-31
-1.2326e-32
-0.054693
-0.054693
0.0546682
0.0546682
0.122272
0.133355
0.122272
0.133355
-1.69642e-11
-2.05947e-11
-2.27281e-11
-1.47696e-11
0
-1.97215e-31
1.97215e-31
-1.2326e-32
8.88178e-16
1.11022e-16
-4.996e-16
-3.46945e-16
0.184258
0.219796
0.184258
0.219796
-5.99709e-12
-6.361e-12
-1.16637e-11
-1.76784e-11
-0.0570063
-0.0570063
0.0568891
0.0568891
0.145417
0.165856
0.145417
0.165856
-1.45594e-11
-9.73391e-12
-2.1744e-11
-1.11624e-11
-0.054693
-0.054693
0.0546682
0.0546682
0.122272
0.133355
0.122272
0.133355
-2.48147e-11
-2.21123e-11
-2.79427e-11
-1.69699e-11
0
1.11022e-16
-1.94289e-16
1.17961e-16
0.184258
0.219796
0.184258
0.219796
0
1.97215e-31
-1.97215e-31
1.2326e-32
-0.0570063
-0.0570063
0.0568891
0.0568891
0.145417
0.165856
0.145417
0.165856
0
1.97215e-31
-1.97215e-31
1.2326e-32
-0.054693
-0.054693
0.0546682
0.0546682
0.122272
0.133355
0.122272
0.133355
0
1.97215e-31
-1.97215e-31
1.2326e-32
-5.55112e-16
1.44329e-15
1.8735e-16
-4.78784e-16
0.18417
0.220306
0.18417
0.220306
-1.86178e-12
-1.27803e-11
-3.92082e-12
-9.93275e-12
0
-1.97215e-31
1.97215e-31
-1.2326e-32
-0.0569643
-0.0569643
0.0569803
0.0569803
0.145416
0.165863
0.145416
0.165863
1.69962e-12
-2.22267e-12
-3.65317e-12
-8.73612e-12
0
-1.97215e-31
1.97215e-31
-1.2326e-32
-0.054665
-0.054665
0.0546739
0.0546739
0.122277
0.133359
0.122277
0.133359
-4.42243e-12
-1.04787e-11
-1.68046e-11
-3.35034e-12
0
-1.97215e-31
1.97215e-31
-1.2326e-32
1.33227e-15
-4.44089e-16
-8.39606e-16
3.26128e-16
0.18417
0.220306
0.18417
0.220306
-3.74233e-12
-1.09473e-12
-8.3033e-12
-9.65736e-12
-0.0569643
-0.0569643
0.0569803
0.0569803
0.145416
0.165863
0.145416
0.165863
-2.08624e-12
-9.94513e-12
-1.81439e-11
-9.38268e-12
-0.054665
-0.054665
0.0546739
0.0546739
0.122277
0.133359
0.122277
0.133359
-6.44946e-12
-1.34587e-11
-2.63123e-11
-1.77818e-11
0
2.22045e-16
3.46945e-17
-1.80411e-16
0.18417
0.220306
0.18417
0.220306
0
1.97215e-31
-1.97215e-31
1.2326e-32
-0.0569643
-0.0569643
0.0569803
0.0569803
0.145416
0.165863
0.145416
0.165863
0
1.97215e-31
-1.97215e-31
1.2326e-32
-0.054665
-0.054665
0.0546739
0.0546739
0.122277
0.133359
0.122277
0.133359
0
1.97215e-31
-1.97215e-31
1.2326e-32
-4.44089e-16
1.22125e-15
4.71845e-16
-1.1241e-15
0.184449
0.222393
0.184449
0.222393
1.05566e-11
-1.99582e-12
1.57494e-12
1.20215e-11
0
-1.97215e-31
1.97215e-31
-1.2326e-32
-0.0566624
-0.0566624
0.0570499
0.0570499
0.14549
0.166081
0.14549
0.166081
7.50007e-12
1.65463e-11
4.73064e-12
7.24514e-12
0
-1.97215e-31
1.97215e-31
-1.2326e-32
-0.0546392
-0.0546392
0.0547359
0.0547359
0.122315
0.133417
0.122315
0.133417
1.68218e-11
1.42918e-11
5.17078e-12
6.34907e-12
0
-1.97215e-31
1.97215e-31
-1.2326e-32
8.88178e-16
-1.11022e-16
-6.73073e-16
2.22045e-16
0.184449
0.222393
0.184449
0.222393
2.32931e-11
1.67826e-11
-2.59747e-12
-6.53849e-12
-0.0566624
-0.0566624
0.0570499
0.0570499
0.14549
0.166081
0.14549
0.166081
2.16961e-11
1.89281e-11
7.23193e-12
-7.39718e-13
-0.0546392
-0.0546392
0.0547359
0.0547359
0.122315
0.133417
0.122315
0.133417
2.93421e-11
2.3856e-11
1.22702e-11
1.14209e-11
-3.33067e-16
1.11022e-16
1.11022e-16
2.35922e-16
0.184449
0.222393
0.184449
0.222393
0
1.97215e-31
-1.97215e-31
1.2326e-32
-0.0566624
-0.0566624
0.0570499
0.0570499
0.14549
0.166081
0.14549
0.166081
0
1.97215e-31
-1.97215e-31
1.2326e-32
-0.0546392
-0.0546392
0.0547359
0.0547359
0.122315
0.133417
0.122315
0.133417
0
1.97215e-31
-1.97215e-31
1.2326e-32
-3.33067e-16
1.11022e-15
2.498e-16
-7.00828e-16
-2.69122e-16
-2.69122e-16
1.93221e-17
1.93221e-17
-1.11022e-15
1.11022e-16
3.67761e-16
8.32667e-17
-2.80988e-11
-3.85692e-11
-2.3751e-11
-1.77784e-11
-0.0546429
-0.0546429
0.0547412
0.0547412
0.133358
0.122276
0.133358
0.122276
-2.69122e-16
-2.69122e-16
1.93221e-17
1.93221e-17
-2.44322e-11
-2.4423e-11
-2.31074e-11
-2.00273e-11
-0.0566852
-0.0566852
0.0570865
0.0570865
0.165853
0.145414
0.165853
0.145414
0
-2.88444e-16
2.88444e-16
0
-2.65819e-11
-3.44762e-11
-2.83889e-11
-4.54015e-11
0.220141
0.184155
0.220141
0.184155
0
1.11022e-16
-1.249e-16
-2.22045e-16
-2.16854e-11
-2.66716e-11
-2.00995e-11
-1.38841e-11
-0.0546429
-0.0546429
0.0547412
0.0547412
0.133358
0.122276
0.133358
0.122276
-1.82357e-11
-1.65283e-11
-1.69189e-11
-1.7327e-11
-0.0566852
-0.0566852
0.0570865
0.0570865
0.165853
0.145414
0.165853
0.145414
-1.37001e-11
-7.79167e-13
-1.45507e-11
-1.76366e-11
0.220141
0.184155
0.220141
0.184155
-2.22045e-16
-6.66134e-16
5.55112e-16
2.28983e-16
2.69122e-16
2.69122e-16
-1.93221e-17
-1.93221e-17
-0.0546429
-0.0546429
0.0547412
0.0547412
0.133358
0.122276
0.133358
0.122276
2.69122e-16
2.69122e-16
-1.93221e-17
-1.93221e-17
-0.0566852
-0.0566852
0.0570865
0.0570865
0.165853
0.145414
0.165853
0.145414
2.498e-16
5.38245e-16
-3.86442e-17
2.498e-16
0.220141
0.184155
0.220141
0.184155
0
1.97215e-31
-1.97215e-31
1.2326e-32
-8.88178e-16
2.22045e-16
6.17562e-16
-6.93889e-18
-1.35272e-11
-2.1374e-11
-7.52492e-12
3.67677e-12
-0.0546625
-0.0546625
0.0546743
0.0546743
0.133353
0.122269
0.133353
0.122269
0
1.97215e-31
-1.97215e-31
1.2326e-32
-1.04462e-11
-2.1919e-11
-1.28009e-11
5.55934e-12
-0.0569698
-0.0569698
0.056974
0.056974
0.16586
0.145415
0.16586
0.145415
2.69122e-16
-1.93221e-17
2.69122e-16
-1.93221e-17
-2.57329e-11
-5.15555e-11
-1.25033e-11
-6.68238e-12
0.219919
0.184268
0.219919
0.184268
-2.22045e-16
2.22045e-16
-2.08167e-17
2.15106e-16
-1.22669e-11
-1.90135e-11
1.49001e-13
1.84253e-12
-0.0546625
-0.0546625
0.0546743
0.0546743
0.133353
0.122269
0.133353
0.122269
-8.32658e-12
-1.9007e-11
-1.54308e-11
-3.07061e-12
-0.0569698
-0.0569698
0.056974
0.056974
0.16586
0.145415
0.16586
0.145415
-7.54527e-12
-2.38515e-12
-2.05735e-11
-1.29703e-11
0.219919
0.184268
0.219919
0.184268
-3.33067e-16
-7.77156e-16
-3.88578e-16
9.02056e-16
0
-1.97215e-31
1.97215e-31
-1.2326e-32
-0.0546625
-0.0546625
0.0546743
0.0546743
0.133353
0.122269
0.133353
0.122269
0
-1.97215e-31
1.97215e-31
-1.2326e-32
-0.0569698
-0.0569698
0.056974
0.056974
0.16586
0.145415
0.16586
0.145415
-1.93221e-17
2.69122e-16
-1.93221e-17
2.69122e-16
0.219919
0.184268
0.219919
0.184268
0
1.97215e-31
-1.97215e-31
1.2326e-32
-9.99201e-16
2.22045e-16
5.34295e-16
-1.31839e-16
6.54181e-12
5.86192e-12
1.02516e-11
1.20848e-11
-0.0546896
-0.0546896
0.0546604
0.0546604
0.133371
0.122281
0.133371
0.122281
0
1.97215e-31
-1.97215e-31
1.2326e-32
9.10048e-12
2.72068e-13
2.79979e-12
6.75711e-12
-0.0569767
-0.0569767
0.0568575
0.0568575
0.165928
0.145437
0.165928
0.145437
2.69122e-16
-1.93221e-17
2.69122e-16
-1.93221e-17
-2.67954e-12
3.37648e-12
9.19486e-13
2.53272e-11
0.220616
0.184383
0.220616
0.184383
0
1.11022e-16
-1.31839e-16
2.498e-16
1.79692e-11
-3.49648e-12
-1.0049e-12
1.20597e-11
-0.0546896
-0.0546896
0.0546604
0.0546604
0.133371
0.122281
0.133371
0.122281
-4.39661e-13
-1.36947e-11
-5.90906e-12
3.21218e-12
-0.0569767
-0.0569767
0.0568575
0.0568575
0.165928
0.145437
0.165928
0.145437
-3.13486e-12
8.59344e-12
-1.07243e-11
-1.99013e-11
0.220616
0.184383
0.220616
0.184383
1.11022e-16
-1.11022e-15
-2.08167e-17
6.10623e-16
0
-1.97215e-31
1.97215e-31
-1.2326e-32
-0.0546896
-0.0546896
0.0546604
0.0546604
0.133371
0.122281
0.133371
0.122281
0
-1.97215e-31
1.97215e-31
-1.2326e-32
-0.0569767
-0.0569767
0.0568575
0.0568575
0.165928
0.145437
0.165928
0.145437
-1.93221e-17
2.69122e-16
-1.93221e-17
2.69122e-16
0.220616
0.184383
0.220616
0.184383
2.53481e-12
2.15027e-12
-8.55089e-12
2.03216e-12
0.0568891
0.0568891
-0.0570063
-0.0570063
-1.93221e-17
2.69122e-16
-1.93221e-17
2.69122e-16
0.219796
0.184258
0.219796
0.184258
3.90381e-13
3.75107e-12
-1.25724e-12
1.43755e-11
0.0546682
0.0546682
-0.054693
-0.054693
0
-1.97215e-31
1.97215e-31
-1.2326e-32
0.165856
0.145417
0.165856
0.145417
-1.90316e-12
2.33278e-12
9.24975e-12
1.27835e-11
1.11022e-16
-9.99201e-16
-2.77556e-17
8.53484e-16
0
-1.97215e-31
1.97215e-31
-1.2326e-32
0.133355
0.122272
0.133355
0.122272
-1.5452e-12
6.20363e-12
1.05069e-11
6.13736e-12
0.0568891
0.0568891
-0.0570063
-0.0570063
0.219796
0.184258
0.219796
0.184258
1.5883e-12
-3.57695e-12
1.15135e-11
7.95551e-12
0.0546682
0.0546682
-0.054693
-0.054693
0.165856
0.145417
0.165856
0.145417
-1.87719e-12
-8.47464e-12
7.36617e-12
4.59958e-12
-2.22045e-16
1.11022e-16
1.249e-16
1.31839e-16
0.133355
0.122272
0.133355
0.122272
2.69122e-16
-1.93221e-17
2.69122e-16
-1.93221e-17
0.0568891
0.0568891
-0.0570063
-0.0570063
0.219796
0.184258
0.219796
0.184258
0
1.97215e-31
-1.97215e-31
1.2326e-32
0.0546682
0.0546682
-0.054693
-0.054693
0.165856
0.145417
0.165856
0.145417
0
1.97215e-31
-1.97215e-31
1.2326e-32
-1.22125e-15
5.55112e-16
5.41234e-16
-2.91434e-16
0.133355
0.122272
0.133355
0.122272
-1.8604e-11
-1.27424e-12
-8.4295e-12
4.42978e-12
0.0569803
0.0569803
-0.0569643
-0.0569643
-1.93221e-17
2.69122e-16
-1.93221e-17
2.69122e-16
0.220306
0.18417
0.220306
0.18417
5.33979e-12
2.96999e-13
4.18584e-12
6.16497e-12
0.0546739
0.0546739
-0.054665
-0.054665
0
-1.97215e-31
1.97215e-31
-1.2326e-32
0.165863
0.145416
0.165863
0.145416
2.50493e-13
7.57009e-12
4.70041e-12
3.20977e-12
-1.11022e-16
-1.44329e-15
-1.04083e-16
9.29812e-16
0
-1.97215e-31
1.97215e-31
-1.2326e-32
0.133359
0.122277
0.133359
0.122277
3.87568e-12
9.84125e-12
1.97355e-11
4.11274e-12
0.0569803
0.0569803
-0.0569643
-0.0569643
0.220306
0.18417
0.220306
0.18417
1.43597e-11
-2.40335e-12
4.82256e-12
1.18889e-11
0.0546739
0.0546739
-0.054665
-0.054665
0.165863
0.145416
0.165863
0.145416
6.74908e-12
2.58317e-12
5.99725e-12
6.69202e-12
1.11022e-16
-2.22045e-16
-2.08167e-17
9.71445e-17
0.133359
0.122277
0.133359
0.122277
2.69122e-16
-1.93221e-17
2.69122e-16
-1.93221e-17
0.0569803
0.0569803
-0.0569643
-0.0569643
0.220306
0.18417
0.220306
0.18417
0
1.97215e-31
-1.97215e-31
1.2326e-32
0.0546739
0.0546739
-0.054665
-0.054665
0.165863
0.145416
0.165863
0.145416
0
1.97215e-31
-1.97215e-31
1.2326e-32
-7.77156e-16
2.22045e-16
2.35922e-16
9.71445e-17
0.133359
0.122277
0.133359
0.122277
3.73947e-11
4.94693e-12
7.62323e-12
4.58884e-12
0.0570499
0.0570499
-0.0566624
-0.0566624
0
2.88444e-16
-2.88444e-16
-1.2326e-32
1.13034e-11
-3.66503e-12
2.04795e-12
7.64326e-12
0.0547359
0.0547359
-0.0546392
-0.0546392
1.93221e-17
1.93221e-17
-2.69122e-16
-2.69122e-16
1.00847e-11
-1.18277e-13
8.36008e-12
6.08798e-12
5.55112e-16
-1.55431e-15
-1.38778e-16
9.36751e-16
1.93221e-17
1.93221e-17
-2.69122e-16
-2.69122e-16
-3.47734e-12
1.3022e-12
-1.07617e-11
-2.31242e-12
0.0570499
0.0570499
-0.0566624
-0.0566624
5.90333e-12
-4.25969e-12
-7.77636e-13
5.71692e-12
0.0547359
0.0547359
-0.0546392
-0.0546392
8.11381e-12
2.35581e-12
-3.21596e-12
2.50739e-14
-1.11022e-16
-1.11022e-16
3.46945e-17
-1.04083e-16
2.498e-16
-3.86442e-17
5.38245e-16
2.498e-16
0.0570499
0.0570499
-0.0566624
-0.0566624
-1.93221e-17
-1.93221e-17
2.69122e-16
2.69122e-16
0.0547359
0.0547359
-0.0546392
-0.0546392
-1.93221e-17
-1.93221e-17
2.69122e-16
2.69122e-16
-8.88178e-16
2.22045e-16
8.32667e-16
-3.53884e-16
0.00363897
0.0214851
0.00363897
0.0214851
0.0509059
0.0320141
0.0509059
0.0320141
-3.62429e-12
-1.56511e-12
-1.21253e-12
1.24392e-12
-0.0430549
-0.0207275
-0.0430549
-0.0207275
0.106838
0.0547347
0.106838
0.0547347
2.92951e-12
1.34092e-12
2.39785e-12
3.75072e-12
-0.113787
-0.0683735
-0.113787
-0.0683735
0.0167152
-0.000857744
0.0167152
-0.000857744
1.10895e-12
-1.17186e-12
2.12737e-12
4.08684e-12
-0.0466597
-0.0284743
-0.0466597
-0.0284743
0.0294428
0.00370926
0.0294428
0.00370926
-3.89808e-12
2.79113e-12
-1.33626e-12
-8.17001e-12
-0.0935292
-0.0667778
-0.0935292
-0.0667778
0.0143892
0.00233231
0.0143892
0.00233231
-3.04576e-12
-1.89217e-12
-6.92749e-12
-6.87567e-12
-0.113462
-0.0654724
-0.113462
-0.0654724
-0.0202109
-0.0319748
-0.0202109
-0.0319748
1.48287e-12
-2.55267e-12
4.01714e-13
4.49658e-12
-0.0263373
-0.0113995
-0.0263373
-0.0113995
-0.0264199
-0.0554871
-0.0264199
-0.0554871
-1.96767e-12
-3.75656e-12
-1.75757e-12
-1.7023e-12
-0.0272104
-0.0106611
-0.0272104
-0.0106611
-0.0478581
-0.126823
-0.0478581
-0.126823
-3.28267e-12
-4.777e-14
1.00279e-12
-1.73222e-12
0.00626108
0.0118172
0.00626108
0.0118172
-0.00909286
-0.0248244
-0.00909286
-0.0248244
-1.43448e-12
-7.44184e-13
-3.2814e-12
4.45684e-13
0.0197027
0.038547
0.0197027
0.038547
0.00330314
-0.000938551
0.00330314
-0.000938551
7.26902e-13
1.18666e-12
-1.1802e-12
-1.98433e-12
0.00485514
0.0113254
0.00485514
0.0113254
0.00956071
0.00472314
0.00956071
0.00472314
6.85747e-13
1.04995e-13
2.35052e-12
-3.24985e-12
0.00118036
0.00700586
0.00118036
0.00700586
0.0344309
0.0179176
0.0344309
0.0179176
1.56094e-13
1.02071e-12
-1.04383e-12
1.38196e-12
0.00363897
0.0214851
0.00363897
0.0214851
0.0509059
0.0320141
0.0509059
0.0320141
-2.21838e-12
-2.10768e-12
6.38479e-13
4.47574e-12
-0.0430549
-0.0207275
-0.0430549
-0.0207275
0.106838
0.0547347
0.106838
0.0547347
9.53398e-12
3.47854e-12
2.31298e-12
-1.26315e-12
-0.113787
-0.0683735
-0.113787
-0.0683735
0.0167152
-0.000857744
0.0167152
-0.000857744
-1.37722e-12
-9.80344e-13
-8.44722e-13
5.95698e-12
-0.0466597
-0.0284743
-0.0466597
-0.0284743
0.0294428
0.00370926
0.0294428
0.00370926
-2.60912e-12
-2.66205e-12
-1.08564e-12
-3.50983e-12
-0.0935292
-0.0667778
-0.0935292
-0.0667778
0.0143892
0.00233231
0.0143892
0.00233231
-5.18139e-13
1.01949e-12
-6.52442e-12
7.28874e-12
-0.113462
-0.0654724
-0.113462
-0.0654724
-0.0202109
-0.0319748
-0.0202109
-0.0319748
-7.81456e-12
-1.11965e-12
-4.34175e-12
-1.65089e-12
-0.0263373
-0.0113995
-0.0263373
-0.0113995
-0.0264199
-0.0554871
-0.0264199
-0.0554871
-3.90771e-12
-2.1147e-12
4.00704e-12
-3.05541e-12
-0.0272104
-0.0106611
-0.0272104
-0.0106611
-0.0478581
-0.126823
-0.0478581
-0.126823
-2.93244e-12
1.16684e-12
1.90037e-12
-3.26358e-12
0.00626108
0.0118172
0.00626108
0.0118172
-0.00909286
-0.0248244
-0.00909286
-0.0248244
3.428e-12
-3.20983e-13
-1.45768e-12
3.98222e-13
0.0197027
0.038547
0.0197027
0.038547
0.00330314
-0.000938551
0.00330314
-0.000938551
-8.3017e-13
-1.65663e-12
3.58286e-13
9.67226e-13
0.00485514
0.0113254
0.00485514
0.0113254
0.00956071
0.00472314
0.00956071
0.00472314
-8.83747e-13
-3.29607e-12
8.81843e-13
2.34174e-12
0.00118036
0.00700586
0.00118036
0.00700586
0.0344309
0.0179176
0.0344309
0.0179176
-7.48827e-13
1.51238e-12
-2.54211e-12
2.00166e-12
0.00363897
0.0214851
0.00363897
0.0214851
0.0509059
0.0320141
0.0509059
0.0320141
1.901e-12
-4.60093e-12
-3.54748e-12
4.33395e-13
-0.0430549
-0.0207275
-0.0430549
-0.0207275
0.106838
0.0547347
0.106838
0.0547347
-1.10844e-12
-8.04458e-13
2.56985e-12
6.62285e-14
-0.113787
-0.0683735
-0.113787
-0.0683735
0.0167152
-0.000857744
0.0167152
-0.000857744
-5.32179e-12
5.31704e-12
6.65627e-13
5.95078e-12
-0.0466597
-0.0284743
-0.0466597
-0.0284743
0.0294428
0.00370926
0.0294428
0.00370926
-8.00586e-12
-1.14256e-12
-2.93247e-12
-5.65373e-12
-0.0935292
-0.0667778
-0.0935292
-0.0667778
0.0143892
0.00233231
0.0143892
0.00233231
-3.65775e-12
-2.57919e-13
-7.72209e-12
-1.6218e-11
-0.113462
-0.0654724
-0.113462
-0.0654724
-0.0202109
-0.0319748
-0.0202109
-0.0319748
4.5147e-12
-2.85535e-12
3.82353e-12
6.16604e-12
-0.0263373
-0.0113995
-0.0263373
-0.0113995
-0.0264199
-0.0554871
-0.0264199
-0.0554871
1.17237e-12
-4.24146e-13
-1.9086e-12
-7.21033e-12
-0.0272104
-0.0106611
-0.0272104
-0.0106611
-0.0478581
-0.126823
-0.0478581
-0.126823
2.44734e-12
7.66296e-12
4.5892e-12
-6.92066e-12
0.00626108
0.0118172
0.00626108
0.0118172
-0.00909286
-0.0248244
-0.00909286
-0.0248244
-1.22818e-12
2.23876e-12
2.84963e-12
9.8589e-13
0.0197027
0.038547
0.0197027
0.038547
0.00330314
-0.000938551
0.00330314
-0.000938551
-1.76975e-12
1.68062e-12
-3.0547e-12
-1.85089e-13
0.00485514
0.0113254
0.00485514
0.0113254
0.00956071
0.00472314
0.00956071
0.00472314
5.18735e-13
2.11979e-12
1.75109e-12
-6.24342e-12
0.00118036
0.00700586
0.00118036
0.00700586
0.0344309
0.0179176
0.0344309
0.0179176
1.50367e-12
-2.29933e-13
1.91258e-13
2.35861e-12
0.0156025
0.0322524
0.0156025
0.0322524
-0.0118659
-0.0220192
-0.0118659
-0.0220192
4.18082e-12
-1.57248e-12
7.35167e-13
4.16382e-13
0.0042887
0.0105657
0.0042887
0.0105657
-0.00508668
-0.0120798
-0.00508668
-0.0120798
6.54168e-14
2.87481e-12
1.25553e-12
-4.39938e-12
0.00512766
0.0101438
0.00512766
0.0101438
0.0273147
0.0088259
0.0273147
0.0088259
3.66054e-12
2.18027e-12
3.58674e-13
-6.19412e-13
0.0127798
0.030388
0.0127798
0.030388
0.060431
0.0342593
0.060431
0.0342593
-3.20526e-12
-7.82599e-13
-5.39054e-13
1.66227e-12
-0.0211025
-0.0075432
-0.0211025
-0.0075432
0.141969
0.0518849
0.141969
0.0518849
3.38556e-12
1.32754e-13
-2.12923e-12
6.57532e-13
-0.113877
-0.0686493
-0.113877
-0.0686493
0.0163832
-0.0012514
0.0163832
-0.0012514
4.94059e-12
-1.87612e-12
-1.60774e-12
-2.56864e-12
-0.0465831
-0.028405
-0.0465831
-0.028405
0.0293382
0.00387803
0.0293382
0.00387803
3.4846e-12
2.8903e-12
-3.19116e-12
1.94789e-12
-0.0934986
-0.0668082
-0.0934986
-0.0668082
0.0143777
0.00239194
0.0143777
0.00239195
2.77011e-12
1.13462e-12
1.0711e-11
7.07151e-12
-0.113315
-0.0652181
-0.113315
-0.0652181
-0.0209478
-0.0322189
-0.0209478
-0.0322189
-5.90647e-12
5.5588e-12
-3.37954e-12
-8.02492e-12
-0.0284302
-0.0141026
-0.0284302
-0.0141026
-0.0232874
-0.0368241
-0.0232874
-0.0368241
-3.13519e-12
-1.1642e-12
2.23248e-12
2.76221e-12
-0.048195
-0.0230187
-0.048195
-0.0230187
-0.0493468
-0.0904902
-0.0493468
-0.0904902
-2.96903e-13
2.81853e-12
2.80692e-12
2.27024e-13
0.00282863
0.00897262
0.00282863
0.00897262
-0.0178206
-0.0339055
-0.0178206
-0.0339055
-6.2514e-13
2.92395e-12
6.6147e-14
-5.76597e-13
0.0156025
0.0322524
0.0156025
0.0322524
-0.0118659
-0.0220192
-0.0118659
-0.0220192
2.13122e-12
-7.29516e-13
3.73482e-12
5.65534e-12
0.0042887
0.0105657
0.0042887
0.0105657
-0.00508668
-0.0120798
-0.00508668
-0.0120798
4.26078e-12
1.55116e-12
1.47114e-12
4.5497e-12
0.00512766
0.0101438
0.00512766
0.0101438
0.0273147
0.0088259
0.0273147
0.0088259
1.17537e-12
-2.67729e-12
2.03897e-12
2.45201e-12
0.0127798
0.030388
0.0127798
0.030388
0.060431
0.0342593
0.060431
0.0342593
-8.11623e-13
7.02905e-12
1.36479e-12
-1.1989e-12
-0.0211025
-0.0075432
-0.0211025
-0.0075432
0.141969
0.0518849
0.141969
0.0518849
1.54768e-12
2.54762e-12
-3.03518e-12
1.13637e-12
-0.113877
-0.0686493
-0.113877
-0.0686493
0.0163832
-0.0012514
0.0163832
-0.0012514
6.61266e-12
-5.19634e-12
5.98343e-12
2.92565e-12
-0.0465831
-0.028405
-0.0465831
-0.028405
0.0293382
0.00387803
0.0293382
0.00387803
3.33347e-12
4.2784e-12
5.40226e-12
3.08361e-12
-0.0934986
-0.0668082
-0.0934986
-0.0668082
0.0143777
0.00239194
0.0143777
0.00239195
4.84656e-12
-5.28893e-13
1.9591e-12
1.0692e-11
-0.113315
-0.0652181
-0.113315
-0.0652181
-0.0209478
-0.0322189
-0.0209478
-0.0322189
9.03277e-12
2.13897e-12
7.7348e-12
3.41922e-12
-0.0284302
-0.0141026
-0.0284302
-0.0141026
-0.0232874
-0.0368241
-0.0232874
-0.0368241
1.69841e-12
4.44735e-12
4.73651e-12
1.19569e-12
-0.048195
-0.0230187
-0.048195
-0.0230187
-0.0493468
-0.0904902
-0.0493468
-0.0904902
5.05057e-12
9.67909e-12
1.57688e-12
5.3767e-12
0.00282863
0.00897262
0.00282863
0.00897262
-0.0178206
-0.0339055
-0.0178206
-0.0339055
-2.81234e-12
3.78947e-12
1.02169e-12
2.38388e-12
0.0156025
0.0322524
0.0156025
0.0322524
-0.0118659
-0.0220192
-0.0118659
-0.0220192
-2.72014e-13
-4.46887e-12
-2.08142e-12
7.02725e-12
0.0042887
0.0105657
0.0042887
0.0105657
-0.00508668
-0.0120798
-0.00508668
-0.0120798
-1.06218e-12
-5.09189e-12
3.65909e-12
3.76406e-12
0.00512766
0.0101438
0.00512766
0.0101438
0.0273147
0.0088259
0.0273147
0.0088259
5.21633e-12
3.27664e-12
-3.35223e-12
3.60656e-13
0.0127798
0.030388
0.0127798
0.030388
0.060431
0.0342593
0.060431
0.0342593
-1.61222e-12
-1.46185e-12
1.27053e-12
-2.2389e-12
-0.0211025
-0.0075432
-0.0211025
-0.0075432
0.141969
0.0518849
0.141969
0.0518849
2.27648e-12
-2.8804e-12
3.95192e-12
6.4636e-12
-0.113877
-0.0686493
-0.113877
-0.0686493
0.0163832
-0.0012514
0.0163832
-0.0012514
-4.92997e-13
7.51863e-12
-2.66766e-12
3.8209e-12
-0.0465831
-0.028405
-0.0465831
-0.028405
0.0293382
0.00387803
0.0293382
0.00387803
7.83875e-12
2.53471e-12
3.93917e-12
6.31464e-12
-0.0934986
-0.0668082
-0.0934986
-0.0668082
0.0143777
0.00239195
0.0143777
0.00239195
3.46481e-12
-5.3106e-12
1.20835e-11
5.2433e-12
-0.113315
-0.0652181
-0.113315
-0.0652181
-0.0209478
-0.0322189
-0.0209478
-0.0322189
-9.97693e-13
7.69728e-12
1.8888e-12
4.40389e-12
-0.0284302
-0.0141026
-0.0284302
-0.0141026
-0.0232874
-0.0368241
-0.0232874
-0.0368241
8.89299e-12
-7.75354e-13
-4.2202e-12
1.22154e-12
-0.048195
-0.0230187
-0.048195
-0.0230187
-0.0493468
-0.0904902
-0.0493468
-0.0904902
7.67804e-12
9.08723e-12
1.20527e-11
-5.55827e-12
0.00282863
0.00897262
0.00282863
0.00897262
-0.0178206
-0.0339055
-0.0178206
-0.0339055
5.7986e-12
5.58999e-12
-1.60712e-12
3.49108e-12
0.00363897
0.0214851
0.00363897
0.0214851
0.0509059
0.0320141
0.0509059
0.0320141
9.41898e-14
2.77373e-12
1.21381e-12
-8.25868e-12
-0.0430549
-0.0207275
-0.0430549
-0.0207275
0.106838
0.0547347
0.106838
0.0547347
7.22089e-12
4.70438e-12
1.86556e-12
9.06308e-13
-0.113787
-0.0683735
-0.113787
-0.0683735
0.0167152
-0.000857744
0.0167152
-0.000857744
-3.3476e-13
2.85418e-12
-6.28641e-12
1.92055e-12
-0.0466597
-0.0284743
-0.0466597
-0.0284743
0.0294428
0.00370926
0.0294428
0.00370926
-3.28518e-12
-7.66959e-13
5.11592e-12
1.49933e-13
-0.0935292
-0.0667778
-0.0935292
-0.0667778
0.0143892
0.00233231
0.0143892
0.00233231
-2.85557e-12
-6.05244e-12
-2.97801e-12
-1.56769e-12
-0.113462
-0.0654724
-0.113462
-0.0654724
-0.0202109
-0.0319748
-0.0202109
-0.0319748
6.15837e-12
-6.86523e-13
5.79969e-12
5.24734e-12
-0.0263373
-0.0113995
-0.0263373
-0.0113995
-0.0264199
-0.0554871
-0.0264199
-0.0554871
-1.44204e-12
2.7604e-12
-2.39824e-14
1.55363e-12
-0.0272104
-0.0106611
-0.0272104
-0.0106611
-0.0478581
-0.126823
-0.0478581
-0.126823
-4.41836e-12
7.4929e-12
1.67289e-12
5.53826e-12
0.00626108
0.0118172
0.00626108
0.0118172
-0.00909286
-0.0248244
-0.00909286
-0.0248244
2.19157e-12
8.49699e-13
2.2082e-12
-2.2989e-12
0.0197027
0.038547
0.0197027
0.038547
0.00330314
-0.000938551
0.00330314
-0.000938551
-1.21682e-12
-3.16743e-13
2.37789e-12
2.35387e-14
0.00485514
0.0113254
0.00485514
0.0113254
0.00956071
0.00472314
0.00956071
0.00472314
3.591e-13
-4.34702e-14
5.09037e-12
-8.43376e-13
0.00118036
0.00700586
0.00118036
0.00700586
0.0344309
0.0179176
0.0344309
0.0179176
5.88087e-12
2.45308e-12
3.75948e-12
-1.88347e-13
0.00363897
0.0214851
0.00363897
0.0214851
0.0509059
0.0320141
0.0509059
0.0320141
4.35905e-12
4.28993e-12
8.39556e-13
-6.6994e-14
-0.0430549
-0.0207275
-0.0430549
-0.0207275
0.106838
0.0547347
0.106838
0.0547347
1.26727e-11
8.0609e-12
4.19114e-12
2.02283e-12
-0.113787
-0.0683735
-0.113787
-0.0683735
0.0167152
-0.000857744
0.0167152
-0.000857744
4.16715e-12
7.73907e-12
-1.40808e-12
8.96624e-12
-0.0466597
-0.0284743
-0.0466597
-0.0284743
0.0294428
0.00370926
0.0294428
0.00370926
2.61942e-12
1.18511e-13
6.32199e-13
1.67984e-12
-0.0935292
-0.0667778
-0.0935292
-0.0667778
0.0143892
0.00233231
0.0143892
0.00233231
-6.23454e-13
1.67312e-12
3.4564e-12
4.8656e-12
-0.113462
-0.0654724
-0.113462
-0.0654724
-0.0202109
-0.0319748
-0.0202109
-0.0319748
-8.37615e-12
1.44914e-13
-2.31005e-12
-3.86561e-12
-0.0263373
-0.0113995
-0.0263373
-0.0113995
-0.0264199
-0.0554871
-0.0264199
-0.0554871
1.01334e-12
1.5093e-12
1.79695e-12
6.42671e-13
-0.0272104
-0.0106611
-0.0272104
-0.0106611
-0.0478581
-0.126823
-0.0478581
-0.126823
-2.82715e-12
-7.78138e-12
-2.74963e-12
-3.66354e-12
0.00626108
0.0118172
0.00626108
0.0118172
-0.00909286
-0.0248244
-0.00909286
-0.0248244
1.62896e-12
-5.77001e-12
-2.44964e-12
4.37064e-13
0.0197027
0.038547
0.0197027
0.038547
0.00330314
-0.000938551
0.00330314
-0.000938551
-8.54472e-13
1.17498e-12
3.47361e-12
5.06322e-12
0.00485514
0.0113254
0.00485514
0.0113254
0.00956071
0.00472314
0.00956071
0.00472314
2.02803e-12
-2.29485e-12
-1.87402e-13
-2.50409e-12
0.00118036
0.00700586
0.00118036
0.00700586
0.0344309
0.0179176
0.0344309
0.0179176
4.9163e-12
6.38071e-12
3.66264e-12
-7.12158e-14
0.00363897
0.0214851
0.00363897
0.0214851
0.0509059
0.0320141
0.0509059
0.0320141
4.97582e-12
-1.45148e-13
-2.0232e-12
1.98794e-13
-0.0430549
-0.0207275
-0.0430549
-0.0207275
0.106838
0.0547347
0.106838
0.0547347
1.67356e-12
4.54669e-12
5.0341e-12
3.50966e-12
-0.113787
-0.0683735
-0.113787
-0.0683735
0.0167152
-0.000857744
0.0167152
-0.000857744
-6.08122e-14
1.02085e-11
1.45413e-13
9.72208e-12
-0.0466597
-0.0284743
-0.0466597
-0.0284743
0.0294428
0.00370926
0.0294428
0.00370926
-5.02419e-13
1.52843e-12
-1.46919e-12
-3.1145e-12
-0.0935292
-0.0667778
-0.0935292
-0.0667778
0.0143892
0.00233231
0.0143892
0.00233231
7.00523e-13
5.13957e-12
-2.48594e-12
-7.68714e-12
-0.113462
-0.0654724
-0.113462
-0.0654724
-0.0202109
-0.0319748
-0.0202109
-0.0319748
3.32056e-13
-3.1432e-12
2.41041e-13
5.55918e-12
-0.0263373
-0.0113995
-0.0263373
-0.0113995
-0.0264199
-0.0554871
-0.0264199
-0.0554871
7.44593e-14
3.39535e-13
-2.24624e-12
-3.62688e-12
-0.0272104
-0.0106611
-0.0272104
-0.0106611
-0.0478581
-0.126823
-0.0478581
-0.126823
-3.71362e-12
-5.34038e-12
-1.60342e-12
-4.15053e-12
0.00626108
0.0118172
0.00626108
0.0118172
-0.00909286
-0.0248244
-0.00909286
-0.0248244
-1.60153e-12
1.0715e-12
-2.92112e-13
-1.1976e-12
0.0197027
0.038547
0.0197027
0.038547
0.00330314
-0.000938551
0.00330314
-0.000938551
6.64993e-14
3.29818e-12
-2.59222e-12
-1.02023e-12
0.00485514
0.0113254
0.00485514
0.0113254
0.00956071
0.00472314
0.00956071
0.00472314
1.34521e-12
3.5299e-12
-9.29859e-13
-5.91974e-12
0.00118036
0.00700586
0.00118036
0.00700586
0.0344309
0.0179176
0.0344309
0.0179176
4.27232e-13
-7.77371e-13
1.29189e-12
2.73223e-12
0.0156025
0.0322524
0.0156025
0.0322524
-0.0118659
-0.0220192
-0.0118659
-0.0220192
1.38443e-12
8.43152e-13
2.25638e-12
-2.91468e-12
0.0042887
0.0105657
0.0042887
0.0105657
-0.00508668
-0.0120798
-0.00508668
-0.0120798
-2.86025e-12
8.80629e-14
2.0399e-12
-4.25039e-12
0.00512766
0.0101438
0.00512766
0.0101438
0.0273147
0.0088259
0.0273147
0.0088259
1.69941e-12
4.49828e-12
7.04179e-13
3.42857e-13
0.0127798
0.030388
0.0127798
0.030388
0.060431
0.0342593
0.060431
0.0342593
-1.18113e-12
-4.65303e-12
-1.80471e-12
5.36109e-12
-0.0211025
-0.0075432
-0.0211025
-0.0075432
0.141969
0.0518849
0.141969
0.0518849
5.21418e-12
-8.59458e-13
1.25127e-12
9.76142e-13
-0.113877
-0.0686493
-0.113877
-0.0686493
0.0163832
-0.0012514
0.0163832
-0.0012514
2.72683e-12
3.26843e-12
-2.40354e-12
2.30943e-12
-0.0465831
-0.028405
-0.0465831
-0.028405
0.0293382
0.00387803
0.0293382
0.00387803
2.81841e-12
-2.70728e-12
1.15834e-13
-1.91924e-12
-0.0934986
-0.0668082
-0.0934986
-0.0668082
0.0143777
0.00239194
0.0143777
0.00239195
-1.75276e-13
6.94769e-13
8.3519e-12
-2.5936e-12
-0.113315
-0.0652181
-0.113315
-0.0652181
-0.0209478
-0.0322189
-0.0209478
-0.0322189
-1.31488e-11
2.56425e-12
-8.23409e-12
-5.77567e-12
-0.0284302
-0.0141026
-0.0284302
-0.0141026
-0.0232874
-0.0368241
-0.0232874
-0.0368241
-2.36488e-12
-9.84017e-13
-6.13697e-13
-1.81406e-12
-0.048195
-0.0230187
-0.048195
-0.0230187
-0.0493468
-0.0904902
-0.0493468
-0.0904902
2.75612e-12
1.77563e-12
-1.62745e-12
-1.65647e-12
0.00282863
0.00897262
0.00282863
0.00897262
-0.0178206
-0.0339055
-0.0178206
-0.0339055
-1.979e-14
-1.44035e-12
-1.61631e-12
-1.35609e-13
0.0156025
0.0322524
0.0156025
0.0322524
-0.0118659
-0.0220192
-0.0118659
-0.0220192
-4.80847e-12
4.86848e-12
6.24003e-13
-2.34405e-12
0.0042887
0.0105657
0.0042887
0.0105657
-0.00508668
-0.0120798
-0.00508668
-0.0120798
3.89737e-13
4.53902e-12
-2.0464e-13
4.92195e-12
0.00512766
0.0101438
0.00512766
0.0101438
0.0273147
0.0088259
0.0273147
0.0088259
-5.90304e-12
-2.837e-12
-1.3029e-12
-6.56396e-13
0.0127798
0.030388
0.0127798
0.030388
0.060431
0.0342593
0.060431
0.0342593
-1.32168e-11
6.7985e-13
-1.00494e-11
-2.6398e-12
-0.0211025
-0.0075432
-0.0211025
-0.0075432
0.141969
0.0518849
0.141969
0.0518849
-2.06596e-11
-2.19912e-12
-7.42246e-12
-3.87011e-12
-0.113877
-0.0686493
-0.113877
-0.0686493
0.0163832
-0.0012514
0.0163832
-0.0012514
-1.01555e-11
-1.78788e-11
-8.2665e-12
-8.35236e-12
-0.0465831
-0.028405
-0.0465831
-0.028405
0.0293382
0.00387803
0.0293382
0.00387803
-8.89987e-12
4.84412e-13
6.76823e-12
-5.78272e-12
-0.0934986
-0.0668082
-0.0934986
-0.0668082
0.0143777
0.00239194
0.0143777
0.00239194
-3.06271e-12
-1.48789e-11
-6.76483e-12
-9.17697e-12
-0.113315
-0.0652181
-0.113315
-0.0652181
-0.0209478
-0.0322189
-0.0209478
-0.0322189
2.68142e-15
-6.99038e-12
1.35512e-13
4.12869e-12
-0.0284302
-0.0141026
-0.0284302
-0.0141026
-0.0232874
-0.0368241
-0.0232874
-0.0368241
8.51098e-13
3.88426e-12
-9.66836e-14
-2.75365e-12
-0.048195
-0.0230187
-0.048195
-0.0230187
-0.0493468
-0.0904902
-0.0493468
-0.0904902
6.93637e-12
8.26492e-12
-9.03694e-13
3.79431e-12
0.00282863
0.00897262
0.00282863
0.00897262
-0.0178206
-0.0339055
-0.0178206
-0.0339055
-8.66541e-13
2.54841e-12
2.06381e-12
1.33678e-12
0.0156025
0.0322524
0.0156025
0.0322524
-0.0118659
-0.0220192
-0.0118659
-0.0220192
-3.14183e-12
-1.60539e-12
-4.12366e-13
6.11258e-13
0.0042887
0.0105657
0.0042887
0.0105657
-0.00508668
-0.0120798
-0.00508668
-0.0120798
-2.34302e-12
-8.91892e-13
2.7845e-12
2.84023e-12
0.00512766
0.0101438
0.00512766
0.0101438
0.0273147
0.0088259
0.0273147
0.0088259
-5.3539e-13
4.20902e-12
-4.51829e-12
4.80819e-14
0.0127798
0.030388
0.0127798
0.030388
0.060431
0.0342593
0.060431
0.0342593
-9.40014e-12
-3.93668e-12
-5.92291e-12
-5.95661e-12
-0.0211025
-0.0075432
-0.0211025
-0.0075432
0.141969
0.0518849
0.141969
0.0518849
-1.16561e-11
-4.4531e-12
-5.72337e-12
-5.82957e-13
-0.113877
-0.0686493
-0.113877
-0.0686493
0.0163832
-0.0012514
0.0163832
-0.0012514
-7.51507e-12
-5.99453e-12
-1.54703e-11
-8.9098e-12
-0.0465831
-0.028405
-0.0465831
-0.028405
0.0293382
0.00387803
0.0293382
0.00387803
-2.89415e-12
-2.9512e-12
4.69363e-12
8.22575e-13
-0.0934986
-0.0668082
-0.0934986
-0.0668082
0.0143777
0.00239194
0.0143777
0.00239194
-2.76701e-13
-1.55541e-11
2.31766e-12
-3.00064e-12
-0.113315
-0.0652181
-0.113315
-0.0652181
-0.0209478
-0.0322189
-0.0209478
-0.0322189
-1.89739e-12
-2.84243e-12
-7.02007e-13
6.44002e-12
-0.0284302
-0.0141026
-0.0284302
-0.0141026
-0.0232874
-0.0368241
-0.0232874
-0.0368241
1.05059e-11
-2.23662e-12
-5.14988e-12
1.95135e-12
-0.048195
-0.0230187
-0.048195
-0.0230187
-0.0493468
-0.0904902
-0.0493468
-0.0904902
5.29211e-12
5.35121e-12
1.38838e-11
-3.16162e-12
0.00282863
0.00897262
0.00282863
0.00897262
-0.0178206
-0.0339055
-0.0178206
-0.0339055
6.88989e-12
4.87032e-12
-2.40542e-12
3.58553e-12
0.0336975
0.0336975
-0.0339706
-0.0339706
-8.9585e-14
8.6142e-12
2.20779e-12
-1.20217e-11
-0.165125
-0.189277
-0.165125
-0.189277
0.0560192
0.0560192
-0.0560734
-0.0560734
4.4675e-12
5.30355e-12
9.33148e-12
-4.33027e-13
-0.146647
-0.166615
-0.146647
-0.166615
0.0229156
0.0229156
-0.0229275
-0.0229275
1.97474e-11
1.35795e-11
1.92735e-11
6.64919e-12
-0.141534
-0.161453
-0.141534
-0.161453
0.0336975
0.0336975
-0.0339706
-0.0339706
1.3183e-11
2.63306e-11
1.62016e-11
7.40203e-12
-0.165125
-0.189277
-0.165125
-0.189277
0.0560192
0.0560192
-0.0560734
-0.0560734
2.10902e-11
1.4801e-11
2.01568e-11
1.05402e-11
-0.146647
-0.166615
-0.146647
-0.166615
0.0229156
0.0229156
-0.0229275
-0.0229275
3.02781e-11
2.0596e-11
2.58114e-11
1.99671e-11
-0.141534
-0.161453
-0.141534
-0.161453
0.0336975
0.0336975
-0.0339706
-0.0339706
8.91117e-12
1.23458e-12
1.16516e-11
1.401e-11
-0.165125
-0.189277
-0.165125
-0.189277
0.0560192
0.0560192
-0.0560734
-0.0560734
8.77786e-12
1.27658e-11
6.28007e-12
9.97981e-12
-0.146647
-0.166615
-0.146647
-0.166615
0.0229156
0.0229156
-0.0229275
-0.0229275
7.89673e-12
8.94232e-12
6.10295e-12
6.65565e-12
-0.141534
-0.161453
-0.141534
-0.161453
0.0340773
0.0340773
-0.0341643
-0.0341643
3.17851e-12
6.37993e-12
3.20456e-12
2.12382e-11
-0.165177
-0.189729
-0.165177
-0.189729
0.0560523
0.0560523
-0.0560419
-0.0560419
6.24392e-12
5.28405e-12
6.40629e-12
8.02106e-13
-0.146639
-0.166627
-0.146639
-0.166627
0.0229201
0.0229201
-0.0229131
-0.0229131
2.30978e-11
1.91378e-11
7.57798e-12
1.18451e-12
-0.141527
-0.161445
-0.141527
-0.161445
0.0340773
0.0340773
-0.0341643
-0.0341643
1.74877e-11
7.55302e-12
-2.13488e-12
1.44563e-11
-0.165177
-0.189729
-0.165177
-0.189729
0.0560523
0.0560523
-0.0560419
-0.0560419
1.95159e-11
1.56036e-11
7.9114e-13
4.19317e-12
-0.146639
-0.166627
-0.146639
-0.166627
0.0229201
0.0229201
-0.0229131
-0.0229131
2.39794e-11
2.29706e-11
6.45883e-12
3.71341e-12
-0.141527
-0.161445
-0.141527
-0.161445
0.0340773
0.0340773
-0.0341643
-0.0341643
7.50925e-12
1.74127e-11
8.44648e-13
3.39904e-12
-0.165177
-0.189729
-0.165177
-0.189729
0.0560523
0.0560523
-0.0560419
-0.0560419
8.92589e-12
1.18707e-11
-6.55026e-13
3.70645e-12
-0.146639
-0.166627
-0.146639
-0.166627
0.0229201
0.0229201
-0.0229131
-0.0229131
4.05393e-12
8.02575e-12
8.6187e-13
2.26366e-12
-0.141527
-0.161445
-0.141527
-0.161445
0.0342457
0.0342457
-0.0334191
-0.0334191
4.04418e-12
1.09872e-12
-3.96745e-13
-7.538e-12
-0.165234
-0.188803
-0.165234
-0.188803
0.0561615
0.0561615
-0.0559774
-0.0559774
-4.3947e-13
2.17621e-13
-2.71168e-13
-4.75146e-12
-0.146682
-0.166636
-0.146682
-0.166636
0.02295
0.02295
-0.0229096
-0.0229096
4.11395e-12
3.98304e-12
-3.20965e-12
-3.01555e-12
-0.141562
-0.161486
-0.141562
-0.161486
0.0342457
0.0342457
-0.0334191
-0.0334191
5.94047e-12
1.18129e-11
-5.36847e-12
-1.04648e-11
-0.165234
-0.188803
-0.165234
-0.188803
0.0561615
0.0561615
-0.0559774
-0.0559774
3.08034e-12
-1.27612e-13
-1.51065e-12
-9.33891e-12
-0.146682
-0.166636
-0.146682
-0.166636
0.02295
0.02295
-0.0229096
-0.0229096
2.75428e-12
5.00575e-13
8.05669e-13
-5.58582e-12
-0.141562
-0.161486
-0.141562
-0.161486
0.0342457
0.0342457
-0.0334191
-0.0334191
-1.69771e-12
-1.61316e-12
5.06174e-13
1.13884e-11
-0.165234
-0.188803
-0.165234
-0.188803
0.0561615
0.0561615
-0.0559774
-0.0559774
3.66381e-12
2.9286e-12
5.21128e-12
-5.93045e-12
-0.146682
-0.166636
-0.146682
-0.166636
0.02295
0.02295
-0.0229096
-0.0229096
2.23765e-12
2.10313e-12
6.35265e-12
-2.23497e-12
-0.141562
-0.161486
-0.141562
-0.161486
0.0340538
0.0340538
-0.0337646
-0.0337646
2.48021e-12
-3.21646e-12
-2.59247e-12
1.59442e-11
-0.165148
-0.189395
-0.165148
-0.189395
0.0560826
0.0560826
-0.056034
-0.056034
4.45999e-12
5.59625e-12
5.51924e-12
5.5462e-12
-0.146653
-0.166629
-0.146653
-0.166629
0.0229284
0.0229284
-0.0229187
-0.0229187
5.89346e-12
4.49633e-12
7.68952e-12
4.83474e-12
-0.141537
-0.161457
-0.141537
-0.161457
0.0340538
0.0340538
-0.0337646
-0.0337646
3.25349e-12
4.24904e-12
1.04484e-11
2.43783e-11
-0.165148
-0.189395
-0.165148
-0.189395
0.0560826
0.0560826
-0.056034
-0.056034
1.07591e-11
8.37436e-12
1.91817e-11
1.25282e-11
-0.146653
-0.166629
-0.146653
-0.166629
0.0229284
0.0229284
-0.0229187
-0.0229187
2.65877e-11
1.66332e-11
3.20928e-11
2.46793e-11
-0.141537
-0.161457
-0.141537
-0.161457
0.0340538
0.0340538
-0.0337646
-0.0337646
-2.56058e-12
1.01475e-11
7.83515e-12
1.52483e-11
-0.165148
-0.189395
-0.165148
-0.189395
0.0560826
0.0560826
-0.056034
-0.056034
5.58357e-12
1.21452e-11
9.05071e-12
4.85912e-12
-0.146653
-0.166629
-0.146653
-0.166629
0.0229284
0.0229284
-0.0229187
-0.0229187
1.37226e-11
1.39893e-11
1.63168e-11
1.10663e-11
-0.141537
-0.161457
-0.141537
-0.161457
0.0341354
0.0341354
-0.0341041
-0.0341041
6.75958e-13
-4.01264e-12
1.04927e-12
-1.32309e-11
-0.16518
-0.189722
-0.16518
-0.189722
0.0560439
0.0560439
-0.0560528
-0.0560528
-6.27209e-12
-2.20542e-12
5.32173e-13
-5.29773e-14
-0.146641
-0.166629
-0.146641
-0.166629
0.0229145
0.0229145
-0.0229197
-0.0229197
-1.50664e-12
-6.43437e-12
1.3282e-11
1.34465e-11
-0.141529
-0.161447
-0.141529
-0.161447
0.0341354
0.0341354
-0.0341041
-0.0341041
-5.15246e-12
-1.6068e-12
1.2439e-11
1.23905e-11
-0.16518
-0.189722
-0.16518
-0.189722
0.0560439
0.0560439
-0.0560528
-0.0560528
-2.42481e-12
4.48132e-12
2.08424e-11
1.28339e-11
-0.146641
-0.166629
-0.146641
-0.166629
0.0229145
0.0229145
-0.0229197
-0.0229197
1.71612e-12
1.93691e-12
3.24274e-11
2.99589e-11
-0.141529
-0.161447
-0.141529
-0.161447
0.0341354
0.0341354
-0.0341041
-0.0341041
-4.29797e-12
-2.26748e-13
1.27004e-11
7.2411e-13
-0.16518
-0.189722
-0.16518
-0.189722
0.0560439
0.0560439
-0.0560528
-0.0560528
2.67702e-12
3.35756e-12
1.36977e-11
6.77876e-12
-0.146641
-0.166629
-0.146641
-0.166629
0.0229145
0.0229145
-0.0229197
-0.0229197
4.29863e-12
9.34203e-12
1.72471e-11
1.4234e-11
-0.141529
-0.161447
-0.141529
-0.161447
0.0333638
0.0333638
-0.0341509
-0.0341509
-3.15278e-12
1.08092e-11
-9.78449e-12
1.05266e-11
-0.165215
-0.188681
-0.165215
-0.188681
0.0559689
0.0559689
-0.0561488
-0.0561488
-6.64532e-12
-1.26496e-11
-2.43706e-12
6.23428e-12
-0.146679
-0.166624
-0.146679
-0.166624
0.0229083
0.0229083
-0.0229482
-0.0229482
-9.86678e-12
-1.24826e-11
-5.94258e-13
3.73889e-12
-0.141561
-0.161484
-0.141561
-0.161484
0.0333638
0.0333638
-0.0341509
-0.0341509
-2.13648e-11
-2.86264e-11
1.61031e-12
9.5762e-12
-0.165215
-0.188681
-0.165215
-0.188681
0.0559689
0.0559689
-0.0561488
-0.0561488
-2.87588e-11
-1.60579e-11
-5.92469e-12
-1.61689e-12
-0.146679
-0.166624
-0.146679
-0.166624
0.0229083
0.0229083
-0.0229482
-0.0229482
-3.43984e-11
-2.73683e-11
-6.45848e-12
-7.01331e-13
-0.141561
-0.161484
-0.141561
-0.161484
0.0333638
0.0333638
-0.0341509
-0.0341509
-1.43212e-11
-7.83827e-12
4.92113e-12
9.72662e-12
-0.165215
-0.188681
-0.165215
-0.188681
0.0559689
0.0559689
-0.0561488
-0.0561488
-2.41951e-11
6.24396e-13
-7.75327e-13
-3.47692e-12
-0.146679
-0.166624
-0.146679
-0.166624
0.0229083
0.0229083
-0.0229482
-0.0229482
-2.4482e-11
-1.41383e-11
-7.32674e-12
-7.83995e-12
-0.141561
-0.161484
-0.141561
-0.161484
0.0229096
0.0229096
-0.02295
-0.02295
-1.83256e-11
-1.65963e-11
-1.47529e-11
-1.11812e-11
0.161486
0.141562
0.161486
0.141562
0.0559774
0.0559774
-0.0561615
-0.0561615
-1.67417e-11
-2.25295e-11
-1.82448e-11
-1.04649e-11
0.166636
0.146682
0.166636
0.146682
0.0334191
0.0334191
-0.0342457
-0.0342457
-6.86036e-12
-2.02162e-11
-2.40862e-11
-1.24526e-11
0.188803
0.165234
0.188803
0.165234
0.0229096
0.0229096
-0.02295
-0.02295
-2.33888e-11
-3.14924e-11
-2.59079e-11
-2.60607e-11
0.161486
0.141562
0.161486
0.141562
0.0559774
0.0559774
-0.0561615
-0.0561615
-2.40086e-11
-2.53644e-11
-2.26038e-11
-2.25786e-11
0.166636
0.146682
0.166636
0.146682
0.0334191
0.0334191
-0.0342457
-0.0342457
-3.14919e-11
-2.27118e-11
-2.69943e-11
-2.42977e-11
0.188803
0.165234
0.188803
0.165234
0.0229096
0.0229096
-0.02295
-0.02295
-9.3978e-12
-1.29403e-11
-7.79641e-12
-1.0251e-11
0.161486
0.141562
0.161486
0.141562
0.0559774
0.0559774
-0.0561615
-0.0561615
-1.61504e-12
-4.7929e-13
-5.5609e-12
-9.75474e-12
0.166636
0.146682
0.166636
0.146682
0.0334191
0.0334191
-0.0342457
-0.0342457
8.49556e-12
-1.25427e-12
1.54368e-12
-3.97459e-12
0.188803
0.165234
0.188803
0.165234
0.0229131
0.0229131
-0.0229201
-0.0229201
-6.45655e-12
-1.2475e-11
-2.54531e-12
-6.52524e-12
0.161445
0.141527
0.161445
0.141527
0.0560419
0.0560419
-0.0560523
-0.0560523
-1.01864e-11
-1.07699e-11
-1.43362e-12
-3.25331e-12
0.166627
0.146639
0.166627
0.146639
0.0341643
0.0341643
-0.0340773
-0.0340773
-2.48952e-11
-2.05575e-11
3.11768e-12
-2.12686e-12
0.189729
0.165177
0.189729
0.165177
0.0229131
0.0229131
-0.0229201
-0.0229201
-2.08653e-11
-2.35411e-11
-4.60829e-12
-7.76524e-13
0.161445
0.141527
0.161445
0.141527
0.0560419
0.0560419
-0.0560523
-0.0560523
-2.00542e-11
-2.32699e-11
-8.20213e-12
-3.74442e-13
0.166627
0.146639
0.166627
0.146639
0.0341643
0.0341643
-0.0340773
-0.0340773
-4.48842e-11
-2.97523e-11
-6.31809e-12
-1.77077e-12
0.189729
0.165177
0.189729
0.165177
0.0229131
0.0229131
-0.0229201
-0.0229201
-1.5472e-11
-8.19693e-12
-2.08094e-12
8.30246e-12
0.161445
0.141527
0.161445
0.141527
0.0560419
0.0560419
-0.0560523
-0.0560523
-1.19494e-11
-5.31123e-12
-8.93392e-12
-1.09264e-12
0.166627
0.146639
0.166627
0.146639
0.0341643
0.0341643
-0.0340773
-0.0340773
8.39718e-12
3.6631e-12
-1.29194e-12
-5.11484e-12
0.189729
0.165177
0.189729
0.165177
0.0229275
0.0229275
-0.0229156
-0.0229156
3.75195e-12
1.68084e-12
3.01136e-12
8.85005e-12
0.161453
0.141534
0.161453
0.141534
0.0560734
0.0560734
-0.0560192
-0.0560192
-6.60481e-13
-2.42416e-12
9.36053e-13
9.48411e-12
0.166615
0.146647
0.166615
0.146647
0.0339706
0.0339706
-0.0336975
-0.0336975
9.09117e-12
-2.17266e-12
-7.56354e-12
7.18291e-12
0.189277
0.165125
0.189277
0.165125
0.0229275
0.0229275
-0.0229156
-0.0229156
5.76548e-12
8.6481e-12
5.79092e-12
1.26719e-11
0.161453
0.141534
0.161453
0.141534
0.0560734
0.0560734
-0.0560192
-0.0560192
4.10889e-12
2.80584e-12
1.03691e-12
1.15626e-11
0.166615
0.146647
0.166615
0.146647
0.0339706
0.0339706
-0.0336975
-0.0336975
-1.11396e-11
-1.18813e-11
2.65217e-11
7.85041e-12
0.189277
0.165125
0.189277
0.165125
0.0229275
0.0229275
-0.0229156
-0.0229156
-4.89693e-12
5.71036e-12
1.04364e-12
1.90221e-12
0.161453
0.141534
0.161453
0.141534
0.0560734
0.0560734
-0.0560192
-0.0560192
-1.11032e-11
-1.34266e-12
-1.39073e-12
-4.84999e-12
0.166615
0.146647
0.166615
0.146647
0.0339706
0.0339706
-0.0336975
-0.0336975
-1.81989e-11
-2.20061e-12
-5.13862e-12
-8.23802e-12
0.189277
0.165125
0.189277
0.165125
0.0337646
0.0337646
-0.0340538
-0.0340538
1.01127e-11
-2.81814e-12
-1.19354e-12
-1.62708e-12
0.189395
0.165148
0.189395
0.165148
0.056034
0.056034
-0.0560826
-0.0560826
3.95598e-12
-3.55759e-13
1.31653e-12
-3.87685e-12
0.166629
0.146653
0.166629
0.146653
0.0229187
0.0229187
-0.0229284
-0.0229284
-1.26738e-12
-4.6194e-12
-2.95268e-12
-6.60317e-12
0.161457
0.141537
0.161457
0.141537
0.0337646
0.0337646
-0.0340538
-0.0340538
2.93575e-12
-7.49031e-12
-7.45175e-12
-2.95464e-12
0.189395
0.165148
0.189395
0.165148
0.056034
0.056034
-0.0560826
-0.0560826
3.02869e-12
-2.27654e-12
-1.97161e-12
-4.80051e-12
0.166629
0.146653
0.166629
0.146653
0.0229187
0.0229187
-0.0229284
-0.0229284
2.16763e-12
1.20216e-12
-6.52079e-12
-6.4714e-12
0.161457
0.141537
0.161457
0.141537
0.0337646
0.0337646
-0.0340538
-0.0340538
5.4244e-12
1.62548e-13
-3.98042e-12
-5.9469e-12
0.189395
0.165148
0.189395
0.165148
0.056034
0.056034
-0.0560826
-0.0560826
-1.02815e-12
1.09188e-13
-3.60555e-12
-3.09904e-12
0.166629
0.146653
0.166629
0.146653
0.0229187
0.0229187
-0.0229284
-0.0229284
2.23857e-12
3.50583e-12
-3.14356e-12
-3.00823e-12
0.161457
0.141537
0.161457
0.141537
0.0341041
0.0341041
-0.0341354
-0.0341354
-1.8374e-11
-2.62275e-12
-7.91446e-12
-4.54407e-12
0.189722
0.16518
0.189722
0.16518
0.0560528
0.0560528
-0.0560439
-0.0560439
-3.86641e-12
-2.53496e-12
-5.31091e-12
1.42989e-12
0.166629
0.146641
0.166629
0.146641
0.0229197
0.0229197
-0.0229145
-0.0229145
-5.48925e-12
-5.57168e-12
-3.52724e-12
1.16235e-12
0.161447
0.141529
0.161447
0.141529
0.0341041
0.0341041
-0.0341354
-0.0341354
2.05863e-12
-7.45741e-12
-4.66809e-12
1.09638e-13
0.189722
0.16518
0.189722
0.16518
0.0560528
0.0560528
-0.0560439
-0.0560439
-5.77059e-12
-9.46141e-12
-5.0065e-12
-4.73861e-13
0.166629
0.146641
0.166629
0.146641
0.0229197
0.0229197
-0.0229145
-0.0229145
-6.67247e-12
-6.68447e-12
-7.63808e-12
-3.32808e-12
0.161447
0.141529
0.161447
0.141529
0.0341041
0.0341041
-0.0341354
-0.0341354
-3.5729e-11
-8.37487e-12
-3.6866e-12
-3.61908e-12
0.189722
0.16518
0.189722
0.16518
0.0560528
0.0560528
-0.0560439
-0.0560439
-1.01133e-11
-9.0187e-12
-3.79964e-12
-3.12304e-12
0.166629
0.146641
0.166629
0.146641
0.0229197
0.0229197
-0.0229145
-0.0229145
-4.03253e-12
-3.77989e-12
-5.07477e-12
-4.85243e-12
0.161447
0.141529
0.161447
0.141529
0.0341509
0.0341509
-0.0333638
-0.0333638
1.96131e-12
-7.41306e-12
7.86069e-13
-1.51669e-12
0.188681
0.165215
0.188681
0.165215
0.0561488
0.0561488
-0.0559689
-0.0559689
-1.56759e-12
-2.43666e-12
-5.15621e-12
-1.93892e-12
0.166624
0.146679
0.166624
0.146679
0.0229482
0.0229482
-0.0229083
-0.0229083
-1.21108e-12
-7.39287e-13
-1.88162e-12
-1.59876e-12
0.161484
0.141561
0.161484
0.141561
0.0341509
0.0341509
-0.0333638
-0.0333638
-1.00483e-11
-8.5118e-12
-2.64669e-13
-6.50839e-13
0.188681
0.165215
0.188681
0.165215
0.0561488
0.0561488
-0.0559689
-0.0559689
-5.62607e-12
-9.15629e-12
-5.94495e-12
9.83479e-13
0.166624
0.146679
0.166624
0.146679
0.0229482
0.0229482
-0.0229083
-0.0229083
-1.81009e-12
-3.88499e-12
-5.28961e-12
2.26257e-13
0.161484
0.141561
0.161484
0.141561
0.0341509
0.0341509
-0.0333638
-0.0333638
1.24165e-11
7.13205e-13
1.76436e-11
4.65643e-12
0.188681
0.165215
0.188681
0.165215
0.0561488
0.0561488
-0.0559689
-0.0559689
5.11006e-13
-5.93362e-12
4.00188e-12
5.29419e-12
0.166624
0.146679
0.166624
0.146679
0.0229482
0.0229482
-0.0229083
-0.0229083
-4.83142e-13
-3.5895e-12
-2.5873e-12
1.91227e-12
0.161484
0.141561
0.161484
0.141561
