FiniteElementSpace
FiniteElementCollection: ND_3D_P2
VDim: 1
Ordering: 0

1.37241e-11
5.55066e-12
1.04335e-11
2.24406e-11
-9.27189e-12
-1.30561e-11
9.72936e-12
1.96274e-11
8.88178e-16
-7.77156e-16
8.88178e-16
-7.77156e-16
8.88178e-16
-7.77156e-16
8.88178e-16
-7.77156e-16
-0.117665
-0.117665
-0.0598327
-0.0598327
-0.0773646
-0.0773646
-0.12662
-0.12662
2.56496e-11
1.31812e-11
1.26179e-11
4.47632e-12
1.0622e-11
-1.12488e-11
8.88178e-16
-7.77156e-16
7.77156e-16
-8.88178e-16
7.77156e-16
-8.88178e-16
-0.210837
-0.210837
-0.0673084
-0.0673084
9.564e-14
1.26662e-11
-1.60453e-11
3.44297e-12
7.77156e-16
-8.88178e-16
7.77156e-16
-8.88178e-16
-0.210693
-0.210693
2.22912e-11
5.58004e-11
4.7868e-12
-5.25549e-12
-2.3968e-11
-3.15452e-11
7.77156e-16
-8.88178e-16
8.88178e-16
-7.77156e-16
8.88178e-16
-7.77156e-16
-0.140152
-0.140152
-0.104621
-0.104621
1.3229e-11
1.42983e-10
5.25011e-11
1.12802e-11
7.77156e-16
-8.88178e-16
7.77156e-16
-8.88178e-16
-0.210428
-0.210428
-1.84285e-10
-6.18582e-12
-4.96683e-11
-1.89953e-11
7.77156e-16
-8.88178e-16
7.77156e-16
-8.88178e-16
-0.210396
-0.210396
-8.74484e-12
2.57976e-12
-1.53879e-11
1.50073e-11
-2.8537e-13
5.56993e-12
7.77156e-16
-8.88178e-16
8.88178e-16
-7.77156e-16
8.88178e-16
-7.77156e-16
-0.0422999
-0.0422999
-0.0234313
-0.0234313
4.30092e-11
-2.81453e-12
-2.64152e-11
5.14023e-12
7.77156e-16
-8.88178e-16
7.77156e-16
-8.88178e-16
-0.0382733
-0.0382733
-1.46357e-12
-2.88221e-12
-2.41489e-11
-6.86684e-12
7.77156e-16
-8.88178e-16
7.77156e-16
-8.88178e-16
-0.0133556
-0.0133556
-7.46656e-12
-1.9351e-12
2.25687e-11
2.2838e-12
7.77156e-16
-8.88178e-16
7.77156e-16
-8.88178e-16
-0.0310677
-0.0310677
5.56813e-12
1.06108e-12
-1.30387e-11
-2.71047e-12
7.77156e-16
-8.88178e-16
7.77156e-16
-8.88178e-16
-0.0220498
-0.0220498
-5.28435e-12
-3.19465e-12
8.88178e-16
-7.77156e-16
-7.56037e-12
1.47027e-11
6.39069e-12
-1.06624e-11
6.17383e-12
8.9024e-12
8.87429e-12
6.07089e-12
0.117665
0.117665
0.0598327
0.0598327
0.0773646
0.0773646
0.12662
0.12662
-3.90404e-11
-2.02917e-11
-1.409e-11
4.80351e-12
2.16445e-11
3.13413e-11
0.210837
0.210837
0.0673084
0.0673084
-2.95516e-11
1.99394e-13
-3.80296e-12
1.99985e-11
0.210693
0.210693
-1.96514e-11
-4.4472e-11
-5.62267e-12
7.72537e-12
2.93969e-11
2.12398e-11
0.140152
0.140152
0.104621
0.104621
-3.17398e-11
-9.09286e-11
-1.71414e-11
-2.11104e-11
0.210428
0.210428
8.38243e-11
3.7007e-11
2.23932e-11
7.36698e-12
0.210396
0.210396
8.01951e-12
2.29342e-11
1.28722e-11
1.17409e-11
-1.2628e-11
4.35484e-12
0.0422999
0.0422999
0.0234313
0.0234313
-1.55137e-11
5.77658e-12
-1.05461e-11
-3.09472e-12
0.0382733
0.0382733
-4.81919e-12
1.98955e-11
8.70228e-12
-3.63224e-13
0.0133556
0.0133556
6.32194e-12
-9.56915e-12
1.41619e-11
4.11775e-12
0.0310677
0.0310677
1.7125e-11
-2.87378e-11
-3.7917e-12
1.65401e-12
0.0220498
0.0220498
6.46896e-12
1.68483e-11
-8.88178e-16
7.77156e-16
-8.88178e-16
7.77156e-16
-8.88178e-16
7.77156e-16
-8.88178e-16
7.77156e-16
0.117665
0.117665
0.0598327
0.0598327
0.0773646
0.0773646
0.12662
0.12662
-8.88178e-16
7.77156e-16
-7.77156e-16
8.88178e-16
-7.77156e-16
8.88178e-16
0.210837
0.210837
0.0673084
0.0673084
-7.77156e-16
8.88178e-16
-7.77156e-16
8.88178e-16
0.210693
0.210693
-7.77156e-16
8.88178e-16
-8.88178e-16
7.77156e-16
-8.88178e-16
7.77156e-16
0.140152
0.140152
0.104621
0.104621
-7.77156e-16
8.88178e-16
-7.77156e-16
8.88178e-16
0.210428
0.210428
-7.77156e-16
8.88178e-16
-7.77156e-16
8.88178e-16
0.210396
0.210396
-7.77156e-16
8.88178e-16
-8.88178e-16
7.77156e-16
-8.88178e-16
7.77156e-16
0.0422999
0.0422999
0.0234313
0.0234313
-7.77156e-16
8.88178e-16
-7.77156e-16
8.88178e-16
0.0382733
0.0382733
-7.77156e-16
8.88178e-16
-7.77156e-16
8.88178e-16
0.0133556
0.0133556
-7.77156e-16
8.88178e-16
-7.77156e-16
8.88178e-16
0.0310677
0.0310677
-7.77156e-16
8.88178e-16
-7.77156e-16
8.88178e-16
0.0220498
0.0220498
-8.88178e-16
7.77156e-16
-1.04713e-11
1.57096e-11
-8.71706e-12
-1.91812e-11
2.70967e-11
2.93446e-12
-4.3563e-12
1.52034e-11
8.88178e-16
-7.77156e-16
8.88178e-16
-7.77156e-16
8.88178e-16
-7.77156e-16
8.88178e-16
-7.77156e-16
-0.0190292
-0.0190292
-0.0355117
-0.0355117
-0.0774609
-0.0774609
-0.0455548
-0.0455548
6.67394e-12
9.40364e-12
4.94424e-12
1.83376e-11
-2.11603e-12
-1.01705e-11
8.88178e-16
-7.77156e-16
7.77156e-16
-8.88178e-16
8.88178e-16
-7.77156e-16
-0.0220498
-0.0220498
-3.66708e-12
7.00415e-13
8.88178e-16
-7.77156e-16
2.72401e-12
-2.42012e-12
-2.4555e-12
-8.23263e-12
-1.30163e-11
-2.2652e-11
7.77156e-16
-8.88178e-16
8.88178e-16
-7.77156e-16
8.88178e-16
-7.77156e-16
-0.117879
-0.117879
-0.126706
-0.126706
2.63527e-11
9.31295e-12
8.88178e-16
-7.77156e-16
2.96777e-11
-1.58908e-11
8.71388e-12
3.85045e-12
7.77156e-16
-8.88178e-16
7.77156e-16
-8.88178e-16
-0.210566
-0.210566
-3.09137e-11
-9.94914e-12
1.79754e-11
1.49324e-11
6.6815e-11
2.09157e-11
7.77156e-16
-8.88178e-16
8.88178e-16
-7.77156e-16
8.88178e-16
-7.77156e-16
-0.140173
-0.140173
-0.10457
-0.10457
-5.96691e-11
3.68146e-12
-1.9593e-11
1.95263e-11
7.77156e-16
-8.88178e-16
7.77156e-16
-8.88178e-16
-0.210589
-0.210589
1.53485e-10
-5.02938e-11
2.76905e-11
-1.88614e-11
7.77156e-16
-8.88178e-16
7.77156e-16
-8.88178e-16
-0.210837
-0.210837
-3.07365e-12
1.15459e-11
6.78707e-12
2.96683e-12
7.77156e-16
-8.88178e-16
7.77156e-16
-8.88178e-16
-0.0593386
-0.0593386
6.80243e-12
1.31478e-11
1.18991e-11
3.38277e-12
7.77156e-16
-8.88178e-16
7.77156e-16
-8.88178e-16
-0.0673084
-0.0673084
-3.62465e-12
6.27768e-13
8.88178e-16
-7.77156e-16
-6.18065e-12
-1.27252e-11
-1.84187e-11
-3.91715e-12
1.10069e-12
1.05823e-11
-2.02662e-11
-5.39859e-12
0.0190292
0.0190292
0.0355117
0.0355117
0.0774609
0.0774609
0.0455548
0.0455548
2.34357e-12
-1.84402e-11
4.33038e-12
7.04225e-12
9.67441e-12
-1.71853e-11
0.0220498
0.0220498
-7.64766e-12
-5.81955e-12
-8.74146e-12
3.19705e-12
-2.48286e-11
-1.15353e-11
-2.65009e-11
-9.58716e-12
0.117879
0.117879
0.126706
0.126706
-3.62996e-13
-2.64814e-11
-2.30274e-11
-8.19272e-11
-2.11221e-11
-1.96068e-11
0.210566
0.210566
-1.0098e-11
-4.17226e-11
-2.29661e-11
-2.00195e-11
2.43831e-11
2.49571e-11
0.140173
0.140173
0.10457
0.10457
1.77308e-12
-1.01594e-10
-4.93663e-11
-3.90556e-11
0.210589
0.210589
1.94442e-10
7.51845e-11
6.35761e-11
5.38317e-11
0.210837
0.210837
-7.46146e-13
4.13629e-11
3.2967e-12
-3.35019e-11
0.0593386
0.0593386
-3.18058e-11
-1.50151e-11
-1.55155e-11
3.64588e-11
0.0673084
0.0673084
-2.05785e-11
-5.59703e-12
-8.88178e-16
7.77156e-16
-8.88178e-16
7.77156e-16
-8.88178e-16
7.77156e-16
-8.88178e-16
7.77156e-16
0.0190292
0.0190292
0.0355117
0.0355117
0.0774609
0.0774609
0.0455548
0.0455548
-8.88178e-16
7.77156e-16
-7.77156e-16
8.88178e-16
-8.88178e-16
7.77156e-16
0.0220498
0.0220498
-8.88178e-16
7.77156e-16
-7.77156e-16
8.88178e-16
-8.88178e-16
7.77156e-16
-8.88178e-16
7.77156e-16
0.117879
0.117879
0.126706
0.126706
-8.88178e-16
7.77156e-16
-7.77156e-16
8.88178e-16
-7.77156e-16
8.88178e-16
0.210566
0.210566
-7.77156e-16
8.88178e-16
-8.88178e-16
7.77156e-16
-8.88178e-16
7.77156e-16
0.140173
0.140173
0.10457
0.10457
-7.77156e-16
8.88178e-16
-7.77156e-16
8.88178e-16
0.210589
0.210589
-7.77156e-16
8.88178e-16
-7.77156e-16
8.88178e-16
0.210837
0.210837
-7.77156e-16
8.88178e-16
-7.77156e-16
8.88178e-16
0.0593386
0.0593386
-7.77156e-16
8.88178e-16
-7.77156e-16
8.88178e-16
0.0673084
0.0673084
-8.88178e-16
7.77156e-16
1.58682e-11
1.3704e-11
-1.98379e-11
-2.01006e-11
-2.45295e-11
-7.68275e-12
-1.00177e-11
-3.00217e-11
8.88178e-16
-7.77156e-16
8.88178e-16
-7.77156e-16
8.88178e-16
-7.77156e-16
8.88178e-16
-7.77156e-16
-0.117665
-0.117665
-0.0598327
-0.0598327
-0.0773646
-0.0773646
-0.12662
-0.12662
-4.11582e-12
-7.42283e-12
6.25502e-12
-2.51304e-11
8.88178e-16
-7.77156e-16
8.88178e-16
-7.77156e-16
-1.06036e-11
-7.33375e-11
-1.36815e-11
-1.30998e-11
7.77156e-16
-8.88178e-16
7.77156e-16
-8.88178e-16
-0.210693
-0.210693
2.23422e-11
5.59528e-11
2.69372e-11
6.7775e-12
-1.819e-11
7.26565e-12
7.77156e-16
-8.88178e-16
8.88178e-16
-7.77156e-16
8.88178e-16
-7.77156e-16
-0.140152
-0.140152
-0.104621
-0.104621
5.11197e-11
9.62899e-11
4.36371e-11
-4.06539e-12
7.77156e-16
-8.88178e-16
7.77156e-16
-8.88178e-16
-0.210428
-0.210428
-8.83504e-11
4.56665e-11
-1.65805e-11
2.30655e-11
7.77156e-16
-8.88178e-16
7.77156e-16
-8.88178e-16
-0.210396
-0.210396
3.50924e-12
5.92056e-12
3.9193e-11
6.12681e-12
5.44084e-12
-4.63638e-12
7.77156e-16
-8.88178e-16
8.88178e-16
-7.77156e-16
8.88178e-16
-7.77156e-16
-0.0422999
-0.0422999
-0.0234313
-0.0234313
3.91447e-12
-7.32772e-12
4.18037e-12
-9.33517e-12
7.77156e-16
-8.88178e-16
7.77156e-16
-8.88178e-16
-0.0382733
-0.0382733
-5.10499e-12
3.97461e-12
2.63816e-12
2.35528e-12
8.88178e-16
-7.77156e-16
8.88178e-16
-7.77156e-16
1.05254e-11
4.15415e-13
2.81523e-12
1.34006e-11
7.77156e-16
-8.88178e-16
7.77156e-16
-8.88178e-16
-0.0310677
-0.0310677
1.04773e-11
-9.3286e-12
8.88178e-16
-7.77156e-16
8.48746e-12
-1.20202e-11
1.89884e-11
1.6275e-11
8.45433e-12
-1.2514e-12
2.28062e-11
2.00278e-11
0.117665
0.117665
0.0598327
0.0598327
0.0773646
0.0773646
0.12662
0.12662
1.30702e-11
1.8012e-11
-1.27159e-11
1.01364e-11
3.08543e-11
2.60561e-11
2.80579e-12
9.77874e-12
0.210693
0.210693
1.88298e-11
-1.77184e-11
-6.11959e-12
-7.07351e-12
-1.32218e-11
-9.6519e-12
0.140152
0.140152
0.104621
0.104621
2.96253e-11
-2.73812e-11
-1.52057e-12
1.41047e-11
0.210428
0.210428
7.90369e-12
-3.7079e-12
1.92799e-11
2.20396e-11
0.210396
0.210396
-5.3327e-12
-1.15868e-11
-1.76979e-11
1.47784e-12
4.48354e-12
5.28968e-12
0.0422999
0.0422999
0.0234313
0.0234313
-5.137e-11
-2.44941e-11
-7.30377e-12
-1.36596e-12
0.0382733
0.0382733
1.232e-12
-1.63993e-11
1.51673e-11
-1.33686e-11
8.8978e-12
-1.12046e-11
6.2237e-12
9.981e-12
0.0310677
0.0310677
-8.1007e-12
2.49651e-11
-8.88178e-16
7.77156e-16
-8.88178e-16
7.77156e-16
-8.88178e-16
7.77156e-16
-8.88178e-16
7.77156e-16
0.117665
0.117665
0.0598327
0.0598327
0.0773646
0.0773646
0.12662
0.12662
-8.88178e-16
7.77156e-16
-8.88178e-16
7.77156e-16
-7.77156e-16
8.88178e-16
-7.77156e-16
8.88178e-16
0.210693
0.210693
-7.77156e-16
8.88178e-16
-8.88178e-16
7.77156e-16
-8.88178e-16
7.77156e-16
0.140152
0.140152
0.104621
0.104621
-7.77156e-16
8.88178e-16
-7.77156e-16
8.88178e-16
0.210428
0.210428
-7.77156e-16
8.88178e-16
-7.77156e-16
8.88178e-16
0.210396
0.210396
-7.77156e-16
8.88178e-16
-8.88178e-16
7.77156e-16
-8.88178e-16
7.77156e-16
0.0422999
0.0422999
0.0234313
0.0234313
-7.77156e-16
8.88178e-16
-7.77156e-16
8.88178e-16
0.0382733
0.0382733
-8.88178e-16
7.77156e-16
-8.88178e-16
7.77156e-16
-7.77156e-16
8.88178e-16
-7.77156e-16
8.88178e-16
0.0310677
0.0310677
-8.88178e-16
7.77156e-16
-1.6278e-11
1.41419e-11
7.63709e-12
9.33954e-12
5.89828e-12
-1.38325e-11
-3.20186e-12
8.79705e-12
8.88178e-16
-7.77156e-16
8.88178e-16
-7.77156e-16
8.88178e-16
-7.77156e-16
8.88178e-16
-7.77156e-16
-0.0190292
-0.0190292
-0.0355117
-0.0355117
-0.0774609
-0.0774609
-0.0455548
-0.0455548
-1.39811e-11
4.20968e-12
-2.30077e-12
7.47518e-13
8.88178e-16
-7.77156e-16
8.88178e-16
-7.77156e-16
-6.21801e-12
1.19006e-11
8.88178e-16
-7.77156e-16
1.60118e-11
6.46935e-12
2.49607e-11
-2.12542e-11
-1.03842e-11
-2.15853e-12
7.77156e-16
-8.88178e-16
8.88178e-16
-7.77156e-16
8.88178e-16
-7.77156e-16
-0.117879
-0.117879
-0.126706
-0.126706
7.00635e-12
1.69926e-11
8.88178e-16
-7.77156e-16
5.0539e-11
-4.09393e-11
-5.96897e-12
6.24015e-12
7.77156e-16
-8.88178e-16
7.77156e-16
-8.88178e-16
-0.210566
-0.210566
-2.70868e-12
-4.34132e-11
-5.81547e-12
1.37708e-11
4.03105e-11
1.024e-11
7.77156e-16
-8.88178e-16
8.88178e-16
-7.77156e-16
8.88178e-16
-7.77156e-16
-0.140173
-0.140173
-0.10457
-0.10457
1.15764e-11
-9.89546e-11
-2.74391e-11
-1.26149e-11
7.77156e-16
-8.88178e-16
7.77156e-16
-8.88178e-16
-0.210589
-0.210589
9.68024e-11
-1.43721e-10
5.22362e-11
-4.0442e-12
8.88178e-16
-7.77156e-16
8.88178e-16
-7.77156e-16
8.23403e-12
-1.31872e-11
3.22877e-12
1.68439e-11
7.77156e-16
-8.88178e-16
7.77156e-16
-8.88178e-16
-0.0593386
-0.0593386
9.35494e-12
-8.67635e-12
8.88178e-16
-7.77156e-16
-2.86361e-11
-1.54174e-11
-1.11834e-11
-1.65161e-11
1.39585e-11
1.29476e-11
-3.40265e-11
-1.42033e-11
0.0190292
0.0190292
0.0355117
0.0355117
0.0774609
0.0774609
0.0455548
0.0455548
-6.9e-12
-5.69678e-12
3.42867e-11
-1.57976e-11
-7.74286e-12
-9.0478e-12
1.02788e-11
3.58342e-11
-2.51827e-11
-1.46378e-11
-6.2576e-11
-6.00467e-11
0.117879
0.117879
0.126706
0.126706
-1.79646e-11
-3.92365e-11
-4.31741e-11
-1.40799e-10
-1.73443e-11
2.46155e-11
0.210566
0.210566
-2.26694e-11
-1.95347e-11
-2.36352e-11
-1.14919e-11
2.28127e-11
2.39915e-11
0.140173
0.140173
0.10457
0.10457
-1.04671e-10
-5.64745e-12
-2.26204e-11
-3.06055e-11
0.210589
0.210589
-1.18916e-10
-1.07229e-10
-6.57696e-11
-4.991e-11
-1.06852e-12
4.47124e-11
1.13988e-12
-2.14312e-11
0.0593386
0.0593386
-1.21487e-11
4.68308e-13
-8.88178e-16
7.77156e-16
-8.88178e-16
7.77156e-16
-8.88178e-16
7.77156e-16
-8.88178e-16
7.77156e-16
0.0190292
0.0190292
0.0355117
0.0355117
0.0774609
0.0774609
0.0455548
0.0455548
-8.88178e-16
7.77156e-16
-8.88178e-16
7.77156e-16
-8.88178e-16
7.77156e-16
-7.77156e-16
8.88178e-16
-8.88178e-16
7.77156e-16
-8.88178e-16
7.77156e-16
0.117879
0.117879
0.126706
0.126706
-8.88178e-16
7.77156e-16
-7.77156e-16
8.88178e-16
-7.77156e-16
8.88178e-16
0.210566
0.210566
-7.77156e-16
8.88178e-16
-8.88178e-16
7.77156e-16
-8.88178e-16
7.77156e-16
0.140173
0.140173
0.10457
0.10457
-7.77156e-16
8.88178e-16
-7.77156e-16
8.88178e-16
0.210589
0.210589
-8.88178e-16
7.77156e-16
-8.88178e-16
7.77156e-16
-7.77156e-16
8.88178e-16
-7.77156e-16
8.88178e-16
0.0593386
0.0593386
-8.88178e-16
7.77156e-16
8.20325e-11
7.10425e-12
8.88178e-16
-7.77156e-16
-0.399414
-0.399414
4.6825e-11
-1.26294e-10
8.88178e-16
-7.77156e-16
-0.399358
-0.399358
-1.84069e-10
-8.33374e-11
8.88178e-16
-7.77156e-16
-1.18563e-10
1.01926e-10
8.88178e-16
-7.77156e-16
-0.543636
-0.543636
1.32096e-10
1.15328e-10
8.88178e-16
-7.77156e-16
-0.543622
-0.543622
-1.13809e-10
1.12124e-10
8.88178e-16
-7.77156e-16
6.78457e-11
4.50775e-10
8.88178e-16
-7.77156e-16
-0.663015
-0.663015
1.02688e-10
3.44365e-10
8.88178e-16
-7.77156e-16
-0.663015
-0.663015
-8.57177e-10
7.87967e-10
8.88178e-16
-7.77156e-16
3.70802e-11
1.04175e-11
0.399414
0.399414
5.24525e-11
5.10945e-11
0.399358
0.399358
-1.13288e-10
-1.00303e-10
-1.94363e-10
-1.79355e-11
0.543636
0.543636
-6.13928e-11
1.04539e-11
0.543622
0.543622
-1.64816e-10
1.13484e-10
1.86283e-10
3.86183e-10
0.663015
0.663015
-3.59782e-12
-9.21536e-11
0.663015
0.663015
-8.8177e-10
1.6086e-10
-7.77156e-16
8.88178e-16
0.399414
0.399414
-7.77156e-16
8.88178e-16
0.399358
0.399358
-8.88178e-16
7.77156e-16
-7.77156e-16
8.88178e-16
0.543636
0.543636
-7.77156e-16
8.88178e-16
0.543622
0.543622
-8.88178e-16
7.77156e-16
-7.77156e-16
8.88178e-16
0.663015
0.663015
-7.77156e-16
8.88178e-16
0.663015
0.663015
-8.88178e-16
7.77156e-16
-1.80774e-11
1.27663e-12
8.88178e-16
-7.77156e-16
-0.399384
-0.399384
2.58672e-10
-1.38048e-10
8.88178e-16
-7.77156e-16
1.1031e-10
-2.68653e-11
8.88178e-16
-7.77156e-16
-0.543631
-0.543631
-1.17689e-10
7.31785e-11
8.88178e-16
-7.77156e-16
3.53305e-11
-1.54187e-10
8.88178e-16
-7.77156e-16
-0.663015
-0.663015
-1.09661e-10
-4.99495e-10
8.88178e-16
-7.77156e-16
1.52608e-10
4.33337e-11
0.399384
0.399384
4.11556e-11
1.52599e-10
-1.59081e-11
1.9708e-12
0.543631
0.543631
9.82563e-11
1.33318e-10
3.53106e-11
-1.55454e-10
0.663015
0.663015
5.27823e-10
-3.22622e-10
-7.77156e-16
8.88178e-16
0.399384
0.399384
-8.88178e-16
7.77156e-16
-7.77156e-16
8.88178e-16
0.543631
0.543631
-8.88178e-16
7.77156e-16
-7.77156e-16
8.88178e-16
0.663015
0.663015
-8.88178e-16
7.77156e-16
-3.07548e-11
-3.11334e-12
8.88178e-16
-7.77156e-16
-0.399406
-0.399406
-1.17471e-10
8.22786e-11
8.88178e-16
-7.77156e-16
6.91343e-11
3.55089e-11
8.88178e-16
-7.77156e-16
-0.543642
-0.543642
-1.15001e-10
9.8942e-11
8.88178e-16
-7.77156e-16
-7.33076e-11
1.55743e-10
8.88178e-16
-7.77156e-16
-0.663015
-0.663015
3.29706e-10
-1.45064e-10
8.88178e-16
-7.77156e-16
2.03487e-10
-5.34375e-11
0.399406
0.399406
-1.1827e-10
1.74462e-10
-3.67534e-11
1.33953e-10
0.543642
0.543642
2.88626e-11
1.35652e-10
7.71873e-11
1.76724e-10
0.663015
0.663015
1.15688e-09
-6.19403e-10
-7.77156e-16
8.88178e-16
0.399406
0.399406
-8.88178e-16
7.77156e-16
-7.77156e-16
8.88178e-16
0.543642
0.543642
-8.88178e-16
7.77156e-16
-7.77156e-16
8.88178e-16
0.663015
0.663015
-8.88178e-16
7.77156e-16
8.81554e-12
7.06724e-11
8.88178e-16
-7.77156e-16
-0.399366
-0.399366
-1.37785e-10
4.24453e-11
7.77156e-16
-8.88178e-16
-6.85508e-11
1.06156e-10
8.88178e-16
-7.77156e-16
-0.543622
-0.543622
-4.48972e-11
1.29886e-12
7.77156e-16
-8.88178e-16
6.61021e-11
6.22802e-10
8.88178e-16
-7.77156e-16
-0.663015
-0.663015
-1.22344e-09
1.34355e-09
7.77156e-16
-8.88178e-16
-5.77831e-11
-9.82812e-11
0.399366
0.399366
-3.31967e-10
1.83895e-10
-1.81946e-10
-1.04566e-10
0.543622
0.543622
1.26476e-11
-2.36781e-10
2.73511e-11
-1.96036e-10
0.663015
0.663015
2.88044e-10
-1.26064e-09
-7.77156e-16
8.88178e-16
0.399366
0.399366
-7.77156e-16
8.88178e-16
-7.77156e-16
8.88178e-16
0.543622
0.543622
-7.77156e-16
8.88178e-16
-7.77156e-16
8.88178e-16
0.663015
0.663015
-7.77156e-16
8.88178e-16
-2.98668e-11
-5.46244e-11
8.88178e-16
-7.77156e-16
-0.399369
-0.399369
-1.5728e-10
1.41614e-10
7.77156e-16
-8.88178e-16
-2.38929e-11
1.41373e-10
8.88178e-16
-7.77156e-16
-0.543628
-0.543628
1.1043e-11
5.20675e-11
7.77156e-16
-8.88178e-16
-1.3847e-11
3.59684e-10
8.88178e-16
-7.77156e-16
-0.663015
-0.663015
-9.48757e-10
6.62709e-10
7.77156e-16
-8.88178e-16
-1.83488e-10
1.59078e-10
0.399369
0.399369
-4.90198e-11
1.86646e-10
1.29798e-10
-1.34452e-10
0.543628
0.543628
2.86929e-10
1.30877e-10
1.74547e-10
1.76476e-10
0.663015
0.663015
7.25221e-10
2.0632e-10
-7.77156e-16
8.88178e-16
0.399369
0.399369
-7.77156e-16
8.88178e-16
-7.77156e-16
8.88178e-16
0.543628
0.543628
-7.77156e-16
8.88178e-16
-7.77156e-16
8.88178e-16
0.663015
0.663015
-7.77156e-16
8.88178e-16
-2.145e-10
7.58556e-11
8.88178e-16
-7.77156e-16
-0.399406
-0.399406
-7.29103e-11
-2.43118e-11
7.77156e-16
-8.88178e-16
2.4127e-10
2.22343e-11
8.88178e-16
-7.77156e-16
-0.543642
-0.543642
5.0902e-11
2.41805e-12
7.77156e-16
-8.88178e-16
7.66519e-11
4.13015e-11
8.88178e-16
-7.77156e-16
-0.663015
-0.663015
-5.45556e-10
3.77771e-10
7.77156e-16
-8.88178e-16
-2.65432e-10
2.53495e-10
0.399406
0.399406
6.25844e-11
-4.66143e-11
-4.06654e-11
1.61146e-10
0.543642
0.543642
1.64973e-11
1.29162e-10
7.23715e-11
1.54315e-10
0.663015
0.663015
4.05666e-11
-9.90408e-12
-7.77156e-16
8.88178e-16
0.399406
0.399406
-7.77156e-16
8.88178e-16
-7.77156e-16
8.88178e-16
0.543642
0.543642
-7.77156e-16
8.88178e-16
-7.77156e-16
8.88178e-16
0.663015
0.663015
-7.77156e-16
8.88178e-16
-8.88178e-16
7.77156e-16
-0.663015
-0.663015
-3.53688e-10
-2.34266e-10
-0.543631
-0.543631
-8.88178e-16
7.77156e-16
-8.88178e-16
7.77156e-16
4.9899e-10
-1.06007e-11
-1.77861e-11
1.39305e-10
-7.77156e-16
8.88178e-16
-1.80392e-10
-6.65758e-11
-0.399384
-0.399384
-8.88178e-16
7.77156e-16
7.48421e-11
-8.48844e-11
-8.88178e-16
7.77156e-16
-9.10941e-11
2.5209e-10
-0.663015
-0.663015
9.93312e-10
1.67067e-11
-0.543631
-0.543631
1.11668e-10
-1.0959e-09
2.87444e-11
1.08541e-10
-1.67462e-10
-3.33618e-11
-0.399384
-0.399384
1.03071e-10
9.12256e-11
3.57668e-11
8.61338e-12
-0.663015
-0.663015
8.88178e-16
-7.77156e-16
-0.543631
-0.543631
8.88178e-16
-7.77156e-16
8.88178e-16
-7.77156e-16
8.88178e-16
-7.77156e-16
-0.399384
-0.399384
8.88178e-16
-7.77156e-16
7.77156e-16
-8.88178e-16
-8.88178e-16
7.77156e-16
-0.663015
-0.663015
-3.52097e-10
-2.49469e-10
-0.543622
-0.543622
-8.88178e-16
7.77156e-16
-8.88178e-16
7.77156e-16
-8.43731e-10
6.51863e-10
-2.20309e-10
1.40615e-11
-7.77156e-16
8.88178e-16
-8.69144e-11
-1.59068e-11
-0.399358
-0.399358
-8.88178e-16
7.77156e-16
-1.71448e-10
1.08684e-10
-8.88178e-16
7.77156e-16
6.79011e-11
1.38369e-10
-0.663015
-0.663015
1.6995e-10
-4.8391e-10
-0.543622
-0.543622
3.23599e-09
-2.01519e-09
1.43182e-10
-2.49054e-10
-1.84959e-10
2.49151e-11
-0.399358
-0.399358
-1.68876e-10
9.91311e-11
1.7496e-10
-1.23186e-10
-0.663015
-0.663015
8.88178e-16
-7.77156e-16
-0.543622
-0.543622
8.88178e-16
-7.77156e-16
8.88178e-16
-7.77156e-16
8.88178e-16
-7.77156e-16
-0.399358
-0.399358
8.88178e-16
-7.77156e-16
7.77156e-16
-8.88178e-16
-8.88178e-16
7.77156e-16
-0.663015
-0.663015
1.06698e-09
2.07292e-10
-0.543636
-0.543636
-8.88178e-16
7.77156e-16
-8.88178e-16
7.77156e-16
-1.26513e-09
-1.03668e-09
-1.25814e-10
-2.92189e-10
-7.77156e-16
8.88178e-16
2.84619e-10
5.20343e-11
-0.399414
-0.399414
-8.88178e-16
7.77156e-16
-1.71864e-10
1.99643e-10
-8.88178e-16
7.77156e-16
1.20637e-10
-1.10684e-10
-0.663015
-0.663015
-7.57814e-10
-3.68194e-10
-0.543636
-0.543636
3.48094e-10
5.5907e-10
1.87641e-10
-8.46612e-11
-5.86325e-12
-1.5087e-10
-0.399414
-0.399414
2.17595e-11
9.01614e-11
1.94199e-10
-7.17535e-11
-0.663015
-0.663015
8.88178e-16
-7.77156e-16
-0.543636
-0.543636
8.88178e-16
-7.77156e-16
8.88178e-16
-7.77156e-16
8.88178e-16
-7.77156e-16
-0.399414
-0.399414
8.88178e-16
-7.77156e-16
7.77156e-16
-8.88178e-16
7.79985e-11
-2.09357e-10
-0.399366
-0.399366
7.77156e-16
-8.88178e-16
-7.97056e-11
-1.68853e-10
8.88178e-16
-7.77156e-16
1.09202e-11
7.85978e-11
-0.543622
-0.543622
7.77156e-16
-8.88178e-16
-1.77895e-10
-1.46614e-10
8.88178e-16
-7.77156e-16
-3.13282e-11
2.26776e-10
-0.663015
-0.663015
7.77156e-16
-8.88178e-16
-1.36418e-09
9.83951e-11
8.88178e-16
-7.77156e-16
3.93163e-11
-2.68473e-11
0.399366
0.399366
-1.98345e-10
1.63896e-10
-6.09334e-11
3.25379e-12
0.543622
0.543622
2.2147e-10
1.49108e-11
9.26714e-11
-2.62238e-10
0.663015
0.663015
1.74869e-09
-4.20067e-10
-8.88178e-16
7.77156e-16
0.399366
0.399366
-8.88178e-16
7.77156e-16
-8.88178e-16
7.77156e-16
0.543622
0.543622
-8.88178e-16
7.77156e-16
-8.88178e-16
7.77156e-16
0.663015
0.663015
-8.88178e-16
7.77156e-16
-3.48261e-11
-5.75831e-11
-0.399369
-0.399369
7.77156e-16
-8.88178e-16
1.51279e-10
4.55947e-11
8.88178e-16
-7.77156e-16
1.70017e-10
-6.2408e-11
-0.543628
-0.543628
7.77156e-16
-8.88178e-16
1.13264e-10
1.00248e-10
8.88178e-16
-7.77156e-16
6.4833e-11
7.75849e-10
-0.663015
-0.663015
7.77156e-16
-8.88178e-16
6.16435e-11
7.91649e-10
8.88178e-16
-7.77156e-16
1.11259e-10
2.08262e-10
0.399369
0.399369
2.0357e-12
1.81804e-10
1.23172e-11
-4.98571e-11
0.543628
0.543628
1.2728e-10
7.46275e-11
-9.51533e-12
1.66947e-10
0.663015
0.663015
5.09299e-10
1.28745e-11
-8.88178e-16
7.77156e-16
0.399369
0.399369
-8.88178e-16
7.77156e-16
-8.88178e-16
7.77156e-16
0.543628
0.543628
-8.88178e-16
7.77156e-16
-8.88178e-16
7.77156e-16
0.663015
0.663015
-8.88178e-16
7.77156e-16
1.24341e-10
7.33606e-12
7.77156e-16
-8.88178e-16
2.31523e-11
1.10704e-10
7.77156e-16
-8.88178e-16
-7.55047e-10
1.64629e-09
7.77156e-16
-8.88178e-16
-1.70222e-11
6.60264e-11
-1.55289e-10
6.68235e-11
-4.87236e-10
3.00586e-10
-7.77156e-16
8.88178e-16
-7.77156e-16
8.88178e-16
-7.77156e-16
8.88178e-16
1.59843e-11
6.47699e-12
-1.73262e-11
-1.10116e-11
-5.14129e-12
-8.09483e-12
-0.0835467
-0.0835467
1.18158e-11
-5.5537e-13
-0.0654561
-0.0654561
1.21107e-11
3.58739e-12
-0.0986283
-0.0986283
1.12109e-12
-1.33581e-11
-0.115924
-0.115924
7.77156e-16
-8.88178e-16
8.88178e-16
-7.77156e-16
1.00811e-11
1.2247e-11
6.08422e-12
2.36535e-12
-1.03453e-12
-1.25552e-11
-0.120999
-0.120999
9.25943e-12
6.41635e-12
-0.0605179
-0.0605179
-1.80648e-11
1.97353e-12
-0.154895
-0.154895
7.77156e-16
-8.88178e-16
8.88178e-16
-7.77156e-16
-2.43057e-11
2.15544e-11
-2.10751e-11
1.19194e-11
-2.59634e-11
-2.50472e-11
-0.210453
-0.210453
7.66327e-12
1.55412e-11
-0.163606
-0.163606
7.77156e-16
-8.88178e-16
8.88178e-16
-7.77156e-16
-1.24077e-11
-2.85535e-11
1.49184e-11
-1.77972e-11
4.50518e-11
2.60233e-11
-0.128182
-0.128182
-3.2214e-11
-1.25045e-11
-0.0839376
-0.0839376
-1.27758e-12
-6.5356e-12
-0.118032
-0.118032
7.77156e-16
-8.88178e-16
8.88178e-16
-7.77156e-16
-1.09089e-10
-3.47711e-11
2.34799e-12
-1.69739e-11
9.91722e-11
5.27571e-11
-0.21032
-0.21032
-4.21294e-11
-1.10389e-11
-0.17224
-0.17224
7.77156e-16
-8.88178e-16
8.88178e-16
-7.77156e-16
5.27277e-11
1.01757e-10
-1.98083e-11
-6.12835e-11
-3.79878e-12
-7.16313e-11
-0.210801
-0.210801
6.38135e-12
6.45185e-12
-0.144379
-0.144379
7.77156e-16
-8.88178e-16
8.88178e-16
-7.77156e-16
-4.76247e-12
1.51786e-11
3.60246e-12
1.27316e-12
-8.4207e-12
-1.37878e-11
-0.0663217
-0.0663217
-1.16377e-11
-1.29673e-11
-0.0413443
-0.0413443
2.05662e-12
2.82409e-12
-0.0302235
-0.0302235
7.77156e-16
-8.88178e-16
8.88178e-16
-7.77156e-16
1.2517e-11
-2.82265e-11
-1.45767e-11
-6.56112e-12
-9.55131e-12
7.74822e-12
-0.0900294
-0.0900294
-6.25555e-12
5.80784e-14
-0.0384117
-0.0384117
7.77156e-16
-8.88178e-16
8.88178e-16
-7.77156e-16
1.00866e-11
-1.62942e-11
-8.48943e-12
-1.31648e-11
-8.90868e-12
-5.49878e-12
-0.0173097
-0.0173097
5.6533e-12
8.52181e-12
-0.0147217
-0.0147217
7.77156e-16
-8.88178e-16
8.88178e-16
-7.77156e-16
1.333e-12
-1.19076e-12
1.14299e-11
4.67036e-12
-7.28423e-12
4.83448e-12
-0.0262626
-0.0262626
-9.17464e-12
-1.20857e-12
-0.0428828
-0.0428828
7.77156e-16
-8.88178e-16
8.88178e-16
-7.77156e-16
3.0433e-12
-3.85003e-12
-1.33349e-11
-6.57606e-12
5.94789e-12
1.18255e-11
-0.0145323
-0.0145323
1.11478e-13
-6.07103e-12
-0.0250876
-0.0250876
7.77156e-16
-8.88178e-16
8.88178e-16
-7.77156e-16
4.88577e-12
-4.36549e-12
-3.93743e-12
-3.68906e-12
2.31583e-12
-3.28151e-12
-0.0373012
-0.0373012
7.77156e-16
-8.88178e-16
8.88178e-16
-7.77156e-16
-1.76485e-12
6.948e-12
8.98774e-13
-1.47393e-11
-8.63544e-12
-1.04923e-11
-0.0835467
-0.0835467
-1.10794e-11
1.30154e-11
-0.0654561
-0.0654561
-3.48957e-12
-5.36259e-12
-0.0986283
-0.0986283
1.26834e-11
1.40314e-11
-0.115924
-0.115924
-3.05018e-11
1.09837e-12
-1.72642e-12
2.37594e-11
1.36981e-11
-6.82305e-12
-0.120999
-0.120999
3.8367e-12
-5.29173e-12
-0.0605179
-0.0605179
-7.7416e-12
-1.75124e-11
-0.154895
-0.154895
3.62132e-12
1.00919e-11
4.23224e-12
1.43963e-11
7.13877e-11
-2.46081e-11
-0.210453
-0.210453
-2.34878e-11
-1.97674e-11
-0.163606
-0.163606
-1.236e-11
3.80069e-11
-2.69609e-11
2.6825e-11
2.58908e-12
-1.7506e-11
-0.128182
-0.128182
-8.50607e-12
-1.57054e-11
-0.0839376
-0.0839376
1.00716e-11
2.30078e-11
-0.118032
-0.118032
7.22819e-11
7.04063e-12
9.42077e-12
-3.281e-12
5.30823e-11
-7.67234e-11
-0.21032
-0.21032
-1.69499e-11
-1.67459e-11
-0.17224
-0.17224
-4.25891e-11
-4.58668e-11
2.24922e-13
1.49772e-11
8.63757e-12
9.52283e-12
-0.210801
-0.210801
-5.11772e-12
-1.20719e-11
-0.144379
-0.144379
2.3003e-12
-2.81817e-11
9.9221e-12
-1.21438e-11
-5.60741e-12
7.49948e-13
-0.0663217
-0.0663217
-1.45479e-11
3.96799e-12
-0.0413443
-0.0413443
3.1398e-13
-7.06978e-12
-0.0302235
-0.0302235
-9.42487e-12
8.69496e-12
2.92068e-12
6.13159e-13
-1.1652e-11
-1.77607e-11
-0.0900294
-0.0900294
5.24444e-12
2.92338e-12
-0.0384117
-0.0384117
-1.19385e-11
2.37162e-12
1.56321e-12
-6.59305e-12
1.24377e-11
-7.3444e-12
-0.0173097
-0.0173097
-5.65291e-12
1.02474e-12
-0.0147217
-0.0147217
1.09524e-11
-1.39975e-11
1.85062e-11
3.53996e-12
-5.58453e-12
3.62715e-12
-0.0262626
-0.0262626
-5.58549e-12
-8.33832e-13
-0.0428828
-0.0428828
1.26143e-11
1.71835e-12
-1.91098e-12
1.71784e-11
-9.43012e-12
4.36816e-12
-0.0145323
-0.0145323
-7.46084e-12
5.78093e-12
-0.0250876
-0.0250876
1.95668e-11
7.56939e-12
-6.25208e-12
-6.92845e-12
-4.90763e-12
-5.71254e-12
-0.0373012
-0.0373012
-7.77156e-16
8.88178e-16
-7.77156e-16
8.88178e-16
-9.42656e-12
-2.41758e-11
-0.0835467
-0.0835467
4.05572e-12
-1.14131e-11
-0.0654561
-0.0654561
1.03278e-11
5.04423e-12
-0.0986283
-0.0986283
2.19579e-11
5.54234e-12
-0.115924
-0.115924
-7.77156e-16
8.88178e-16
-7.77156e-16
8.88178e-16
1.31858e-11
2.18238e-12
-0.120999
-0.120999
-2.01404e-12
-2.17597e-11
-0.0605179
-0.0605179
-5.88531e-12
-1.96787e-11
-0.154895
-0.154895
-7.77156e-16
8.88178e-16
-7.77156e-16
8.88178e-16
-2.67798e-11
-2.44052e-11
-0.210453
-0.210453
3.7769e-11
1.52449e-11
-0.163606
-0.163606
-7.77156e-16
8.88178e-16
-7.77156e-16
8.88178e-16
1.98775e-11
5.50617e-11
-0.128182
-0.128182
-1.80162e-11
-9.36387e-12
-0.0839376
-0.0839376
-1.13763e-11
-1.70908e-11
-0.118032
-0.118032
-7.77156e-16
8.88178e-16
-7.77156e-16
8.88178e-16
6.0005e-11
1.23639e-10
-0.21032
-0.21032
-4.32945e-11
-7.00157e-12
-0.17224
-0.17224
-7.77156e-16
8.88178e-16
-7.77156e-16
8.88178e-16
-3.88341e-11
-7.52447e-11
-0.210801
-0.210801
2.18247e-11
1.19893e-11
-0.144379
-0.144379
-7.77156e-16
8.88178e-16
-7.77156e-16
8.88178e-16
4.64266e-12
-1.34697e-11
-0.0663217
-0.0663217
-7.13183e-12
-1.36069e-11
-0.0413443
-0.0413443
-6.44571e-12
1.09202e-11
-0.0302235
-0.0302235
-7.77156e-16
8.88178e-16
-7.77156e-16
8.88178e-16
2.17888e-11
3.32826e-12
-0.0900294
-0.0900294
5.72915e-13
-3.46277e-12
-0.0384117
-0.0384117
-7.77156e-16
8.88178e-16
-7.77156e-16
8.88178e-16
-5.71925e-12
-1.77969e-11
-0.0173097
-0.0173097
2.76862e-11
-3.91945e-12
-0.0147217
-0.0147217
-7.77156e-16
8.88178e-16
-7.77156e-16
8.88178e-16
-7.67592e-12
7.35748e-12
-0.0262626
-0.0262626
-1.7457e-11
-9.30992e-12
-0.0428828
-0.0428828
-7.77156e-16
8.88178e-16
-7.77156e-16
8.88178e-16
7.21009e-13
6.90411e-12
-0.0145323
-0.0145323
1.39858e-11
1.8213e-12
-0.0250876
-0.0250876
-7.77156e-16
8.88178e-16
-7.77156e-16
8.88178e-16
-2.44946e-11
-1.17878e-11
-0.0373012
-0.0373012
1.99068e-12
-9.13013e-13
-6.81484e-12
-7.12794e-12
-6.07172e-12
-1.26106e-12
-0.0253004
-0.0253004
-8.78608e-12
1.16681e-12
-0.0514243
-0.0514243
-1.08281e-11
-8.63462e-13
-0.057871
-0.057871
3.95781e-12
2.13087e-11
-0.0282089
-0.0282089
7.77156e-16
-8.88178e-16
8.88178e-16
-7.77156e-16
-6.68651e-12
7.23351e-12
1.25384e-11
1.50184e-11
1.97827e-13
8.75017e-12
-0.0145323
-0.0145323
-5.01657e-12
-3.98611e-12
-0.0263598
-0.0263598
-8.42127e-13
-7.13969e-12
-0.0139063
-0.0139063
7.77156e-16
-8.88178e-16
8.88178e-16
-7.77156e-16
-1.54913e-11
1.42708e-11
-5.37825e-13
1.74341e-11
-6.48133e-12
7.67209e-12
-0.0391906
-0.0391906
7.77156e-16
-8.88178e-16
8.88178e-16
-7.77156e-16
-1.60887e-12
1.21732e-11
1.46881e-11
1.82446e-11
6.1867e-13
9.15091e-12
-0.0723879
-0.0723879
-1.01948e-11
-1.06071e-11
-0.0985964
-0.0985964
-5.12578e-12
4.80871e-12
-0.115947
-0.115947
7.77156e-16
-8.88178e-16
8.88178e-16
-7.77156e-16
1.51834e-11
-5.88061e-12
2.14633e-12
-7.8769e-13
4.09004e-12
4.63637e-12
-0.155225
-0.155225
7.77156e-16
-8.88178e-16
8.88178e-16
-7.77156e-16
2.17615e-11
-3.98297e-12
8.14448e-12
-3.68409e-12
2.25144e-11
7.55747e-12
-0.210728
-0.210728
-1.12938e-11
-1.16257e-11
-0.163619
-0.163619
7.77156e-16
-8.88178e-16
8.88178e-16
-7.77156e-16
-3.50571e-11
2.02917e-11
-3.98919e-11
-1.9852e-11
-3.61468e-11
-4.10116e-11
-0.128181
-0.128181
2.85838e-12
-4.69976e-12
-0.0839871
-0.0839871
7.72593e-12
4.952e-11
-0.117996
-0.117996
7.77156e-16
-8.88178e-16
8.88178e-16
-7.77156e-16
-8.49719e-12
7.85371e-11
-3.83427e-11
2.43043e-11
-7.46956e-11
-7.21409e-11
-0.210323
-0.210323
3.9394e-11
3.13208e-12
-0.172227
-0.172227
7.77156e-16
-8.88178e-16
8.88178e-16
-7.77156e-16
-1.01296e-11
-1.24725e-10
3.31095e-11
4.03131e-11
-3.42177e-11
1.30076e-10
-0.210522
-0.210522
-1.13739e-11
1.85897e-11
-0.143966
-0.143966
7.77156e-16
-8.88178e-16
8.88178e-16
-7.77156e-16
-1.11326e-11
-7.13371e-12
5.52716e-12
3.94929e-12
-8.59533e-12
2.2599e-12
-0.0787485
-0.0787485
-7.3288e-12
3.05754e-12
-0.045346
-0.045346
7.77156e-16
-8.88178e-16
8.88178e-16
-7.77156e-16
-8.12063e-12
1.12908e-11
1.71034e-11
-1.60694e-12
-4.0608e-12
6.43964e-12
-0.120999
-0.120999
5.91003e-13
-3.79829e-12
-0.0612873
-0.0612873
7.77156e-16
-8.88178e-16
8.88178e-16
-7.77156e-16
8.18341e-12
4.8354e-12
8.47968e-12
8.23495e-12
-5.82126e-12
-1.20011e-11
-0.0373012
-0.0373012
7.77156e-16
-8.88178e-16
8.88178e-16
-7.77156e-16
-6.818e-13
-1.30865e-11
1.60934e-11
1.50943e-11
4.78066e-12
-1.20074e-11
-0.0253004
-0.0253004
-2.1511e-12
1.96754e-11
-0.0514243
-0.0514243
-2.05468e-11
-7.32404e-12
-0.057871
-0.057871
1.23398e-11
7.3458e-13
-0.0282089
-0.0282089
-1.2301e-11
-1.76435e-11
9.57647e-12
4.95401e-12
1.2744e-11
8.90658e-13
-0.0145323
-0.0145323
9.77675e-12
-1.26095e-11
-0.0263598
-0.0263598
-1.51474e-11
-6.30116e-12
-0.0139063
-0.0139063
9.43967e-12
2.41617e-11
1.29999e-11
-6.24987e-12
-1.87408e-12
-3.52655e-12
-0.0391906
-0.0391906
7.68679e-12
1.58706e-11
6.73115e-12
1.69365e-11
1.15105e-11
1.12888e-11
-0.0723879
-0.0723879
-2.32856e-12
-5.48204e-12
-0.0985964
-0.0985964
-2.67293e-11
-1.82306e-11
-0.115947
-0.115947
-2.06558e-11
6.40959e-12
9.6479e-12
6.46762e-12
-1.51669e-11
9.17378e-13
-0.155225
-0.155225
3.63459e-11
4.63825e-11
4.73533e-12
2.14598e-11
-5.65633e-11
1.6661e-11
-0.210728
-0.210728
-2.42725e-11
1.30279e-12
-0.163619
-0.163619
3.21523e-11
9.18235e-12
-1.21605e-11
-1.4707e-11
-1.32653e-11
-2.93801e-11
-0.128181
-0.128181
-1.09119e-12
1.14329e-11
-0.0839871
-0.0839871
-7.16475e-12
2.72766e-11
-0.117996
-0.117996
6.83722e-11
1.41619e-11
-2.69175e-11
-7.27069e-12
-1.67046e-12
-5.89028e-11
-0.210323
-0.210323
-7.5842e-12
-9.03626e-13
-0.172227
-0.172227
-8.145e-11
-8.6669e-11
6.34654e-12
6.05486e-11
-4.30025e-11
5.7796e-11
-0.210522
-0.210522
-1.79916e-11
1.22437e-11
-0.143966
-0.143966
-2.27894e-11
-2.63701e-11
1.57943e-13
-5.08114e-11
-3.63433e-12
2.35738e-12
-0.0787485
-0.0787485
1.20263e-11
1.16432e-11
-0.045346
-0.045346
1.46234e-12
2.90899e-11
2.88157e-11
4.94253e-11
-1.63934e-12
-1.04408e-11
-0.120999
-0.120999
-1.44733e-11
1.19397e-11
-0.0612873
-0.0612873
-2.29246e-11
-2.66503e-11
-2.04541e-11
1.44738e-11
-2.94104e-12
1.67815e-11
-0.0373012
-0.0373012
-7.77156e-16
8.88178e-16
-7.77156e-16
8.88178e-16
-3.4572e-12
-2.16649e-11
-0.0253004
-0.0253004
1.67735e-11
9.68596e-12
-0.0514243
-0.0514243
2.0727e-13
8.57356e-14
-0.057871
-0.057871
5.24023e-12
-8.02214e-12
-0.0282089
-0.0282089
-7.77156e-16
8.88178e-16
-7.77156e-16
8.88178e-16
-2.28762e-12
-1.81536e-11
-0.0145323
-0.0145323
-1.18485e-11
-1.15978e-11
-0.0263598
-0.0263598
1.51993e-11
2.21213e-12
-0.0139063
-0.0139063
-7.77156e-16
8.88178e-16
-7.77156e-16
8.88178e-16
-5.56219e-12
-4.60022e-12
-0.0391906
-0.0391906
-7.77156e-16
8.88178e-16
-7.77156e-16
8.88178e-16
-1.36916e-11
-7.87966e-12
-0.0723879
-0.0723879
8.50331e-13
3.18838e-12
-0.0985964
-0.0985964
2.07693e-11
-3.06534e-12
-0.115947
-0.115947
-7.77156e-16
8.88178e-16
-7.77156e-16
8.88178e-16
1.55532e-12
-1.21311e-11
-0.155225
-0.155225
-7.77156e-16
8.88178e-16
-7.77156e-16
8.88178e-16
1.60083e-11
-3.45258e-11
-0.210728
-0.210728
1.20139e-12
2.25054e-11
-0.163619
-0.163619
-7.77156e-16
8.88178e-16
-7.77156e-16
8.88178e-16
-2.8668e-11
2.8532e-12
-0.128181
-0.128181
-4.97535e-12
6.05336e-11
-0.0839871
-0.0839871
-3.51162e-11
4.93998e-12
-0.117996
-0.117996
-7.77156e-16
8.88178e-16
-7.77156e-16
8.88178e-16
-1.03516e-10
3.2351e-11
-0.210323
-0.210323
2.97858e-11
3.74032e-11
-0.172227
-0.172227
-7.77156e-16
8.88178e-16
-7.77156e-16
8.88178e-16
4.40014e-11
1.06601e-11
-0.210522
-0.210522
2.06555e-11
-4.03864e-11
-0.143966
-0.143966
-7.77156e-16
8.88178e-16
-7.77156e-16
8.88178e-16
2.32997e-11
3.07805e-11
-0.0787485
-0.0787485
-8.98656e-12
3.36763e-11
-0.045346
-0.045346
-7.77156e-16
8.88178e-16
-7.77156e-16
8.88178e-16
6.45771e-12
-1.59001e-11
-0.120999
-0.120999
3.64678e-11
1.28706e-12
-0.0612873
-0.0612873
-7.77156e-16
8.88178e-16
-7.77156e-16
8.88178e-16
7.60639e-12
2.65724e-11
-0.0373012
-0.0373012
5.53671e-12
1.65443e-11
2.64765e-11
2.14787e-11
-8.66104e-12
1.779e-12
-0.0835467
-0.0835467
-9.20116e-14
-1.22185e-11
-0.0654561
-0.0654561
4.97809e-13
8.70119e-12
-0.0986283
-0.0986283
1.31819e-11
-2.20235e-12
-0.115924
-0.115924
7.77156e-16
-8.88178e-16
8.88178e-16
-7.77156e-16
-3.67775e-12
1.60241e-11
4.84946e-12
4.99282e-12
7.61624e-12
4.64854e-12
-0.0605179
-0.0605179
-1.23024e-11
-8.15779e-12
-0.154895
-0.154895
7.77156e-16
-8.88178e-16
8.88178e-16
-7.77156e-16
2.90577e-11
4.71124e-11
-1.29039e-11
2.80529e-11
1.01612e-11
-4.57608e-11
-0.210453
-0.210453
7.78291e-12
1.88814e-11
-0.163606
-0.163606
7.77156e-16
-8.88178e-16
8.88178e-16
-7.77156e-16
-1.26418e-11
-3.84858e-11
-1.22804e-11
-2.22651e-11
2.44898e-11
2.17415e-11
-0.128182
-0.128182
-9.86297e-12
-5.05852e-12
-0.0839376
-0.0839376
-1.68788e-12
-2.00718e-11
-0.118032
-0.118032
7.77156e-16
-8.88178e-16
8.88178e-16
-7.77156e-16
-9.97712e-11
-3.36042e-11
-4.2698e-13
2.32794e-12
7.48369e-11
6.37997e-11
-0.21032
-0.21032
-3.72089e-11
-2.6172e-11
-0.17224
-0.17224
7.77156e-16
-8.88178e-16
8.88178e-16
-7.77156e-16
5.53683e-12
5.84396e-11
3.96859e-12
-2.78803e-11
-2.78755e-11
-7.76971e-11
-0.210801
-0.210801
6.86453e-12
1.037e-11
-0.144379
-0.144379
7.77156e-16
-8.88178e-16
8.88178e-16
-7.77156e-16
-9.93935e-12
-1.27311e-11
1.9894e-12
-7.38655e-13
-1.72184e-11
-1.90202e-11
-0.0663217
-0.0663217
9.58649e-12
-7.5694e-12
-0.0413443
-0.0413443
4.75976e-12
1.32129e-11
-0.0302235
-0.0302235
7.77156e-16
-8.88178e-16
8.88178e-16
-7.77156e-16
-4.46242e-12
-2.21583e-11
3.27468e-12
3.652e-12
-1.48569e-11
6.98277e-13
-0.0900294
-0.0900294
-4.66412e-12
-2.36282e-12
-0.0384117
-0.0384117
7.77156e-16
-8.88178e-16
8.88178e-16
-7.77156e-16
-6.48745e-12
1.11535e-11
-1.17731e-11
-8.5646e-13
-8.46992e-12
6.60099e-12
-0.0173097
-0.0173097
1.46371e-11
-2.62925e-12
-0.0147217
-0.0147217
7.77156e-16
-8.88178e-16
8.88178e-16
-7.77156e-16
7.10809e-12
-1.2804e-11
3.07649e-11
4.86917e-12
-3.60663e-12
-1.96159e-12
-0.0262626
-0.0262626
-8.23493e-12
3.07443e-12
-0.0428828
-0.0428828
7.77156e-16
-8.88178e-16
8.88178e-16
-7.77156e-16
-1.02817e-11
-1.15487e-11
-9.75608e-13
-8.78388e-12
1.99339e-11
-5.9503e-12
-0.0250876
-0.0250876
7.77156e-16
-8.88178e-16
8.88178e-16
-7.77156e-16
3.32698e-12
1.36292e-11
8.2295e-12
4.16261e-13
7.77156e-16
-8.88178e-16
8.88178e-16
-7.77156e-16
4.34363e-12
-9.68899e-12
-1.65564e-11
-1.77995e-11
-8.75e-12
4.75413e-12
-0.0835467
-0.0835467
-1.59933e-12
2.56435e-12
-0.0654561
-0.0654561
3.65676e-12
1.05586e-11
-0.0986283
-0.0986283
-8.26894e-12
-5.85508e-12
-0.115924
-0.115924
-1.054e-11
-5.43224e-12
-2.64536e-11
-4.8439e-12
-4.19405e-12
9.38362e-12
-0.0605179
-0.0605179
-1.26734e-11
-1.56638e-11
-0.154895
-0.154895
-1.92438e-11
-3.67685e-11
5.33242e-12
3.87347e-12
-1.40933e-12
-4.13789e-11
-0.210453
-0.210453
-7.50075e-12
4.56838e-12
-0.163606
-0.163606
9.96326e-12
2.17194e-12
1.07272e-11
1.96363e-11
-7.76116e-12
-7.06047e-14
-0.128182
-0.128182
1.47178e-11
9.99906e-12
-0.0839376
-0.0839376
-6.27185e-12
2.52825e-12
-0.118032
-0.118032
3.51402e-11
-3.31953e-11
1.5572e-11
6.21499e-12
-1.66891e-11
-1.75466e-11
-0.21032
-0.21032
1.50607e-11
6.90621e-12
-0.17224
-0.17224
3.54164e-12
3.58484e-13
1.14173e-11
2.05058e-11
3.45532e-11
-2.06036e-11
-0.210801
-0.210801
6.327e-12
1.04564e-12
-0.144379
-0.144379
-6.477e-13
1.7425e-11
-5.41021e-12
6.22646e-12
1.46374e-11
2.25006e-11
-0.0663217
-0.0663217
-9.45656e-12
-8.11775e-12
-0.0413443
-0.0413443
8.59023e-12
-4.42476e-12
-0.0302235
-0.0302235
1.22523e-11
3.32974e-11
-6.58467e-12
9.72578e-12
6.3083e-12
3.9152e-11
-0.0900294
-0.0900294
1.59416e-13
4.78899e-12
-0.0384117
-0.0384117
-8.50991e-12
-1.92598e-11
8.75796e-12
-5.21278e-12
9.15559e-12
9.22287e-12
-0.0173097
-0.0173097
-4.06595e-12
-3.47108e-12
-0.0147217
-0.0147217
1.53358e-11
-2.82403e-12
2.02651e-12
6.65168e-12
-3.27332e-12
3.377e-12
-0.0262626
-0.0262626
-7.59202e-12
-1.17795e-11
-0.0428828
-0.0428828
1.76096e-11
1.70571e-11
-1.60421e-11
6.39673e-12
5.03629e-12
6.71626e-13
-0.0250876
-0.0250876
1.6592e-12
8.61533e-12
-2.26952e-11
-5.08183e-12
-7.77156e-16
8.88178e-16
-7.77156e-16
8.88178e-16
-1.23604e-12
-8.58017e-12
-0.0835467
-0.0835467
1.29564e-11
8.154e-12
-0.0654561
-0.0654561
6.29401e-12
-3.57059e-12
-0.0986283
-0.0986283
-7.04375e-12
-8.18946e-12
-0.115924
-0.115924
-7.77156e-16
8.88178e-16
-7.77156e-16
8.88178e-16
-9.30763e-12
1.87639e-12
-0.0605179
-0.0605179
-2.9816e-12
-1.25266e-11
-0.154895
-0.154895
-7.77156e-16
8.88178e-16
-7.77156e-16
8.88178e-16
-4.58731e-11
-1.9742e-11
-0.210453
-0.210453
2.21113e-11
9.99314e-12
-0.163606
-0.163606
-7.77156e-16
8.88178e-16
-7.77156e-16
8.88178e-16
3.47558e-12
1.7068e-11
-0.128182
-0.128182
4.90031e-12
-7.54337e-12
-0.0839376
-0.0839376
5.06007e-12
-2.06109e-11
-0.118032
-0.118032
-7.77156e-16
8.88178e-16
-7.77156e-16
8.88178e-16
-5.2244e-12
5.65003e-11
-0.21032
-0.21032
-9.05364e-12
8.76739e-12
-0.17224
-0.17224
-7.77156e-16
8.88178e-16
-7.77156e-16
8.88178e-16
7.58883e-12
-3.68376e-11
-0.210801
-0.210801
6.30851e-12
7.1228e-12
-0.144379
-0.144379
-7.77156e-16
8.88178e-16
-7.77156e-16
8.88178e-16
9.37092e-12
-6.29702e-12
-0.0663217
-0.0663217
-1.34687e-11
-1.82168e-11
-0.0413443
-0.0413443
1.18573e-11
1.54522e-11
-0.0302235
-0.0302235
-7.77156e-16
8.88178e-16
-7.77156e-16
8.88178e-16
1.24565e-11
1.68841e-11
-0.0900294
-0.0900294
-4.9923e-12
-3.10447e-12
-0.0384117
-0.0384117
-7.77156e-16
8.88178e-16
-7.77156e-16
8.88178e-16
1.8787e-12
1.07148e-11
-0.0173097
-0.0173097
1.38834e-11
-6.27919e-12
-0.0147217
-0.0147217
-7.77156e-16
8.88178e-16
-7.77156e-16
8.88178e-16
4.5004e-12
9.36346e-12
-0.0262626
-0.0262626
-1.35116e-11
-1.10557e-11
-0.0428828
-0.0428828
-7.77156e-16
8.88178e-16
-7.77156e-16
8.88178e-16
1.69575e-12
-1.11004e-12
-0.0250876
-0.0250876
-7.77156e-16
8.88178e-16
-7.77156e-16
8.88178e-16
-1.15437e-12
8.89121e-12
-2.3507e-11
-9.56899e-12
-6.35416e-12
2.79235e-12
-0.0253004
-0.0253004
-1.53471e-12
8.51773e-12
-0.0514243
-0.0514243
-2.02781e-11
6.52279e-12
-0.057871
-0.057871
-5.13173e-12
1.55244e-11
-0.0282089
-0.0282089
7.77156e-16
-8.88178e-16
8.88178e-16
-7.77156e-16
4.99996e-12
-1.00689e-11
1.91187e-11
2.4126e-12
5.46683e-13
3.15578e-12
-0.0263598
-0.0263598
1.25349e-11
-1.36345e-12
-0.0139063
-0.0139063
7.77156e-16
-8.88178e-16
8.88178e-16
-7.77156e-16
-1.06451e-12
6.99148e-12
-4.63584e-12
3.66062e-12
1.92397e-12
1.59264e-11
-0.0391906
-0.0391906
7.77156e-16
-8.88178e-16
8.88178e-16
-7.77156e-16
-2.73616e-12
2.05395e-12
-1.94538e-11
7.30549e-12
-8.31625e-12
-4.3493e-12
-0.0723879
-0.0723879
-8.41657e-12
8.04173e-12
-0.0985964
-0.0985964
-4.89219e-12
4.77834e-12
-0.115947
-0.115947
7.77156e-16
-8.88178e-16
8.88178e-16
-7.77156e-16
5.41587e-12
-2.16525e-11
-5.24335e-12
-6.19149e-12
-5.25179e-13
-9.15569e-12
-0.155225
-0.155225
7.77156e-16
-8.88178e-16
8.88178e-16
-7.77156e-16
2.54223e-11
-2.13588e-11
1.30351e-11
1.74097e-11
-3.9083e-12
-2.98448e-11
-0.210728
-0.210728
1.44087e-11
6.11457e-12
-0.163619
-0.163619
7.77156e-16
-8.88178e-16
8.88178e-16
-7.77156e-16
-6.99949e-12
3.26915e-11
-6.01349e-12
7.66156e-12
-5.01518e-11
-2.33978e-11
-0.128181
-0.128181
1.15602e-11
-9.69252e-12
-0.0839871
-0.0839871
2.57621e-11
4.62344e-11
-0.117996
-0.117996
7.77156e-16
-8.88178e-16
8.88178e-16
-7.77156e-16
6.36669e-11
4.38569e-12
-1.2133e-11
2.01453e-11
-9.74505e-11
-1.43561e-11
-0.210323
-0.210323
3.69238e-11
1.733e-11
-0.172227
-0.172227
7.77156e-16
-8.88178e-16
8.88178e-16
-7.77156e-16
1.49505e-12
-8.12932e-11
8.28903e-12
3.95279e-11
-7.33722e-12
1.40195e-10
-0.210522
-0.210522
-5.88542e-12
5.58338e-12
-0.143966
-0.143966
7.77156e-16
-8.88178e-16
8.88178e-16
-7.77156e-16
1.31111e-11
-5.29193e-12
7.77519e-12
1.63063e-11
8.07681e-12
7.91946e-12
-0.0787485
-0.0787485
-7.38206e-13
-5.5606e-12
-0.045346
-0.045346
7.77156e-16
-8.88178e-16
8.88178e-16
-7.77156e-16
-2.0132e-12
-1.33025e-13
-4.48974e-12
-2.2607e-11
-1.13207e-12
3.42256e-12
-0.0612873
-0.0612873
7.77156e-16
-8.88178e-16
8.88178e-16
-7.77156e-16
6.61731e-12
2.33606e-11
3.01119e-13
9.35735e-12
7.77156e-16
-8.88178e-16
8.88178e-16
-7.77156e-16
-1.32681e-11
-9.64511e-12
1.26955e-11
1.9318e-11
1.93553e-11
-3.40619e-12
-0.0253004
-0.0253004
5.68557e-12
2.73559e-12
-0.0514243
-0.0514243
-5.49499e-12
-4.14001e-12
-0.057871
-0.057871
7.20963e-12
-2.06399e-11
-0.0282089
-0.0282089
-1.53765e-11
-3.40685e-11
2.48701e-11
-2.04627e-12
1.28532e-11
-2.15525e-13
-0.0263598
-0.0263598
-1.18665e-11
8.46537e-12
-0.0139063
-0.0139063
3.16051e-11
2.25619e-11
2.6121e-11
-9.79696e-12
6.60364e-12
-1.54263e-12
-0.0391906
-0.0391906
-1.2402e-11
9.79249e-12
3.10089e-11
3.65425e-11
-5.89065e-12
2.03226e-12
-0.0723879
-0.0723879
-5.60224e-12
-1.62934e-11
-0.0985964
-0.0985964
9.85981e-12
1.42811e-11
-0.115947
-0.115947
-5.11964e-11
-1.84809e-11
2.07915e-11
1.74398e-11
1.65535e-11
4.09666e-11
-0.155225
-0.155225
1.11927e-10
7.01986e-11
3.00437e-11
4.41217e-11
-1.56372e-11
8.12626e-11
-0.210728
-0.210728
9.53288e-12
1.15626e-11
-0.163619
-0.163619
1.704e-11
1.72904e-11
-1.92996e-11
-1.90711e-11
-8.96839e-12
-6.23084e-14
-0.128181
-0.128181
-6.50764e-12
-6.74372e-12
-0.0839871
-0.0839871
5.21387e-12
-1.90596e-12
-0.117996
-0.117996
6.83815e-12
4.82813e-11
-3.61978e-11
-2.75612e-11
-3.3905e-11
6.30609e-11
-0.210323
-0.210323
-1.94579e-11
1.44375e-12
-0.172227
-0.172227
-7.40181e-11
-4.98435e-11
3.76372e-12
2.34134e-11
-6.83557e-11
5.46773e-11
-0.210522
-0.210522
-1.96004e-11
2.13842e-11
-0.143966
-0.143966
-2.99495e-11
-2.14533e-11
-1.57818e-11
-3.49238e-11
-2.77695e-12
-6.69252e-12
-0.0787485
-0.0787485
8.61399e-12
-4.65945e-12
-0.045346
-0.045346
-1.33419e-11
1.91687e-11
2.92398e-11
4.497e-11
-5.96902e-12
1.34581e-12
-0.0612873
-0.0612873
-7.88017e-12
-1.87377e-11
-2.13922e-12
-1.55615e-13
-7.77156e-16
8.88178e-16
-7.77156e-16
8.88178e-16
4.29202e-12
-2.74351e-11
-0.0253004
-0.0253004
1.97321e-11
-8.37662e-13
-0.0514243
-0.0514243
1.3447e-11
5.14367e-12
-0.057871
-0.057871
3.25119e-12
-1.56705e-11
-0.0282089
-0.0282089
-7.77156e-16
8.88178e-16
-7.77156e-16
8.88178e-16
-1.28526e-11
-1.44023e-11
-0.0263598
-0.0263598
7.76156e-12
3.20526e-12
-0.0139063
-0.0139063
-7.77156e-16
8.88178e-16
-7.77156e-16
8.88178e-16
5.68746e-12
7.12548e-12
-0.0391906
-0.0391906
-7.77156e-16
8.88178e-16
-7.77156e-16
8.88178e-16
-1.16627e-11
-6.05185e-12
-0.0723879
-0.0723879
-1.08536e-12
6.04281e-12
-0.0985964
-0.0985964
2.90172e-11
1.0042e-11
-0.115947
-0.115947
-7.77156e-16
8.88178e-16
-7.77156e-16
8.88178e-16
2.49241e-11
7.52496e-12
-0.155225
-0.155225
-7.77156e-16
8.88178e-16
-7.77156e-16
8.88178e-16
4.14881e-11
4.79219e-12
-0.210728
-0.210728
9.11527e-12
2.23881e-11
-0.163619
-0.163619
-7.77156e-16
8.88178e-16
-7.77156e-16
8.88178e-16
-1.31479e-11
1.17301e-11
-0.128181
-0.128181
-9.06007e-12
6.30572e-11
-0.0839871
-0.0839871
-3.65674e-11
-9.10899e-12
-0.117996
-0.117996
-7.77156e-16
8.88178e-16
-7.77156e-16
8.88178e-16
-6.78795e-11
5.408e-11
-0.210323
-0.210323
4.67505e-12
4.07e-11
-0.172227
-0.172227
-7.77156e-16
8.88178e-16
-7.77156e-16
8.88178e-16
6.03249e-11
-4.39972e-11
-0.210522
-0.210522
3.11969e-11
-4.63658e-11
-0.143966
-0.143966
-7.77156e-16
8.88178e-16
-7.77156e-16
8.88178e-16
3.02083e-11
2.26412e-11
-0.0787485
-0.0787485
-9.22557e-12
2.79188e-11
-0.045346
-0.045346
-7.77156e-16
8.88178e-16
-7.77156e-16
8.88178e-16
3.0244e-11
1.81678e-11
-0.0612873
-0.0612873
-7.77156e-16
8.88178e-16
-7.77156e-16
8.88178e-16
-7.91656e-12
8.2995e-11
0.312707
0.312707
-1.6534e-10
2.94893e-10
-3.35975e-10
1.92622e-10
8.88178e-16
-7.77156e-16
8.88178e-16
-7.77156e-16
0.375796
0.375796
1.44764e-10
-1.44308e-11
9.768e-12
3.41559e-11
-0.312583
-0.312583
-1.00761e-10
-5.12424e-11
0.475753
0.475753
-1.07674e-10
4.74783e-11
-1.24145e-10
9.06424e-11
8.88178e-16
-7.77156e-16
8.88178e-16
-7.77156e-16
0.522174
0.522174
-8.17587e-12
-6.48055e-13
-8.25945e-11
7.13892e-11
-0.475723
-0.475723
3.50421e-10
-7.28291e-11
0.605045
0.605045
1.71351e-10
-3.90902e-11
-1.94436e-10
2.1818e-10
8.88178e-16
-7.77156e-16
8.88178e-16
-7.77156e-16
0.663015
0.663015
1.13421e-09
-4.50318e-10
-2.43597e-10
-1.67237e-10
-0.605038
-0.605038
9.68092e-11
1.01419e-10
0.312707
0.312707
-5.20897e-11
3.24088e-11
-1.49158e-10
-1.05582e-10
0.375796
0.375796
6.8121e-12
-7.69056e-12
7.69736e-11
1.35982e-10
-0.312583
-0.312583
-4.74119e-11
-1.41761e-10
0.475753
0.475753
8.81327e-11
1.60377e-10
-9.05011e-11
1.93675e-12
0.522174
0.522174
-2.0937e-10
7.33284e-11
-4.96745e-11
-2.00896e-12
-0.475723
-0.475723
-1.64616e-10
-1.23188e-10
0.605045
0.605045
9.60185e-12
8.31836e-11
-4.70245e-10
2.08023e-10
0.663015
0.663015
-9.12316e-10
8.76727e-10
-2.64715e-10
-1.17056e-10
-0.605038
-0.605038
9.4133e-11
7.06288e-11
0.312707
0.312707
-8.88178e-16
7.77156e-16
-8.88178e-16
7.77156e-16
0.375796
0.375796
-6.20321e-12
-1.18748e-11
5.6568e-11
1.80759e-10
-0.312583
-0.312583
-2.19227e-11
-9.21723e-12
0.475753
0.475753
-8.88178e-16
7.77156e-16
-8.88178e-16
7.77156e-16
0.522174
0.522174
-1.22385e-10
-1.2312e-11
1.50182e-12
8.42124e-11
-0.475723
-0.475723
-5.64155e-10
-6.61253e-11
0.605045
0.605045
-8.88178e-16
7.77156e-16
-8.88178e-16
7.77156e-16
0.663015
0.663015
-1.73261e-09
1.26741e-09
-3.05502e-10
6.12752e-12
-0.605038
-0.605038
6.77773e-11
-2.16841e-10
1.89983e-10
-1.82095e-10
8.88178e-16
-7.77156e-16
8.88178e-16
-7.77156e-16
0.37577
0.37577
-1.66642e-11
-1.37055e-11
2.52329e-11
-1.00739e-10
-0.312672
-0.312672
1.48418e-11
7.61135e-11
2.70709e-11
6.19565e-11
8.88178e-16
-7.77156e-16
8.88178e-16
-7.77156e-16
0.522167
0.522167
-3.63263e-11
-1.26722e-11
-4.41542e-11
5.06828e-11
-0.475741
-0.475741
-2.89604e-10
-1.2462e-10
-8.99218e-11
-5.14206e-11
8.88178e-16
-7.77156e-16
8.88178e-16
-7.77156e-16
0.663015
0.663015
-3.94437e-10
2.99915e-10
-2.56902e-10
-1.06565e-10
-0.605042
-0.605042
3.54101e-11
-9.24079e-11
1.30184e-10
6.54062e-11
0.37577
0.37577
1.63078e-10
-5.66024e-11
1.67155e-11
2.78939e-11
-0.312672
-0.312672
2.29365e-11
-2.0088e-11
1.2471e-10
1.10493e-10
0.522167
0.522167
1.43646e-10
-3.42238e-11
1.48817e-11
-6.93982e-11
-0.475741
-0.475741
-3.05772e-10
3.07575e-11
9.71463e-11
1.6501e-10
0.663015
0.663015
-1.93649e-10
-2.11489e-10
1.9558e-10
-6.12173e-11
-0.605042
-0.605042
-8.88178e-16
7.77156e-16
-8.88178e-16
7.77156e-16
0.37577
0.37577
1.40799e-10
2.87679e-12
1.01796e-11
1.33742e-11
-0.312672
-0.312672
-8.88178e-16
7.77156e-16
-8.88178e-16
7.77156e-16
0.522167
0.522167
2.71523e-10
-5.18574e-11
6.12597e-11
-5.1459e-11
-0.475741
-0.475741
-8.88178e-16
7.77156e-16
-8.88178e-16
7.77156e-16
0.663015
0.663015
-6.82713e-10
1.32196e-09
-6.33268e-10
-8.61883e-11
-0.605042
-0.605042
8.94119e-11
4.45649e-11
-1.83508e-11
-1.10793e-11
8.88178e-16
-7.77156e-16
8.88178e-16
-7.77156e-16
0.375824
0.375824
-4.16418e-11
1.167e-10
-1.05603e-10
-1.81051e-11
-0.31277
-0.31277
-3.77607e-11
-4.8527e-11
-1.76957e-10
1.04087e-10
8.88178e-16
-7.77156e-16
8.88178e-16
-7.77156e-16
0.522185
0.522185
-1.04467e-10
7.95863e-11
5.22153e-11
5.32495e-11
-0.475765
-0.475765
-2.42338e-10
-3.68308e-11
-7.65925e-11
-2.11904e-11
8.88178e-16
-7.77156e-16
8.88178e-16
-7.77156e-16
0.663015
0.663015
-7.46125e-10
-7.10831e-11
3.26319e-10
1.02536e-10
-0.605048
-0.605048
1.00666e-10
-1.18993e-10
3.25507e-11
1.12273e-10
0.375824
0.375824
1.6637e-10
-1.40451e-10
-6.63008e-11
3.96815e-11
-0.31277
-0.31277
5.31314e-11
-1.72792e-10
8.16446e-11
-4.03282e-11
0.522185
0.522185
1.46618e-10
-1.05571e-10
3.05381e-11
-1.02741e-10
-0.475765
-0.475765
-6.84794e-10
-1.98415e-10
2.63608e-10
-3.99792e-11
0.663015
0.663015
7.39341e-10
-6.15549e-10
5.64437e-11
-5.21462e-12
-0.605048
-0.605048
-8.88178e-16
7.77156e-16
-8.88178e-16
7.77156e-16
0.375824
0.375824
6.92308e-11
-4.22616e-11
6.36199e-12
-3.12149e-11
-0.31277
-0.31277
-8.88178e-16
7.77156e-16
-8.88178e-16
7.77156e-16
0.522185
0.522185
1.20346e-10
8.5387e-11
8.72764e-12
-1.79378e-10
-0.475765
-0.475765
-8.88178e-16
7.77156e-16
-8.88178e-16
7.77156e-16
0.663015
0.663015
-1.67155e-09
2.56709e-09
-1.21596e-09
-1.93118e-10
-0.605048
-0.605048
5.29814e-12
1.39266e-10
0.312607
0.312607
-1.01049e-10
1.18873e-10
-6.86347e-11
2.19591e-10
8.88178e-16
-7.77156e-16
8.88178e-16
-7.77156e-16
0.375791
0.375791
9.19716e-11
-5.64265e-11
-1.64274e-11
-2.97516e-11
0.475725
0.475725
-3.43028e-11
-3.5439e-11
6.74156e-11
-1.77147e-11
8.88178e-16
-7.77156e-16
8.88178e-16
-7.77156e-16
0.522174
0.522174
1.29154e-10
1.3939e-11
7.18966e-10
-3.86976e-11
0.605039
0.605039
5.58518e-10
-7.2125e-11
-8.57462e-11
1.21649e-10
8.88178e-16
-7.77156e-16
8.88178e-16
-7.77156e-16
0.663015
0.663015
1.83658e-09
-1.28494e-09
4.27157e-11
1.7286e-10
0.312607
0.312607
9.15605e-11
1.8579e-10
-1.71029e-10
2.13029e-10
0.375791
0.375791
6.69433e-11
-9.09191e-11
-1.02867e-10
-2.04645e-11
0.475725
0.475725
-6.8758e-11
-1.26371e-11
4.11201e-11
1.02871e-10
0.522174
0.522174
6.10075e-11
-1.46372e-11
1.19635e-10
-2.79565e-11
0.605039
0.605039
-7.0949e-10
-5.61417e-11
3.24191e-10
9.03472e-11
0.663015
0.663015
6.46567e-10
-2.09921e-10
-1.42885e-11
2.26608e-10
0.312607
0.312607
-8.88178e-16
7.77156e-16
-8.88178e-16
7.77156e-16
0.375791
0.375791
1.34553e-10
-1.51667e-10
1.0788e-10
6.73952e-11
0.475725
0.475725
-8.88178e-16
7.77156e-16
-8.88178e-16
7.77156e-16
0.522174
0.522174
5.65547e-11
1.35166e-10
4.2506e-11
2.14703e-10
0.605039
0.605039
-8.88178e-16
7.77156e-16
-8.88178e-16
7.77156e-16
0.663015
0.663015
-1.15723e-09
2.24041e-09
-1.17474e-10
4.24873e-11
0.312639
0.312639
-2.01908e-10
3.10787e-10
-3.84818e-10
2.80163e-10
8.88178e-16
-7.77156e-16
8.88178e-16
-7.77156e-16
0.375766
0.375766
2.80494e-11
-1.06611e-10
-7.23262e-11
-5.02425e-12
0.475735
0.475735
-1.1455e-10
-7.74639e-11
-3.17943e-11
4.15388e-12
8.88178e-16
-7.77156e-16
8.88178e-16
-7.77156e-16
0.522165
0.522165
4.98735e-11
-1.58358e-10
5.17282e-10
-1.73995e-11
0.605041
0.605041
3.35854e-10
-1.78041e-10
9.17184e-11
-5.95145e-11
8.88178e-16
-7.77156e-16
8.88178e-16
-7.77156e-16
0.663015
0.663015
2.0935e-09
-2.37936e-09
9.72542e-11
-6.86638e-11
0.312639
0.312639
7.39869e-11
1.41197e-10
4.51444e-11
4.96007e-11
0.375766
0.375766
-4.63503e-11
-1.74015e-10
-5.25981e-11
-1.26202e-10
0.475735
0.475735
4.20426e-11
-6.70929e-11
-2.243e-10
-2.01887e-10
0.522165
0.522165
-1.77018e-10
-9.73177e-11
1.26164e-10
3.25162e-11
0.605041
0.605041
-2.3193e-10
-1.94923e-11
-2.81552e-10
-2.95672e-10
0.663015
0.663015
7.18797e-10
-9.19147e-10
1.22078e-10
-1.03722e-11
0.312639
0.312639
-8.88178e-16
7.77156e-16
-8.88178e-16
7.77156e-16
0.375766
0.375766
6.27387e-11
-1.16435e-10
1.17901e-10
-1.78473e-10
0.475735
0.475735
-8.88178e-16
7.77156e-16
-8.88178e-16
7.77156e-16
0.522165
0.522165
-1.74246e-10
-1.15561e-10
-4.38552e-10
-3.50582e-11
0.605041
0.605041
-8.88178e-16
7.77156e-16
-8.88178e-16
7.77156e-16
0.663015
0.663015
-2.21133e-09
1.19436e-09
4.40163e-11
-8.6151e-11
0.31277
0.31277
1.36676e-10
-6.57196e-11
2.24571e-10
-1.61714e-11
8.88178e-16
-7.77156e-16
8.88178e-16
-7.77156e-16
0.375827
0.375827
4.1369e-11
-1.15173e-10
1.32017e-11
-1.54662e-10
0.475765
0.475765
-5.46782e-11
-1.79815e-10
-2.19075e-11
-1.20009e-10
8.88178e-16
-7.77156e-16
8.88178e-16
-7.77156e-16
0.522184
0.522184
6.20914e-11
-2.02604e-10
3.01745e-10
-2.46805e-11
0.605048
0.605048
2.37442e-10
-5.16058e-11
-4.89291e-11
-6.93629e-11
8.88178e-16
-7.77156e-16
8.88178e-16
-7.77156e-16
0.663015
0.663015
1.29719e-09
-1.66608e-09
7.85413e-11
-1.33191e-10
0.31277
0.31277
1.20275e-10
-1.47646e-10
4.12351e-10
-3.45016e-10
0.375827
0.375827
1.19623e-11
-8.23638e-11
-4.84638e-11
1.74892e-11
0.475765
0.475765
8.39263e-12
2.83156e-11
3.71032e-11
8.64536e-11
0.522184
0.522184
-4.95611e-11
1.20031e-10
2.96503e-10
3.65342e-11
0.605048
0.605048
-2.6056e-10
-1.02114e-10
-9.96311e-11
4.75139e-11
0.663015
0.663015
3.67392e-10
-1.34605e-10
9.87127e-11
-1.03659e-10
0.31277
0.31277
-8.88178e-16
7.77156e-16
-8.88178e-16
7.77156e-16
0.375827
0.375827
-4.13453e-11
-1.06036e-10
-1.64752e-11
-3.26585e-11
0.475765
0.475765
-8.88178e-16
7.77156e-16
-8.88178e-16
7.77156e-16
0.522184
0.522184
-1.17974e-10
-2.16563e-11
-9.59139e-10
-1.57765e-10
0.605048
0.605048
-8.88178e-16
7.77156e-16
-8.88178e-16
7.77156e-16
0.663015
0.663015
-1.85001e-09
1.06091e-09
-8.88178e-16
7.77156e-16
-8.88178e-16
7.77156e-16
-0.663015
-0.663015
-1.96726e-09
2.72916e-09
-5.61993e-10
-1.34811e-10
6.82644e-11
2.20158e-10
0.522185
0.522185
-5.83557e-11
1.51286e-10
2.77033e-10
1.50446e-09
-0.605042
-0.605042
-8.88178e-16
7.77156e-16
-8.88178e-16
7.77156e-16
-1.36391e-10
9.21851e-11
1.21312e-11
8.17506e-11
0.375824
0.375824
3.71589e-11
-1.50546e-10
5.78232e-11
1.96356e-10
-0.475741
-0.475741
-8.88178e-16
7.77156e-16
-8.88178e-16
7.77156e-16
-9.37231e-11
-6.78427e-12
2.25603e-10
-2.46512e-10
-6.00084e-12
-5.61397e-11
-0.312672
-0.312672
-0.663015
-0.663015
8.01262e-10
-3.31649e-10
-6.76811e-11
-4.48342e-11
8.62101e-12
-2.49272e-11
0.522185
0.522185
7.91128e-11
-6.13747e-11
7.55029e-11
3.39704e-11
-0.605042
-0.605042
3.2505e-11
-2.25403e-10
9.73862e-11
-8.4224e-11
0.375824
0.375824
-9.12501e-11
-1.75893e-11
8.92575e-11
6.14843e-11
-0.475741
-0.475741
9.14413e-11
-9.40667e-12
2.61261e-10
-2.32883e-11
9.21936e-12
-3.91007e-12
-0.312672
-0.312672
-0.663015
-0.663015
3.183e-10
2.98066e-10
8.88178e-16
-7.77156e-16
8.88178e-16
-7.77156e-16
0.522185
0.522185
-5.07213e-11
1.0677e-10
6.42709e-11
2.15003e-10
-0.605042
-0.605042
8.88178e-16
-7.77156e-16
8.88178e-16
-7.77156e-16
0.375824
0.375824
1.19116e-10
-5.12695e-11
1.40125e-10
-1.46338e-11
-0.475741
-0.475741
8.88178e-16
-7.77156e-16
8.88178e-16
-7.77156e-16
9.23833e-11
-2.33257e-11
-0.312672
-0.312672
-8.88178e-16
7.77156e-16
-8.88178e-16
7.77156e-16
-0.663015
-0.663015
-2.79186e-09
1.90591e-09
-3.73932e-11
-1.35321e-11
-4.8592e-10
2.93682e-10
0.522167
0.522167
-1.7284e-10
2.28663e-11
1.38343e-10
9.06066e-10
-0.605038
-0.605038
-8.88178e-16
7.77156e-16
-8.88178e-16
7.77156e-16
-1.65956e-10
-2.76455e-11
-2.10809e-10
9.48262e-11
0.37577
0.37577
1.40657e-10
-1.93915e-10
9.35666e-11
6.40558e-11
-0.475723
-0.475723
-8.88178e-16
7.77156e-16
-8.88178e-16
7.77156e-16
-1.19224e-10
2.06371e-11
-4.56986e-11
7.67314e-11
-1.32071e-10
3.35293e-12
-0.312583
-0.312583
-0.663015
-0.663015
4.34447e-10
1.6876e-10
-1.48352e-09
-2.73367e-10
6.07072e-10
-1.88052e-10
0.522167
0.522167
4.48344e-12
1.19081e-10
1.09337e-10
4.77517e-10
-0.605038
-0.605038
-2.71739e-10
-1.92754e-10
1.76923e-11
-1.35947e-10
0.37577
0.37577
2.94234e-11
1.89413e-11
-1.73495e-11
2.41049e-10
-0.475723
-0.475723
-1.12805e-11
1.348e-10
-1.71947e-10
2.14166e-10
-4.84288e-11
1.2377e-10
-0.312583
-0.312583
-0.663015
-0.663015
-2.42406e-12
9.78761e-10
8.88178e-16
-7.77156e-16
8.88178e-16
-7.77156e-16
0.522167
0.522167
-3.28432e-12
1.04381e-10
2.96837e-10
8.56845e-10
-0.605038
-0.605038
8.88178e-16
-7.77156e-16
8.88178e-16
-7.77156e-16
0.37577
0.37577
-2.9371e-11
-3.56545e-11
-2.83257e-11
3.1738e-10
-0.475723
-0.475723
8.88178e-16
-7.77156e-16
8.88178e-16
-7.77156e-16
-1.64982e-10
4.94103e-11
-0.312583
-0.312583
-8.88178e-16
7.77156e-16
-8.88178e-16
7.77156e-16
-0.663015
-0.663015
-1.93282e-09
2.86544e-10
2.96133e-10
2.10733e-10
-6.34445e-10
-3.07922e-10
0.522174
0.522174
-1.46071e-10
-1.12383e-10
-2.22851e-10
-1.15838e-10
-0.605045
-0.605045
-8.88178e-16
7.77156e-16
-8.88178e-16
7.77156e-16
2.49702e-11
-1.4065e-10
-4.19323e-11
-2.09682e-11
0.375796
0.375796
1.00271e-10
-7.50677e-11
2.04952e-11
-1.43699e-10
-0.475753
-0.475753
-8.88178e-16
7.77156e-16
-8.88178e-16
7.77156e-16
7.21447e-11
-1.95771e-11
3.85308e-11
2.18759e-10
-1.66871e-11
-6.83638e-11
-0.312707
-0.312707
-0.663015
-0.663015
-1.06568e-09
8.2649e-10
-3.24473e-10
-1.87131e-10
-9.26468e-11
1.47117e-10
0.522174
0.522174
-1.86094e-10
1.02022e-10
-6.09025e-12
4.48205e-10
-0.605045
-0.605045
-1.85577e-10
-1.18726e-10
1.64394e-10
9.76074e-11
0.375796
0.375796
1.71604e-11
1.12201e-12
4.91693e-11
7.84064e-11
-0.475753
-0.475753
-1.2834e-10
1.8346e-10
-2.19721e-10
2.84479e-10
-1.34413e-11
9.66587e-11
-0.312707
-0.312707
-0.663015
-0.663015
-5.10483e-10
-9.96867e-10
8.88178e-16
-7.77156e-16
8.88178e-16
-7.77156e-16
0.522174
0.522174
-5.48657e-11
1.94725e-11
6.80232e-11
-3.8233e-10
-0.605045
-0.605045
8.88178e-16
-7.77156e-16
8.88178e-16
-7.77156e-16
0.375796
0.375796
1.60206e-10
-9.06018e-11
1.5276e-10
3.38265e-11
-0.475753
-0.475753
8.88178e-16
-7.77156e-16
8.88178e-16
-7.77156e-16
1.1417e-10
-2.30391e-11
-0.312707
-0.312707
-5.74977e-12
4.64623e-11
-2.01843e-10
9.14484e-11
-0.375791
-0.375791
-3.3508e-12
-8.02504e-11
8.88178e-16
-7.77156e-16
8.88178e-16
-7.77156e-16
-1.01443e-10
6.24784e-11
-0.312607
-0.312607
2.86516e-11
4.23788e-11
-2.0137e-10
-1.77576e-10
-0.522174
-0.522174
-1.34156e-10
-3.67162e-10
8.88178e-16
-7.77156e-16
8.88178e-16
-7.77156e-16
-1.0259e-10
-1.2489e-10
-0.475725
-0.475725
6.16286e-11
-2.0398e-11
-5.3935e-10
-1.98402e-10
-0.663015
-0.663015
1.19837e-09
-2.91441e-09
8.88178e-16
-7.77156e-16
8.88178e-16
-7.77156e-16
-1.91603e-10
-1.33147e-09
-0.605039
-0.605039
1.63183e-12
-1.34963e-10
-1.569e-10
5.23118e-11
-0.375791
-0.375791
-7.29537e-11
5.39526e-11
-6.73172e-11
1.89979e-10
-0.312607
-0.312607
3.75529e-11
1.07678e-11
-8.14863e-11
5.37301e-11
-0.522174
-0.522174
-2.19644e-10
3.2132e-12
-1.15569e-10
5.53033e-11
-0.475725
-0.475725
-6.17051e-11
1.89496e-10
4.46708e-10
1.1767e-10
-0.663015
-0.663015
-1.05842e-09
7.6747e-10
9.49151e-11
2.862e-10
-0.605039
-0.605039
-8.88178e-16
7.77156e-16
-8.88178e-16
7.77156e-16
-0.375791
-0.375791
7.38894e-11
-2.52393e-11
-7.81882e-11
-5.45291e-12
-0.312607
-0.312607
-8.88178e-16
7.77156e-16
-8.88178e-16
7.77156e-16
-0.522174
-0.522174
8.22372e-11
1.02244e-10
7.50931e-12
9.37023e-12
-0.475725
-0.475725
-8.88178e-16
7.77156e-16
-8.88178e-16
7.77156e-16
-0.663015
-0.663015
4.07527e-11
8.57097e-10
-7.64444e-12
3.89244e-10
-0.605039
-0.605039
-1.46991e-10
1.37221e-10
-1.93526e-10
2.56901e-10
-0.375766
-0.375766
-3.92019e-12
3.43129e-11
8.88178e-16
-7.77156e-16
8.88178e-16
-7.77156e-16
9.31207e-11
5.44197e-11
-0.312639
-0.312639
6.34144e-11
-4.88773e-12
1.8959e-10
1.45598e-10
-0.522165
-0.522165
2.74817e-10
-5.90433e-13
8.88178e-16
-7.77156e-16
8.88178e-16
-7.77156e-16
2.76192e-11
-1.06509e-11
-0.475735
-0.475735
1.23189e-10
7.50367e-11
2.5614e-10
8.18322e-11
-0.663015
-0.663015
2.39438e-09
-1.22605e-09
8.88178e-16
-7.77156e-16
8.88178e-16
-7.77156e-16
-5.42378e-12
-6.19756e-10
-0.605041
-0.605041
3.36443e-11
2.71975e-11
-3.78591e-11
-5.87997e-13
-0.375766
-0.375766
7.37576e-11
-3.38199e-11
1.6025e-10
-1.89525e-11
-0.312639
-0.312639
4.93237e-11
2.79833e-12
1.14944e-10
1.32086e-10
-0.522165
-0.522165
1.57431e-10
1.54812e-11
1.05302e-10
-3.05861e-11
-0.475735
-0.475735
6.62862e-11
1.21913e-10
1.31112e-10
1.33423e-12
-0.663015
-0.663015
7.29772e-11
-6.78724e-10
-4.63444e-11
-3.4369e-10
-0.605041
-0.605041
-8.88178e-16
7.77156e-16
-8.88178e-16
7.77156e-16
-0.375766
-0.375766
6.65318e-11
-8.66743e-11
5.4382e-11
3.12254e-11
-0.312639
-0.312639
-8.88178e-16
7.77156e-16
-8.88178e-16
7.77156e-16
-0.522165
-0.522165
8.18521e-11
4.80952e-11
1.67238e-10
1.7702e-12
-0.475735
-0.475735
-8.88178e-16
7.77156e-16
-8.88178e-16
7.77156e-16
-0.663015
-0.663015
-1.00888e-09
1.86663e-09
1.72936e-10
9.39846e-10
-0.605041
-0.605041
-4.07847e-14
6.30368e-11
-1.3868e-10
-4.54906e-11
-0.375827
-0.375827
-2.32846e-10
2.87225e-10
8.88178e-16
-7.77156e-16
8.88178e-16
-7.77156e-16
-8.62869e-12
2.50507e-11
-1.87413e-10
-3.20132e-11
-0.522184
-0.522184
4.05353e-11
-1.07636e-10
8.88178e-16
-7.77156e-16
8.88178e-16
-7.77156e-16
-1.11187e-10
-4.28287e-10
-3.81669e-10
7.72916e-11
-0.663015
-0.663015
1.4778e-09
-1.34639e-09
8.88178e-16
-7.77156e-16
8.88178e-16
-7.77156e-16
7.55739e-11
1.02254e-10
3.03956e-11
1.5612e-10
-0.375827
-0.375827
3.88064e-11
-1.67508e-10
1.19412e-10
-1.52109e-10
4.46109e-11
-1.25946e-10
-0.522184
-0.522184
-1.3921e-10
1.15779e-11
-5.37634e-11
1.52582e-11
-1.33503e-10
3.04364e-10
-0.663015
-0.663015
7.49472e-11
1.40271e-10
-8.88178e-16
7.77156e-16
-8.88178e-16
7.77156e-16
-0.375827
-0.375827
5.88428e-11
-1.30222e-13
-8.88178e-16
7.77156e-16
-8.88178e-16
7.77156e-16
-0.522184
-0.522184
-1.15531e-10
1.78656e-10
-8.88178e-16
7.77156e-16
-8.88178e-16
7.77156e-16
-0.663015
-0.663015
-2.40249e-09
2.76391e-09
-4.80443e-12
-1.12263e-11
1.412e-11
3.18686e-13
-0.0863969
-0.0863969
3.09375e-12
-6.78674e-12
2.95255e-12
9.06707e-12
-0.0972686
-0.0972686
-2.405e-12
-3.52092e-11
7.05947e-12
-4.45822e-12
-0.155597
-0.155597
3.01438e-11
2.95635e-11
-6.24576e-12
-1.47247e-11
-0.101885
-0.101885
8.72039e-11
3.52356e-11
1.20792e-12
1.92901e-12
-0.165351
-0.165351
-2.2487e-11
-3.29456e-11
-2.46236e-11
1.79824e-11
-0.156191
-0.156191
4.87652e-12
-1.17354e-11
1.05348e-11
7.26776e-12
-0.04975
-0.04975
-1.09923e-11
1.33003e-12
-1.49647e-12
7.88621e-12
-0.0744113
-0.0744113
-5.00107e-12
-9.52441e-13
-4.49191e-12
2.20927e-12
-0.0220273
-0.0220273
1.82721e-12
6.88313e-12
9.75836e-12
1.82817e-11
-0.0408825
-0.0408825
1.54629e-12
2.33519e-12
1.27436e-12
-8.91504e-12
-0.0184176
-0.0184176
-1.12062e-11
7.28291e-12
-3.8993e-12
9.12461e-12
-0.0383866
-0.0383866
-1.3065e-11
-3.08403e-12
-1.87296e-11
6.72061e-12
-0.0863969
-0.0863969
3.73854e-12
-9.41714e-12
7.63399e-12
-4.12774e-12
-0.0972686
-0.0972686
4.0287e-11
5.34907e-13
-6.9104e-12
-1.38093e-12
-0.155597
-0.155597
2.35486e-11
-1.22408e-11
-3.61058e-13
-1.72943e-11
-0.101885
-0.101885
3.79378e-11
-5.76952e-11
4.95858e-12
-1.30268e-11
-0.165351
-0.165351
2.67694e-12
1.94858e-11
7.65159e-12
1.38295e-11
-0.156191
-0.156191
-3.23601e-12
5.53385e-12
1.05739e-11
-1.19225e-12
-0.04975
-0.04975
-1.0789e-11
-4.34288e-12
-1.16344e-12
6.10016e-14
-0.0744113
-0.0744113
1.0515e-11
-7.29727e-12
-2.73603e-12
-4.12286e-12
-0.0220273
-0.0220273
-3.55955e-12
-3.01922e-12
3.24263e-12
-9.53289e-13
-0.0408825
-0.0408825
-5.42392e-12
4.05693e-12
-1.47199e-12
6.42281e-12
-0.0184176
-0.0184176
-1.40851e-11
-3.78922e-12
-6.20012e-12
4.56486e-12
-0.0383866
-0.0383866
-1.52896e-11
-9.69191e-12
-1.13848e-11
-1.03603e-11
-0.0863969
-0.0863969
1.11282e-11
-1.77547e-11
1.80394e-11
-1.54263e-11
-0.0972686
-0.0972686
-5.49855e-12
-1.0602e-11
5.98597e-12
-1.05793e-11
-0.155597
-0.155597
1.07835e-11
4.00393e-11
8.39658e-12
9.56989e-12
-0.101885
-0.101885
5.24522e-11
1.03376e-10
1.56159e-12
8.94707e-12
-0.165351
-0.165351
-3.47064e-11
-5.63215e-11
-9.16996e-12
4.01977e-12
-0.156191
-0.156191
1.65312e-11
-5.64962e-12
1.36154e-12
3.92264e-12
-0.04975
-0.04975
7.37435e-12
4.11512e-12
-1.167e-11
-4.2573e-12
-0.0744113
-0.0744113
-2.02762e-11
-1.69991e-12
-1.04936e-11
-1.22184e-11
-0.0220273
-0.0220273
-2.7243e-12
5.28313e-12
1.41133e-11
2.31977e-11
-0.0408825
-0.0408825
1.78155e-12
1.05909e-11
2.76039e-13
-2.41831e-11
-0.0184176
-0.0184176
-3.1843e-11
-2.7372e-12
-1.04377e-11
-7.2865e-12
-0.0383866
-0.0383866
-1.65909e-12
6.83667e-12
-1.7141e-11
-1.82944e-12
-0.0370257
-0.0370257
3.99638e-12
-5.98055e-12
1.04758e-11
-9.36026e-12
-0.0180151
-0.0180151
1.2626e-11
1.59841e-11
6.36959e-13
-2.79309e-12
-0.0212054
-0.0212054
6.45311e-12
8.41982e-12
1.26154e-12
8.85698e-12
-0.0809127
-0.0809127
-6.75313e-12
7.04259e-12
-4.74198e-12
3.95133e-12
-0.0779912
-0.0779912
8.17875e-12
6.48509e-12
-2.78022e-12
-1.12751e-12
-0.155707
-0.155707
1.23608e-11
-3.07231e-11
-8.31289e-13
-1.61976e-11
-0.101918
-0.101918
-7.3664e-11
-5.49114e-11
-3.98522e-12
-3.16615e-12
-0.165372
-0.165372
1.48402e-11
9.13927e-11
2.9933e-11
-1.33895e-12
-0.156101
-0.156101
-8.11475e-12
7.98795e-12
-1.84398e-12
5.36043e-12
-0.0613477
-0.0613477
-1.05842e-11
-6.36992e-12
-4.4824e-12
1.91699e-12
-0.0943909
-0.0943909
3.36791e-12
-1.16527e-11
4.67355e-12
-1.43062e-11
-0.0395216
-0.0395216
-1.96812e-14
-5.03661e-12
-6.53432e-12
-3.90077e-12
-0.0370257
-0.0370257
1.02818e-11
6.76453e-12
3.63976e-12
7.87409e-12
-0.0180151
-0.0180151
9.55644e-12
-1.12832e-11
5.3802e-12
4.46396e-12
-0.0212054
-0.0212054
1.23135e-11
1.18333e-12
1.88595e-11
1.91027e-11
-0.0809127
-0.0809127
2.18244e-11
1.27536e-11
2.43361e-12
5.03248e-12
-0.0779912
-0.0779912
-2.19094e-11
-1.73974e-11
3.01159e-11
1.59513e-11
-0.155707
-0.155707
1.07889e-11
-2.10837e-11
-2.096e-12
-1.67452e-11
-0.101918
-0.101918
3.56464e-12
-6.50909e-11
6.63113e-12
-9.28765e-12
-0.165372
-0.165372
-5.12614e-12
3.27625e-11
2.29547e-11
1.16929e-11
-0.156101
-0.156101
1.843e-12
3.94142e-13
-7.26502e-12
-1.64392e-11
-0.0613477
-0.0613477
3.09085e-12
-1.11534e-11
-9.0333e-12
6.98103e-12
-0.0943909
-0.0943909
-1.72243e-12
-5.43614e-13
8.45005e-12
9.01566e-13
-0.0395216
-0.0395216
-1.47624e-11
-1.23323e-12
-3.17443e-12
1.02058e-11
-0.0370257
-0.0370257
-1.41724e-11
-1.47643e-11
-1.49182e-11
-4.618e-12
-0.0180151
-0.0180151
8.77591e-12
8.42941e-12
-5.24683e-12
2.10043e-12
-0.0212054
-0.0212054
-1.33422e-11
-9.54571e-12
2.47688e-12
-1.00316e-11
-0.0809127
-0.0809127
-1.2916e-11
-1.66432e-11
1.15562e-12
-1.2777e-12
-0.0779912
-0.0779912
2.85313e-11
-1.37022e-11
-7.98861e-12
-9.05784e-12
-0.155707
-0.155707
-3.18313e-11
7.48603e-12
-6.78957e-12
5.17427e-12
-0.101918
-0.101918
-5.47883e-11
-1.11742e-12
7.24103e-12
-8.56746e-12
-0.165372
-0.165372
1.58262e-12
-2.02614e-11
-1.95555e-12
-5.34852e-11
-0.156101
-0.156101
1.09721e-11
2.00289e-11
-4.91298e-11
1.51464e-11
-0.0613477
-0.0613477
2.80615e-11
5.64976e-12
2.04302e-11
-4.31931e-11
-0.0943909
-0.0943909
-3.50722e-12
4.90257e-11
-2.19184e-11
-1.80777e-11
-0.0395216
-0.0395216
-6.12964e-12
-2.81779e-12
4.90343e-12
-1.57203e-11
-0.0863969
-0.0863969
-5.07843e-12
4.00537e-12
8.44462e-12
7.92728e-12
-0.0972686
-0.0972686
1.66777e-11
-2.6375e-11
-1.03923e-11
-9.30226e-12
-0.155597
-0.155597
2.64332e-12
1.60135e-11
-1.98267e-12
4.40335e-12
-0.101885
-0.101885
4.66493e-11
4.60914e-11
-1.67822e-12
1.63034e-11
-0.165351
-0.165351
-2.93342e-11
-3.80422e-11
-1.24901e-11
2.11251e-11
-0.156191
-0.156191
9.01575e-12
-2.64961e-11
1.28311e-11
-6.87756e-12
-0.04975
-0.04975
-1.45567e-11
-1.12053e-11
2.0217e-12
1.26224e-12
-0.0744113
-0.0744113
-1.2003e-11
1.18237e-11
-2.06277e-12
2.15701e-12
-0.0220273
-0.0220273
3.32906e-12
1.86662e-14
4.39709e-12
3.00001e-12
-0.0408825
-0.0408825
-8.76111e-12
-2.02699e-12
4.76188e-12
-1.55741e-11
-0.0184176
-0.0184176
5.20712e-12
1.16771e-11
7.92071e-13
-9.60215e-12
-0.0383866
-0.0383866
-7.33903e-12
-1.97193e-12
6.17823e-12
4.03509e-12
-0.0863969
-0.0863969
2.02594e-12
-4.1533e-12
5.2944e-12
1.59109e-12
-0.0972686
-0.0972686
1.69996e-12
-2.45804e-11
-4.22242e-13
-1.34375e-12
-0.155597
-0.155597
-8.62419e-12
-6.90879e-12
-3.69753e-12
3.86651e-12
-0.101885
-0.101885
-1.74363e-11
-1.27265e-11
-7.78521e-12
-4.80414e-12
-0.165351
-0.165351
1.24992e-11
-6.15146e-12
-1.93383e-11
-2.20004e-11
-0.156191
-0.156191
6.72603e-13
2.25386e-11
-9.95429e-12
-1.427e-12
-0.04975
-0.04975
1.23081e-11
3.27055e-11
2.29748e-12
1.96911e-12
-0.0744113
-0.0744113
5.4335e-12
3.83418e-12
-9.22787e-13
7.50536e-12
-0.0220273
-0.0220273
-6.59398e-13
-2.33516e-12
1.42605e-11
5.66675e-12
-0.0408825
-0.0408825
-3.88559e-12
-4.73717e-12
-3.97454e-12
-3.89376e-12
-0.0184176
-0.0184176
-4.61879e-12
-3.69313e-12
6.26204e-12
3.43959e-12
-0.0383866
-0.0383866
-6.14026e-12
2.27394e-12
2.14345e-12
1.64098e-11
-0.0863969
-0.0863969
5.02501e-12
-1.41415e-11
1.24809e-12
-3.44913e-12
-0.0972686
-0.0972686
-2.87892e-11
-1.30442e-11
5.59735e-12
-8.59056e-13
-0.155597
-0.155597
-3.03297e-12
7.69733e-12
1.29465e-11
4.81074e-12
-0.101885
-0.101885
-1.5393e-12
5.08403e-11
-5.79528e-12
1.09792e-11
-0.165351
-0.165351
-4.30452e-12
-2.5604e-11
-1.85109e-11
4.66006e-12
-0.156191
-0.156191
1.89341e-11
5.65934e-12
-4.7112e-12
-1.2333e-11
-0.04975
-0.04975
8.29342e-12
7.66404e-12
-1.00904e-13
6.06468e-12
-0.0744113
-0.0744113
9.18591e-13
9.81208e-12
4.42503e-12
-1.85298e-12
-0.0220273
-0.0220273
5.58269e-12
1.50482e-11
1.21561e-11
2.04011e-11
-0.0408825
-0.0408825
1.84578e-11
6.92324e-12
2.31728e-12
-1.58054e-11
-0.0184176
-0.0184176
-1.6145e-11
-7.23723e-12
2.83414e-13
2.56768e-12
-0.0383866
-0.0383866
-2.35258e-12
1.20777e-11
-1.09393e-11
6.63556e-13
-0.0370257
-0.0370257
-1.50689e-11
-2.60402e-12
-2.04636e-12
-3.2355e-12
-0.0180151
-0.0180151
2.55666e-12
1.61542e-11
-6.03423e-12
-1.04921e-11
-0.0212054
-0.0212054
-1.05407e-11
-3.51465e-12
-6.92193e-12
8.62004e-12
-0.0809127
-0.0809127
-6.45176e-12
-2.55548e-12
2.16853e-12
-1.18918e-12
-0.0779912
-0.0779912
-9.62519e-12
-6.5059e-12
-1.22179e-11
-8.45774e-12
-0.155707
-0.155707
2.07578e-12
-3.75554e-11
3.81999e-12
-1.94766e-11
-0.101918
-0.101918
-7.52877e-11
-2.24313e-11
2.23761e-12
-1.60237e-11
-0.165372
-0.165372
3.05006e-11
8.5535e-11
3.21488e-11
-2.29952e-12
-0.156101
-0.156101
5.8445e-12
1.25009e-11
4.74549e-12
-6.71148e-12
-0.0613477
-0.0613477
9.80148e-12
2.87241e-12
-6.59296e-12
2.77432e-13
-0.0943909
-0.0943909
-2.77246e-12
-8.01847e-13
-5.02946e-12
5.82695e-12
-0.0395216
-0.0395216
5.73021e-12
-3.35999e-12
7.78096e-12
-6.98632e-12
-0.0370257
-0.0370257
5.6027e-12
1.98209e-11
9.85214e-13
2.34226e-11
-0.0180151
-0.0180151
-1.10472e-11
-1.83886e-11
8.7931e-15
1.24563e-11
-0.0212054
-0.0212054
5.26243e-12
4.018e-12
3.28556e-14
2.26825e-12
-0.0809127
-0.0809127
-1.65843e-11
5.29885e-12
-1.3676e-11
-5.01337e-12
-0.0779912
-0.0779912
9.04875e-12
2.5898e-11
9.36355e-12
-9.72574e-12
-0.155707
-0.155707
1.12502e-11
-7.9628e-12
2.28708e-11
-1.08748e-11
-0.101918
-0.101918
-1.61299e-11
3.51327e-11
1.36739e-11
2.19066e-11
-0.165372
-0.165372
-1.37045e-11
1.65951e-11
3.05357e-11
3.42274e-11
-0.156101
-0.156101
2.4617e-12
-7.78363e-12
8.93654e-12
-4.8804e-12
-0.0613477
-0.0613477
-2.6523e-12
-1.95269e-11
-1.29136e-11
7.12854e-12
-0.0943909
-0.0943909
-2.35766e-13
-1.39938e-12
5.83124e-12
8.36863e-12
-0.0395216
-0.0395216
-1.45298e-11
-5.41943e-12
-1.56607e-12
7.47651e-12
-0.0370257
-0.0370257
-6.44741e-12
-1.05107e-11
-3.86606e-12
1.62697e-12
-0.0180151
-0.0180151
-3.15476e-12
-6.78299e-12
1.10877e-12
7.13191e-13
-0.0212054
-0.0212054
-1.19039e-11
-4.46838e-12
-7.91409e-12
-2.08331e-11
-0.0809127
-0.0809127
-2.21847e-11
-9.71243e-12
-1.07589e-11
-1.11971e-11
-0.0779912
-0.0779912
4.03173e-11
1.61031e-11
-2.09685e-11
-1.88016e-11
-0.155707
-0.155707
-3.67311e-11
1.73775e-11
-1.13883e-11
1.06446e-11
-0.101918
-0.101918
-2.73494e-11
3.02882e-11
-2.76769e-12
5.63537e-12
-0.165372
-0.165372
-5.99581e-12
-5.94895e-11
-1.89616e-11
-5.35381e-11
-0.156101
-0.156101
9.56919e-12
1.22379e-11
-5.22463e-11
2.06211e-11
-0.0613477
-0.0613477
3.58863e-11
1.0795e-11
2.11295e-11
-4.0057e-11
-0.0943909
-0.0943909
-1.89591e-12
3.47623e-11
-2.64839e-11
-2.14017e-11
-0.0395216
-0.0395216
3.24837e-12
-8.43007e-11
-0.297837
-0.297837
1.41834e-10
8.01867e-13
-2.52782e-11
1.53423e-11
-0.452997
-0.452997
7.59708e-11
-6.00594e-11
-6.01406e-10
-1.55465e-10
-0.596856
-0.596856
1.45067e-10
-2.39969e-11
5.24356e-11
1.01455e-10
-0.297837
-0.297837
-3.89592e-11
2.3637e-11
-3.42039e-11
4.14309e-11
-0.452997
-0.452997
-1.81563e-10
5.2917e-11
2.62644e-10
5.56325e-11
-0.596856
-0.596856
-4.32756e-10
3.01574e-10
1.39873e-10
7.33794e-11
-0.297837
-0.297837
4.58843e-11
-9.04525e-11
1.74683e-11
5.86347e-11
-0.452997
-0.452997
-7.61534e-11
-3.00082e-11
6.32116e-10
1.5436e-10
-0.596856
-0.596856
-4.45657e-10
2.27083e-10
-6.35741e-11
4.93713e-11
-0.297776
-0.297776
-9.46603e-11
7.02934e-11
2.38822e-11
-1.70093e-11
-0.452985
-0.452985
6.90045e-11
-8.27541e-11
-4.21739e-11
-5.55758e-11
-0.596853
-0.596853
-1.68135e-10
6.4306e-11
-9.99902e-11
1.58816e-10
-0.297776
-0.297776
-2.06383e-11
6.35754e-11
-9.21892e-11
5.63848e-11
-0.452985
-0.452985
9.89054e-11
6.72061e-11
-5.41782e-11
-9.781e-13
-0.596853
-0.596853
8.71125e-12
1.90998e-11
-1.4373e-11
2.66005e-11
-0.297776
-0.297776
5.58783e-11
3.23661e-11
2.11711e-11
-5.49633e-11
-0.452985
-0.452985
2.79318e-10
-1.23076e-11
4.13029e-10
8.5165e-11
-0.596853
-0.596853
1.22059e-10
2.05874e-10
-2.177e-11
-2.80015e-12
-0.297828
-0.297828
-7.49366e-11
3.49041e-11
4.95849e-11
1.71728e-11
-0.453012
-0.453012
-1.25491e-11
7.8393e-11
1.94446e-10
5.02692e-11
-0.596861
-0.596861
-2.90278e-10
3.14926e-11
-1.50408e-10
-5.43456e-12
-0.297828
-0.297828
-9.26557e-12
-3.9692e-11
-1.39412e-10
9.79271e-11
-0.453012
-0.453012
-5.66861e-12
6.07113e-11
-2.77813e-10
-1.0827e-10
-0.596861
-0.596861
2.3638e-10
-2.38549e-10
-4.07982e-11
1.42308e-11
-0.297828
-0.297828
1.49906e-11
6.35428e-12
-8.28574e-11
3.44637e-11
-0.453012
-0.453012
-2.25084e-11
1.72031e-10
6.98431e-10
8.68685e-11
-0.596861
-0.596861
-1.80642e-10
5.25012e-10
-2.30654e-11
9.32321e-11
-0.297823
-0.297823
5.86986e-11
-4.08762e-11
-1.02282e-10
1.71667e-11
-0.452996
-0.452996
4.60131e-11
1.53893e-11
-6.77104e-10
-1.45249e-10
-0.596856
-0.596856
3.492e-10
-1.46995e-10
9.05074e-13
1.54656e-10
-0.297823
-0.297823
1.65524e-11
3.52603e-12
-1.23033e-10
3.24922e-12
-0.452996
-0.452996
3.59092e-11
5.0917e-11
-3.07032e-10
-1.26628e-10
-0.596856
-0.596856
1.96115e-10
-3.701e-11
3.15345e-11
2.16476e-11
-0.297823
-0.297823
1.60516e-10
-8.75068e-11
3.41288e-11
1.9605e-10
-0.452996
-0.452996
-4.08293e-12
6.77901e-11
1.07891e-09
1.71926e-10
-0.596856
-0.596856
7.59066e-14
4.95997e-10
6.68372e-11
-8.64169e-11
-0.29777
-0.29777
2.07606e-10
-1.65135e-10
-1.69717e-10
7.48735e-11
-0.452982
-0.452982
-5.2333e-11
-6.23768e-12
-1.02915e-09
-2.27603e-10
-0.596852
-0.596852
3.96646e-10
-4.97452e-10
5.88743e-11
8.68828e-12
-0.29777
-0.29777
-7.95029e-11
-1.75561e-10
-1.61037e-10
9.948e-11
-0.452982
-0.452982
-2.73297e-10
-4.16687e-11
-4.86071e-10
-1.3207e-10
-0.596852
-0.596852
4.56089e-11
-2.60232e-10
3.84018e-11
1.95461e-11
-0.29777
-0.29777
-1.6259e-11
-1.47414e-10
1.23734e-10
3.70722e-11
-0.452982
-0.452982
-1.51996e-10
-1.30901e-10
1.09007e-09
2.50683e-10
-0.596852
-0.596852
-5.79209e-10
2.55165e-11
-7.5414e-11
-2.92081e-11
-0.29784
-0.29784
-7.14663e-11
-1.44695e-10
-3.22529e-11
-1.23308e-10
-0.453011
-0.453011
2.15356e-11
-2.30244e-10
-6.66408e-10
-1.13335e-10
-0.59686
-0.59686
2.33712e-10
-3.97599e-10
-1.33791e-10
1.04496e-10
-0.29784
-0.29784
-1.9898e-10
1.51892e-10
-1.04206e-11
1.90812e-11
-0.453011
-0.453011
-5.42093e-12
6.61449e-11
-6.36061e-11
1.90745e-11
-0.59686
-0.59686
-6.44012e-12
8.65898e-11
1.65662e-11
2.82087e-11
-0.29784
-0.29784
-1.21216e-10
2.66094e-12
-7.77785e-11
9.13813e-11
-0.453011
-0.453011
-1.82325e-10
1.59882e-10
4.21462e-10
1.15244e-12
-0.59686
-0.59686
-3.86626e-10
9.45827e-11
-1.12986e-11
-4.84033e-10
-0.596861
-0.596861
-3.6123e-10
6.0411e-10
-8.88066e-11
6.79899e-11
-0.453012
-0.453012
-9.18448e-11
1.42012e-11
-2.96067e-11
6.73188e-11
-0.297828
-0.297828
-1.28429e-10
-1.72047e-11
1.0851e-10
2.07087e-10
-0.596861
-0.596861
2.68885e-10
-1.19459e-10
9.58008e-11
8.78875e-11
-0.453012
-0.453012
2.7482e-11
-3.26778e-11
-2.90088e-12
4.38274e-11
-0.297828
-0.297828
-2.09293e-10
3.59792e-11
3.20544e-11
4.63379e-11
-0.596861
-0.596861
-2.02091e-11
1.49989e-10
7.0359e-11
-7.9229e-11
-0.453012
-0.453012
2.52869e-11
3.12396e-11
7.45476e-11
4.39119e-11
-0.297828
-0.297828
2.49714e-11
2.02266e-11
-1.82349e-11
-5.17703e-10
-0.596853
-0.596853
-6.33706e-10
3.15065e-10
-3.26264e-11
9.05349e-12
-0.452985
-0.452985
2.71212e-11
-5.63682e-11
4.38163e-11
5.70105e-11
-0.297776
-0.297776
1.85938e-11
-1.18753e-10
2.17391e-10
2.94377e-10
-0.596853
-0.596853
1.74514e-10
1.11229e-11
-4.88719e-11
1.82081e-10
-0.452985
-0.452985
-1.02026e-10
6.33644e-11
5.68517e-11
3.06094e-11
-0.297776
-0.297776
-3.81329e-12
-6.68717e-11
2.04604e-10
1.33352e-10
-0.596853
-0.596853
1.21933e-10
2.39006e-10
-2.24879e-11
1.79858e-10
-0.452985
-0.452985
-1.77937e-10
-2.13127e-11
1.99852e-11
-4.29201e-12
-0.297776
-0.297776
-4.1937e-11
-7.7086e-11
-1.27034e-10
-4.66971e-10
-0.596856
-0.596856
-5.07722e-10
-1.58752e-10
-5.31001e-11
-2.00613e-11
-0.452997
-0.452997
-5.84969e-11
-2.22014e-13
2.86951e-12
-8.04e-11
-0.297837
-0.297837
1.75449e-10
-9.08403e-11
2.21942e-11
-2.0404e-10
-0.596856
-0.596856
-3.25306e-10
1.26254e-10
2.89894e-11
1.50281e-11
-0.452997
-0.452997
4.46991e-11
2.15578e-11
6.15708e-11
7.80454e-11
-0.297837
-0.297837
5.70405e-11
-1.46019e-11
1.70762e-10
4.91233e-10
-0.596856
-0.596856
-1.96361e-10
-1.37563e-10
-4.21069e-12
1.00468e-10
-0.452997
-0.452997
1.57724e-10
6.03228e-11
1.14847e-10
4.56422e-11
-0.297837
-0.297837
1.39094e-10
-1.92833e-11
-3.72405e-13
5.95489e-11
-0.297823
-0.297823
-7.71662e-11
-6.96552e-11
1.64308e-11
3.12208e-11
-0.452996
-0.452996
-1.32291e-10
-2.02012e-10
1.2215e-10
6.39809e-10
-0.596856
-0.596856
2.51679e-11
-8.34863e-10
1.53873e-11
-7.93295e-12
-0.297823
-0.297823
4.70418e-11
-1.44714e-10
1.14567e-11
-1.78081e-11
-0.452996
-0.452996
-1.12084e-10
-6.65944e-11
-5.03996e-11
-2.32081e-10
-0.596856
-0.596856
-3.29562e-10
1.90682e-10
-2.60194e-11
-1.51183e-11
-0.297823
-0.297823
2.20364e-11
-2.61167e-11
-8.47858e-11
-1.93377e-11
-0.452996
-0.452996
-3.09647e-11
7.60667e-11
-4.42862e-11
-2.79322e-10
-0.596856
-0.596856
2.42448e-10
1.73943e-10
2.12391e-11
-2.55759e-12
-0.29777
-0.29777
5.72499e-11
-3.25706e-11
-1.066e-11
4.2291e-11
-0.452982
-0.452982
9.7371e-11
6.16259e-11
3.04994e-11
3.45569e-10
-0.596852
-0.596852
6.24643e-10
-1.31076e-10
1.10799e-10
1.44842e-11
-0.29777
-0.29777
2.3645e-10
-1.65324e-11
-4.2243e-11
6.66437e-11
-0.452982
-0.452982
1.37235e-10
1.02491e-10
5.8922e-11
2.03594e-10
-0.596852
-0.596852
1.22358e-10
-1.26864e-10
2.45313e-11
7.26652e-11
-0.29777
-0.29777
-2.11969e-11
-4.05986e-11
7.17893e-11
-2.95408e-11
-0.452982
-0.452982
1.20499e-10
6.86439e-12
-7.47036e-11
-4.3706e-10
-0.596852
-0.596852
-7.12978e-11
4.05291e-10
-9.27858e-11
-2.66503e-11
-0.29784
-0.29784
-1.27046e-10
1.391e-10
1.47307e-10
9.82581e-11
-0.453011
-0.453011
-8.90026e-11
6.60318e-11
5.23325e-11
5.79864e-10
-0.59686
-0.59686
2.01591e-10
-3.38131e-10
7.75826e-11
9.6113e-11
-0.29784
-0.29784
-7.33017e-11
-1.22373e-10
-1.35569e-11
-6.65509e-11
-0.453011
-0.453011
-9.05783e-11
-3.80849e-11
-1.61314e-10
-2.22504e-11
-0.59686
-0.59686
-2.41986e-10
1.84188e-10
5.46086e-11
1.14246e-11
-0.29784
-0.29784
7.72333e-11
1.64318e-11
-4.16301e-12
2.18196e-11
-0.453011
-0.453011
-1.24184e-10
1.95428e-10
-1.49158e-10
-6.99963e-10
-0.59686
-0.59686
-5.91319e-10
6.92925e-10
