FiniteElementSpace
FiniteElementCollection: RT_3D_P1
VDim: 1
Ordering: 0

-7.49525e-13
6.65429e-13
-3.17841e-12
-9.66309e-13
0.0015033
0.00276981
0.0015033
0.00276981
0.00550518
0.0053359
0.00550518
0.0053359
-0.00252956
-0.000730213
-0.00252956
-0.000730213
-0.00122237
-0.00245835
-0.00122237
-0.00245835
0
0
0
0
-2.24377e-12
-1.72317e-12
-1.34458e-12
-6.85917e-13
-6.66998e-05
-0.00015057
-6.66998e-05
-0.00015057
0.00550274
0.0055842
0.00550274
0.0055842
0.00145831
0.0186187
0.00145831
0.0186187
0
0
0
0
-3.30794e-12
-3.97493e-12
-3.34984e-12
-3.3167e-12
0.0845306
0.0811647
0.0845306
0.0811647
0.00124783
0.00991915
0.00124783
0.00991915
0
0
0
0
6.35711e-12
3.41525e-12
7.38141e-12
1.4582e-12
0.00288009
0.000533818
0.00288009
0.000533818
0.00767056
0.00560909
0.00767056
0.00560909
-0.00265984
0.00125204
-0.00265984
0.00125204
0
0
0
0
6.44561e-12
9.17908e-14
4.94625e-12
1.12201e-12
0.082935
0.0829937
0.082935
0.0829937
-0.00224952
-0.00828045
-0.00224952
-0.00828045
0
0
0
0
7.48171e-12
1.11443e-11
1.77981e-12
8.71987e-12
0.0779156
0.0860518
0.0779156
0.0860518
0.00220388
-0.0185555
0.00220388
-0.0185555
0
0
0
0
1.61802e-12
4.76969e-12
2.06221e-12
6.98098e-12
0.000597476
-5.83642e-06
0.000597476
-5.83642e-06
5.73286e-05
-3.50709e-05
5.73286e-05
-3.50709e-05
0.00177016
0.00221327
0.00177016
0.00221327
0
0
0
0
2.69528e-12
6.05039e-12
3.25541e-12
4.13328e-12
0.00025424
-6.0538e-05
0.00025424
-6.0538e-05
0.00310862
0.00208865
0.00310862
0.00208865
0
0
0
0
1.0022e-12
1.3765e-12
4.49165e-13
7.61656e-13
3.89418e-05
-6.38261e-05
3.89418e-05
-6.38261e-05
6.0486e-06
-3.94461e-05
6.0486e-06
-3.94461e-05
0
0
0
0
4.85621e-13
2.44431e-12
5.12112e-13
8.20685e-13
0.00125589
0.0010845
0.00125589
0.0010845
0.000513622
0.000469257
0.000513622
0.000469257
0
0
0
0
8.17057e-13
4.68448e-13
6.36594e-13
6.42391e-13
1.62911e-05
-2.83919e-05
1.62911e-05
-2.83919e-05
-0.00163651
-0.00143658
-0.00163651
-0.00143658
0
0
0
0
8.5892e-13
9.61472e-13
1.1828e-12
6.79175e-13
4.60119e-05
-1.86643e-05
4.60119e-05
-1.86643e-05
0
0
0
0
-2.88676e-12
-1.83261e-12
-4.61642e-12
-2.12972e-12
0.0015033
0.00276981
0.0015033
0.00276981
0.00550518
0.0053359
0.00550518
0.0053359
-0.00252956
-0.000730213
-0.00252956
-0.000730213
-0.00122237
-0.00245835
-0.00122237
-0.00245835
-4.03601e-12
-3.24743e-12
-3.84623e-12
-5.12521e-12
-6.66998e-05
-0.00015057
-6.66998e-05
-0.00015057
0.00550274
0.0055842
0.00550274
0.0055842
0.00145831
0.0186187
0.00145831
0.0186187
-4.47644e-12
-4.84253e-12
-2.83816e-12
-4.19008e-12
0.0845306
0.0811647
0.0845306
0.0811647
0.00124783
0.00991915
0.00124783
0.00991915
-4.78794e-13
-1.6193e-12
-1.39342e-12
-1.9297e-12
0.00288009
0.000533818
0.00288009
0.000533818
0.00767056
0.00560909
0.00767056
0.00560909
-0.00265984
0.00125204
-0.00265984
0.00125204
-5.44145e-13
-2.80524e-12
1.1696e-13
-1.1476e-12
0.082935
0.0829937
0.082935
0.0829937
-0.00224952
-0.00828045
-0.00224952
-0.00828045
5.38787e-13
2.59078e-13
2.93422e-12
6.98888e-13
0.0779156
0.0860518
0.0779156
0.0860518
0.00220388
-0.0185555
0.00220388
-0.0185555
4.29944e-13
-2.02099e-12
4.67662e-13
5.08743e-13
0.000597476
-5.83643e-06
0.000597476
-5.83643e-06
5.73286e-05
-3.50709e-05
5.73286e-05
-3.50709e-05
0.00177016
0.00221327
0.00177016
0.00221327
4.99689e-13
1.51483e-12
1.01201e-12
2.86992e-12
0.00025424
-6.0538e-05
0.00025424
-6.0538e-05
0.00310862
0.00208865
0.00310862
0.00208865
7.799e-13
4.08575e-13
6.93663e-13
1.0637e-13
3.89418e-05
-6.38261e-05
3.89418e-05
-6.38261e-05
6.0486e-06
-3.94461e-05
6.0486e-06
-3.94461e-05
-9.19662e-13
-4.37217e-13
3.62197e-14
2.66776e-13
0.00125589
0.0010845
0.00125589
0.0010845
0.000513622
0.000469257
0.000513622
0.000469257
6.82382e-14
3.18641e-13
3.5643e-13
7.98023e-13
1.62911e-05
-2.83919e-05
1.62911e-05
-2.83919e-05
-0.00163651
-0.00143658
-0.00163651
-0.00143658
-9.29424e-13
7.54221e-14
-2.65167e-12
-4.11148e-13
4.60119e-05
-1.86643e-05
4.60119e-05
-1.86643e-05
0
0
0
0
0.0015033
0.00276981
0.0015033
0.00276981
0.00550518
0.0053359
0.00550518
0.0053359
-0.00252956
-0.000730213
-0.00252956
-0.000730213
-0.00122237
-0.00245835
-0.00122237
-0.00245835
0
0
0
0
-6.66998e-05
-0.00015057
-6.66998e-05
-0.00015057
0.00550274
0.0055842
0.00550274
0.0055842
0.00145831
0.0186187
0.00145831
0.0186187
0
0
0
0
0.0845306
0.0811647
0.0845306
0.0811647
0.00124783
0.00991915
0.00124783
0.00991915
0
0
0
0
0.00288009
0.000533818
0.00288009
0.000533818
0.00767056
0.00560909
0.00767056
0.00560909
-0.00265984
0.00125204
-0.00265984
0.00125204
0
0
0
0
0.082935
0.0829937
0.082935
0.0829937
-0.00224952
-0.00828045
-0.00224952
-0.00828045
0
0
0
0
0.0779156
0.0860518
0.0779156
0.0860518
0.00220388
-0.0185555
0.00220388
-0.0185555
0
0
0
0
0.000597476
-5.83642e-06
0.000597476
-5.83643e-06
5.73286e-05
-3.50709e-05
5.73286e-05
-3.50709e-05
0.00177016
0.00221327
0.00177016
0.00221327
0
0
0
0
0.00025424
-6.0538e-05
0.00025424
-6.0538e-05
0.00310862
0.00208865
0.00310862
0.00208865
0
0
0
0
3.89418e-05
-6.38261e-05
3.89418e-05
-6.38261e-05
6.04861e-06
-3.94461e-05
6.0486e-06
-3.94461e-05
0
0
0
0
0.00125589
0.0010845
0.00125589
0.0010845
0.000513622
0.000469257
0.000513622
0.000469257
0
0
0
0
1.62911e-05
-2.83919e-05
1.62911e-05
-2.83919e-05
-0.00163651
-0.00143658
-0.00163651
-0.00143658
0
0
0
0
4.60119e-05
-1.86643e-05
4.60119e-05
-1.86643e-05
-8.01376e-13
-2.34697e-12
-5.00445e-13
-1.21375e-12
0.000653596
0.000830449
0.000653596
0.000830449
-0.00253461
-0.00274983
-0.00253461
-0.00274983
-0.00403687
-0.00403462
-0.00403687
-0.00403462
0.00150999
0.00114347
0.00150999
0.00114347
0
0
0
0
-1.59812e-13
-3.2263e-13
-1.31858e-13
-2.313e-13
2.83919e-05
-1.62911e-05
2.83919e-05
-1.62911e-05
-0.00178597
-0.00216791
-0.00178597
-0.00216791
5.73095e-07
-2.98693e-05
5.73096e-07
-2.98693e-05
0
0
0
0
-4.50684e-14
-3.39646e-13
7.24819e-13
-1.65237e-14
-0.0037831
-0.00299524
-0.0037831
-0.00299524
0
0
0
0
-4.17988e-12
-3.89976e-12
-1.68409e-13
-3.90254e-13
0.00143486
0.00329972
0.00143486
0.00329972
-0.0024719
-0.000654573
-0.0024719
-0.000654574
-0.00120653
-0.00225025
-0.00120653
-0.00225025
0
0
0
0
3.00677e-12
8.59661e-13
3.93738e-12
3.18847e-12
0.00147472
0.0173116
0.00147472
0.0173116
0
0
0
0
-2.14834e-12
2.18845e-12
-5.91422e-13
4.79189e-12
0.0850441
0.0798156
0.0850441
0.0798156
0.00122553
0.00986328
0.00122553
0.00986328
0
0
0
0
-6.31475e-12
-5.76548e-12
-1.12872e-11
-6.39827e-12
0.00287622
0.000606522
0.00287622
0.000606522
0.00767133
0.00566051
0.00767133
0.00566051
-0.00264987
0.00125187
-0.00264987
0.00125187
0
0
0
0
-1.24771e-11
-7.92056e-12
-1.05165e-11
-5.50597e-12
0.0830933
0.0829292
0.0830933
0.0829292
-0.00226393
-0.00836861
-0.00226393
-0.00836861
0
0
0
0
-3.32379e-12
-1.12585e-11
3.37983e-12
-5.78686e-12
0.0795277
0.0855387
0.0795277
0.0855387
0.00249402
-0.0202462
0.00249402
-0.0202462
0
0
0
0
-1.28557e-12
-5.00614e-12
-1.2978e-12
-3.12507e-12
-0.000192664
-0.000201578
-0.000192664
-0.000201578
0.00191343
0.00211328
0.00191343
0.00211328
0
0
0
0
-1.43442e-12
-7.04023e-13
-1.00576e-12
2.10117e-13
0.00015057
6.66998e-05
0.00015057
6.66998e-05
0.00460799
0.0042445
0.00460799
0.0042445
0
0
0
0
-7.81164e-13
-1.05706e-12
-3.90486e-13
-6.48238e-13
1.86643e-05
-4.60119e-05
1.86643e-05
-4.60119e-05
0
0
0
0
-1.50765e-12
-3.52298e-12
-1.49834e-13
-7.12695e-13
0.000653596
0.000830449
0.000653596
0.000830449
-0.00253461
-0.00274983
-0.00253461
-0.00274983
-0.00403687
-0.00403462
-0.00403687
-0.00403462
0.00150999
0.00114347
0.00150999
0.00114347
3.46306e-13
-7.07111e-14
5.25564e-13
4.70157e-13
2.83919e-05
-1.62911e-05
2.83919e-05
-1.62911e-05
-0.00178597
-0.00216791
-0.00178597
-0.00216791
5.73096e-07
-2.98693e-05
5.73096e-07
-2.98693e-05
-7.43676e-13
8.10962e-14
1.686e-13
5.48189e-13
-0.0037831
-0.00299524
-0.0037831
-0.00299524
-7.19154e-12
-5.5341e-12
-4.44695e-12
-3.05765e-12
0.00143486
0.00329972
0.00143486
0.00329972
-0.0024719
-0.000654573
-0.0024719
-0.000654574
-0.00120653
-0.00225025
-0.00120653
-0.00225025
-2.53585e-14
-1.97943e-12
1.40975e-12
2.06148e-13
0.00147472
0.0173116
0.00147472
0.0173116
-8.42724e-12
-2.21709e-12
-4.73089e-12
1.05264e-12
0.0850441
0.0798156
0.0850441
0.0798156
0.00122553
0.00986328
0.00122553
0.00986328
-1.05377e-11
-6.83824e-12
-1.37811e-11
-7.58772e-12
0.00287622
0.000606522
0.00287622
0.000606522
0.00767133
0.00566051
0.00767133
0.00566051
-0.00264987
0.00125187
-0.00264987
0.00125187
-1.42714e-11
-9.92115e-12
-1.08011e-11
-8.04545e-12
0.0830933
0.0829292
0.0830933
0.0829292
-0.00226393
-0.00836861
-0.00226393
-0.00836861
-1.39531e-11
-1.64037e-11
-4.94744e-12
-1.24013e-11
0.0795277
0.0855387
0.0795277
0.0855387
0.00249402
-0.0202462
0.00249402
-0.0202462
-1.30257e-12
-6.49702e-12
-2.13046e-12
-7.09692e-12
-0.000192664
-0.000201578
-0.000192664
-0.000201578
0.00191343
0.00211328
0.00191343
0.00211328
-4.50657e-12
-7.10019e-12
-4.47087e-12
-3.809e-12
0.00015057
6.66998e-05
0.00015057
6.66998e-05
0.00460799
0.0042445
0.00460799
0.0042445
-6.92597e-13
-2.8105e-12
-1.20159e-13
-2.05779e-12
1.86643e-05
-4.60119e-05
1.86643e-05
-4.60119e-05
0
0
0
0
0.000653596
0.000830449
0.000653596
0.000830449
-0.00253461
-0.00274983
-0.00253461
-0.00274983
-0.00403687
-0.00403462
-0.00403687
-0.00403462
0.00150999
0.00114347
0.00150999
0.00114347
0
0
0
0
2.83919e-05
-1.62911e-05
2.83919e-05
-1.62911e-05
-0.00178597
-0.00216791
-0.00178597
-0.00216791
5.73094e-07
-2.98693e-05
5.73095e-07
-2.98693e-05
0
0
0
0
-0.0037831
-0.00299524
-0.0037831
-0.00299524
0
0
0
0
0.00143486
0.00329972
0.00143486
0.00329972
-0.0024719
-0.000654574
-0.0024719
-0.000654574
-0.00120653
-0.00225025
-0.00120653
-0.00225025
0
0
0
0
0.00147472
0.0173116
0.00147472
0.0173116
0
0
0
0
0.0850441
0.0798156
0.0850441
0.0798156
0.00122553
0.00986328
0.00122553
0.00986328
0
0
0
0
0.00287622
0.000606522
0.00287622
0.000606522
0.00767133
0.00566051
0.00767133
0.00566051
-0.00264987
0.00125187
-0.00264987
0.00125187
0
0
0
0
0.0830933
0.0829292
0.0830933
0.0829292
-0.00226393
-0.00836861
-0.00226393
-0.00836861
0
0
0
0
0.0795277
0.0855387
0.0795277
0.0855387
0.00249402
-0.0202462
0.00249402
-0.0202462
0
0
0
0
-0.000192664
-0.000201578
-0.000192664
-0.000201578
0.00191343
0.00211328
0.00191343
0.00211328
0
0
0
0
0.00015057
6.66998e-05
0.00015057
6.66998e-05
0.00460799
0.0042445
0.00460799
0.0042445
0
0
0
0
1.86643e-05
-4.60119e-05
1.86643e-05
-4.60119e-05
-7.21456e-12
-3.95715e-12
-5.51882e-12
-3.42935e-12
0.0015033
0.00276981
0.0015033
0.00276981
0.00550518
0.0053359
0.00550518
0.0053359
-0.00252956
-0.000730213
-0.00252956
-0.000730213
-0.00122237
-0.00245835
-0.00122237
-0.00245835
0
0
0
0
-2.83212e-12
-3.17782e-12
-1.62441e-12
-1.87292e-12
0.00550274
0.0055842
0.00550274
0.0055842
0.00145831
0.0186187
0.00145831
0.0186187
0
0
0
0
-1.05007e-11
-5.95331e-12
-9.34041e-12
-3.60162e-12
0.0845306
0.0811647
0.0845306
0.0811647
0.00124783
0.00991915
0.00124783
0.00991915
0
0
0
0
-1.72907e-12
-2.33254e-12
-8.04393e-13
-4.69775e-12
0.00288009
0.000533818
0.00288009
0.000533818
0.00767056
0.00560909
0.00767056
0.00560909
-0.00265984
0.00125204
-0.00265984
0.00125204
0
0
0
0
-3.32387e-13
-6.95409e-12
-3.71872e-13
-4.08692e-12
0.082935
0.0829937
0.082935
0.0829937
-0.00224952
-0.00828045
-0.00224952
-0.00828045
0
0
0
0
-3.67534e-12
1.04125e-12
-4.75063e-12
1.89331e-12
0.0779156
0.0860518
0.0779156
0.0860518
0.00220388
-0.0185555
0.00220388
-0.0185555
0
0
0
0
-8.26331e-13
-4.42601e-12
-3.28499e-13
-1.66159e-12
0.000597476
-5.83642e-06
0.000597476
-5.83643e-06
5.73286e-05
-3.50709e-05
5.73286e-05
-3.50709e-05
0.00177016
0.00221327
0.00177016
0.00221327
0
0
0
0
-7.86035e-13
-3.49553e-12
-6.50669e-13
-3.79562e-12
0.00025424
-6.0538e-05
0.00025424
-6.0538e-05
0.00310862
0.00208865
0.00310862
0.00208865
0
0
0
0
1.36932e-13
-7.31991e-13
-3.00534e-14
-4.66299e-13
3.89418e-05
-6.38261e-05
3.89418e-05
-6.38261e-05
6.0486e-06
-3.94461e-05
6.0486e-06
-3.94461e-05
0
0
0
0
-1.41684e-12
-2.41001e-12
-2.43449e-13
-4.91552e-13
0.00125589
0.0010845
0.00125589
0.0010845
0.000513622
0.000469257
0.000513622
0.000469257
0
0
0
0
2.8867e-13
-1.7753e-13
2.42514e-14
3.06237e-13
-0.00163651
-0.00143658
-0.00163651
-0.00143658
0
0
0
0
-9.00169e-13
-7.06068e-14
-8.06751e-13
-1.02787e-13
0
0
0
0
1.81291e-12
2.61324e-12
1.00418e-12
1.28574e-12
0.0015033
0.00276981
0.0015033
0.00276981
0.00550518
0.0053359
0.00550518
0.0053359
-0.00252956
-0.000730213
-0.00252956
-0.000730213
-0.00122237
-0.00245835
-0.00122237
-0.00245835
-1.44614e-13
5.59413e-14
-1.60543e-12
-2.26064e-12
0.00550274
0.0055842
0.00550274
0.0055842
0.00145831
0.0186187
0.00145831
0.0186187
1.92182e-12
5.98161e-13
-3.65689e-13
-6.66645e-13
0.0845306
0.0811647
0.0845306
0.0811647
0.00124783
0.00991915
0.00124783
0.00991915
2.4543e-12
2.42077e-12
3.64603e-12
2.63459e-12
0.00288009
0.000533818
0.00288009
0.000533818
0.00767056
0.00560909
0.00767056
0.00560909
-0.00265984
0.00125204
-0.00265984
0.00125204
4.02933e-12
2.93495e-12
2.96264e-12
1.89155e-12
0.082935
0.0829937
0.082935
0.0829937
-0.00224952
-0.00828045
-0.00224952
-0.00828045
8.46324e-13
3.6714e-12
1.41776e-12
2.20067e-12
0.0779156
0.0860518
0.0779156
0.0860518
0.00220388
-0.0185555
0.00220388
-0.0185555
1.65684e-12
3.06206e-12
1.04858e-12
2.33726e-12
0.000597476
-5.83643e-06
0.000597476
-5.83642e-06
5.73286e-05
-3.50709e-05
5.73286e-05
-3.50709e-05
0.00177016
0.00221327
0.00177016
0.00221327
9.10138e-13
2.36947e-12
1.94202e-12
2.40802e-12
0.00025424
-6.0538e-05
0.00025424
-6.0538e-05
0.00310862
0.00208865
0.00310862
0.00208865
1.31423e-12
7.0621e-13
9.75829e-13
2.50085e-13
3.89418e-05
-6.38261e-05
3.89418e-05
-6.38261e-05
6.0486e-06
-3.94461e-05
6.0486e-06
-3.94461e-05
1.35329e-12
2.86721e-12
6.28152e-13
9.5773e-13
0.00125589
0.0010845
0.00125589
0.0010845
0.000513622
0.000469257
0.000513622
0.000469257
4.98316e-13
6.8534e-13
6.37902e-13
9.00664e-13
-0.00163651
-0.00143658
-0.00163651
-0.00143658
9.49074e-13
5.93113e-13
-1.14634e-12
3.26539e-13
0
0
0
0
0.0015033
0.00276981
0.0015033
0.00276981
0.00550518
0.0053359
0.00550518
0.0053359
-0.00252956
-0.000730213
-0.00252956
-0.000730213
-0.00122237
-0.00245835
-0.00122237
-0.00245835
0
0
0
0
0.00550274
0.0055842
0.00550274
0.0055842
0.00145831
0.0186187
0.00145831
0.0186187
0
0
0
0
0.0845306
0.0811647
0.0845306
0.0811647
0.00124783
0.00991915
0.00124783
0.00991915
0
0
0
0
0.00288009
0.000533818
0.00288009
0.000533818
0.00767056
0.00560909
0.00767056
0.00560909
-0.00265984
0.00125204
-0.00265984
0.00125204
0
0
0
0
0.082935
0.0829937
0.082935
0.0829937
-0.00224952
-0.00828045
-0.00224952
-0.00828045
0
0
0
0
0.0779156
0.0860518
0.0779156
0.0860518
0.00220388
-0.0185555
0.00220388
-0.0185555
0
0
0
0
0.000597476
-5.83642e-06
0.000597476
-5.83643e-06
5.73286e-05
-3.50709e-05
5.73286e-05
-3.50709e-05
0.00177016
0.00221327
0.00177016
0.00221327
0
0
0
0
0.00025424
-6.0538e-05
0.00025424
-6.0538e-05
0.00310862
0.00208865
0.00310862
0.00208865
0
0
0
0
3.89418e-05
-6.38261e-05
3.89418e-05
-6.38261e-05
6.0486e-06
-3.94461e-05
6.0486e-06
-3.94461e-05
0
0
0
0
0.00125589
0.0010845
0.00125589
0.0010845
0.000513622
0.000469257
0.000513622
0.000469257
0
0
0
0
-0.00163651
-0.00143658
-0.00163651
-0.00143658
0
0
0
0
3.31792e-13
7.32897e-13
2.67084e-13
4.87561e-14
0.000653596
0.000830449
0.000653596
0.000830449
-0.00253461
-0.00274983
-0.00253461
-0.00274983
-0.00403687
-0.00403462
-0.00403687
-0.00403462
0.00150999
0.00114347
0.00150999
0.00114347
0
0
0
0
1.56056e-13
3.68913e-13
2.55892e-13
7.09008e-13
-0.00178597
-0.00216791
-0.00178597
-0.00216791
5.73096e-07
-2.98693e-05
5.73095e-07
-2.98693e-05
0
0
0
0
3.93046e-13
9.10761e-14
2.23427e-13
1.12224e-13
-0.0037831
-0.00299524
-0.0037831
-0.00299524
0
0
0
0
2.02045e-12
8.38249e-13
1.71676e-12
1.67041e-12
0.00143486
0.00329972
0.00143486
0.00329972
-0.0024719
-0.000654573
-0.0024719
-0.000654574
-0.00120653
-0.00225025
-0.00120653
-0.00225025
0
0
0
0
2.20359e-12
1.29607e-12
5.87192e-13
5.08775e-13
0.00147472
0.0173116
0.00147472
0.0173116
0
0
0
0
2.83509e-12
2.54477e-12
8.53874e-13
5.17674e-12
0.0850441
0.0798156
0.0850441
0.0798156
0.00122553
0.00986328
0.00122553
0.00986328
0
0
0
0
-8.19762e-13
-3.70822e-13
-3.51284e-12
3.27031e-13
0.00287622
0.000606522
0.00287622
0.000606522
0.00767133
0.00566051
0.00767133
0.00566051
-0.00264987
0.00125187
-0.00264987
0.00125187
0
0
0
0
-3.8541e-12
7.65606e-13
-3.85165e-12
1.01589e-12
0.0830933
0.0829292
0.0830933
0.0829292
-0.00226393
-0.00836861
-0.00226393
-0.00836861
0
0
0
0
1.40003e-12
-4.29638e-12
5.88268e-12
-1.33799e-12
0.0795277
0.0855387
0.0795277
0.0855387
0.00249402
-0.0202462
0.00249402
-0.0202462
0
0
0
0
4.82452e-13
-9.56529e-14
1.31807e-13
6.4445e-13
-0.000192664
-0.000201578
-0.000192664
-0.000201578
0.00191343
0.00211328
0.00191343
0.00211328
0
0
0
0
8.67992e-13
2.68731e-12
1.35688e-12
2.16143e-12
0.00460799
0.0042445
0.00460799
0.0042445
0
0
0
0
4.26878e-13
7.26913e-13
1.09007e-12
1.27855e-12
0
0
0
0
-1.76968e-12
-3.77923e-12
-4.60284e-14
-9.42049e-13
0.000653596
0.000830449
0.000653596
0.000830449
-0.00253461
-0.00274983
-0.00253461
-0.00274983
-0.00403687
-0.00403462
-0.00403687
-0.00403462
0.00150999
0.00114347
0.00150999
0.00114347
4.3058e-13
-3.01996e-13
7.90695e-13
4.81406e-13
-0.00178597
-0.00216791
-0.00178597
-0.00216791
5.73096e-07
-2.98693e-05
5.73095e-07
-2.98693e-05
-5.53786e-13
5.15782e-13
6.7419e-13
1.10923e-12
-0.0037831
-0.00299524
-0.0037831
-0.00299524
-6.08228e-12
-5.12499e-12
-2.47311e-12
-2.66045e-12
0.00143486
0.00329972
0.00143486
0.00329972
-0.0024719
-0.000654573
-0.0024719
-0.000654574
-0.00120653
-0.00225025
-0.00120653
-0.00225025
2.26419e-12
-9.46471e-13
3.41074e-12
1.74418e-12
0.00147472
0.0173116
0.00147472
0.0173116
-7.61695e-12
2.53747e-13
-2.38338e-12
2.24202e-12
0.0850441
0.0798156
0.0850441
0.0798156
0.00122553
0.00986328
0.00122553
0.00986328
-8.92595e-12
-6.26808e-12
-1.11387e-11
-6.74328e-12
0.00287622
0.000606522
0.00287622
0.000606522
0.00767133
0.00566051
0.00767133
0.00566051
-0.00264987
0.00125187
-0.00264987
0.00125187
-1.05723e-11
-8.48184e-12
-6.88629e-12
-7.44521e-12
0.0830933
0.0829292
0.0830933
0.0829292
-0.00226393
-0.00836861
-0.00226393
-0.00836861
-1.33388e-11
-1.25146e-11
-5.34248e-12
-9.66312e-12
0.0795277
0.0855387
0.0795277
0.0855387
0.00249402
-0.0202462
0.00249402
-0.0202462
-1.55764e-12
-6.60294e-12
-2.30481e-12
-6.75714e-12
-0.000192664
-0.000201578
-0.000192664
-0.000201578
0.00191343
0.00211328
0.00191343
0.00211328
-4.52703e-12
-6.64001e-12
-5.25148e-12
-5.26507e-12
0.00460799
0.0042445
0.00460799
0.0042445
-1.0902e-12
-2.79354e-12
-2.86331e-13
-2.63663e-12
0
0
0
0
0.000653596
0.000830449
0.000653596
0.000830449
-0.00253461
-0.00274983
-0.00253461
-0.00274983
-0.00403687
-0.00403462
-0.00403687
-0.00403462
0.00150999
0.00114347
0.00150999
0.00114347
0
0
0
0
-0.00178597
-0.00216791
-0.00178597
-0.00216791
5.73096e-07
-2.98693e-05
5.73096e-07
-2.98693e-05
0
0
0
0
-0.0037831
-0.00299524
-0.0037831
-0.00299524
0
0
0
0
0.00143486
0.00329972
0.00143486
0.00329972
-0.0024719
-0.000654574
-0.0024719
-0.000654574
-0.00120653
-0.00225025
-0.00120653
-0.00225025
0
0
0
0
0.00147472
0.0173116
0.00147472
0.0173116
0
0
0
0
0.0850441
0.0798156
0.0850441
0.0798156
0.00122553
0.00986328
0.00122553
0.00986328
0
0
0
0
0.00287622
0.000606522
0.00287622
0.000606522
0.00767133
0.00566051
0.00767133
0.00566051
-0.00264987
0.00125187
-0.00264987
0.00125187
0
0
0
0
0.0830933
0.0829292
0.0830933
0.0829292
-0.00226393
-0.00836861
-0.00226393
-0.00836861
0
0
0
0
0.0795277
0.0855387
0.0795277
0.0855387
0.00249402
-0.0202462
0.00249402
-0.0202462
0
0
0
0
-0.000192664
-0.000201578
-0.000192664
-0.000201578
0.00191343
0.00211328
0.00191343
0.00211328
0
0
0
0
0.00460799
0.0042445
0.00460799
0.0042445
0
0
0
0
-9.75107e-06
-0.00043565
-9.75083e-06
-0.00043565
2.67591e-11
1.2925e-11
5.85993e-11
6.62944e-11
0
0
0
0
0.0820923
0.0820923
0.0831102
0.0831102
-0.000120696
0.000430526
-0.000120696
0.000430526
1.46481e-06
-1.35018e-05
1.46482e-06
-1.35016e-05
3.03436e-11
2.59855e-11
2.69177e-11
4.1618e-11
0
0
0
0
0.0824998
0.0824998
0.082838
0.082838
-4.60379e-05
-7.28276e-05
-4.60379e-05
-7.28275e-05
4.9873e-07
1.17102e-06
4.98699e-07
1.17104e-06
6.18738e-12
-5.07361e-12
-1.13392e-11
4.85666e-11
0
0
0
0
0.0825857
0.0825857
0.0827961
0.0827961
-6.43303e-06
-2.75891e-05
-6.43302e-06
-2.75891e-05
-9.75066e-06
-0.00043565
-9.75054e-06
-0.00043565
2.96659e-11
-1.82132e-11
4.93909e-11
1.08484e-11
0.0820923
0.0820923
0.0831102
0.0831102
-0.000120696
0.000430526
-0.000120696
0.000430526
1.46488e-06
-1.35014e-05
1.46481e-06
-1.35015e-05
6.99489e-11
1.14845e-12
1.12126e-11
5.33562e-11
0.0824998
0.0824998
0.082838
0.082838
-4.60379e-05
-7.28278e-05
-4.60379e-05
-7.28277e-05
4.98727e-07
1.17115e-06
4.9882e-07
1.17085e-06
-1.50274e-11
2.66929e-11
-2.12562e-11
8.19999e-11
0.0825857
0.0825857
0.0827961
0.0827961
-6.43297e-06
-2.75891e-05
-6.43302e-06
-2.75892e-05
-9.75044e-06
-0.000435649
-9.75044e-06
-0.000435649
0
0
0
0
0.0820923
0.0820923
0.0831102
0.0831102
-0.000120696
0.000430526
-0.000120696
0.000430526
1.46484e-06
-1.35015e-05
1.46479e-06
-1.35015e-05
0
0
0
0
0.0824998
0.0824998
0.082838
0.082838
-4.6038e-05
-7.28277e-05
-4.6038e-05
-7.28277e-05
4.98875e-07
1.17087e-06
4.98876e-07
1.17066e-06
0
0
0
0
0.0825857
0.0825857
0.0827961
0.0827961
-6.43294e-06
-2.75892e-05
-6.43298e-06
-2.75892e-05
7.01346e-11
-3.94063e-11
4.23367e-11
3.78963e-11
0
0
0
0
0.08318
0.08318
0.0830235
0.0830235
0.000238188
-0.000108831
0.000238188
-0.000108831
2.58983e-11
3.96129e-11
4.38546e-11
7.80576e-11
0
0
0
0
0.0829643
0.0829643
0.0828439
0.0828439
0.000101715
0.000179033
0.000101715
0.000179033
3.0322e-11
5.42612e-11
2.51088e-11
3.06253e-11
0
0
0
0
0.0829056
0.0829056
0.0828041
0.0828041
1.47251e-05
6.14159e-05
1.47252e-05
6.14159e-05
5.95073e-11
4.57163e-11
6.08468e-11
1.17486e-11
0.08318
0.08318
0.0830235
0.0830235
0.000238188
-0.000108831
0.000238188
-0.000108831
-1.04066e-11
6.46019e-11
1.24458e-11
5.78873e-11
0.0829643
0.0829643
0.0828439
0.0828439
0.000101715
0.000179033
0.000101715
0.000179033
-1.24215e-12
6.38005e-11
-4.71918e-11
2.61949e-11
0.0829056
0.0829056
0.0828041
0.0828041
1.47251e-05
6.1416e-05
1.47251e-05
6.14159e-05
0
0
0
0
0.08318
0.08318
0.0830235
0.0830235
0.000238188
-0.000108831
0.000238188
-0.000108831
0
0
0
0
0.0829643
0.0829643
0.0828439
0.0828439
0.000101715
0.000179033
0.000101715
0.000179033
0
0
0
0
0.0829056
0.0829056
0.0828041
0.0828041
1.47252e-05
6.14158e-05
1.47251e-05
6.14158e-05
3.65535e-11
4.15647e-11
-4.57299e-11
1.48752e-11
0
0
0
0
0.0828637
0.0828637
0.0815697
0.0815697
2.87925e-05
0.000527502
2.87924e-05
0.000527502
-1.71982e-11
7.1626e-11
1.21754e-12
-2.27678e-11
0
0
0
0
0.0825999
0.0825999
0.0820882
0.0820882
3.99179e-06
2.64229e-05
3.99178e-06
2.64229e-05
-6.94217e-11
1.22402e-10
4.17666e-11
-2.62489e-11
0
0
0
0
0.082557
0.082557
0.0822167
0.0822167
2.29814e-07
2.00161e-06
2.29794e-07
2.00164e-06
7.59062e-12
1.3634e-11
1.67497e-11
-2.17661e-11
0.0828637
0.0828637
0.0815697
0.0815697
2.87925e-05
0.000527502
2.87925e-05
0.000527502
7.51115e-11
-1.23268e-11
1.46779e-11
5.2755e-12
0.0825999
0.0825999
0.0820882
0.0820882
3.99179e-06
2.6423e-05
3.99179e-06
2.64231e-05
1.00154e-10
-6.67241e-12
-9.04484e-12
4.9612e-11
0.082557
0.082557
0.0822167
0.0822167
2.2988e-07
2.00154e-06
2.29831e-07
2.00166e-06
0
0
0
0
0.0828637
0.0828637
0.0815697
0.0815697
2.87925e-05
0.000527502
2.87925e-05
0.000527502
0
0
0
0
0.0825999
0.0825999
0.0820882
0.0820882
3.99175e-06
2.6423e-05
3.99175e-06
2.6423e-05
0
0
0
0
0.082557
0.082557
0.0822167
0.0822167
2.2977e-07
2.00166e-06
2.29799e-07
2.00172e-06
-8.47022e-05
0.000165747
-8.47019e-05
0.000165748
-5.59703e-11
-1.34938e-10
3.73783e-11
6.58657e-11
0
0
0
0
0.0829874
0.0829874
0.0821821
0.0821821
-4.54072e-05
-7.9251e-05
-4.5407e-05
-7.92509e-05
2.61773e-11
2.12293e-11
7.53705e-11
1.09505e-11
0
0
0
0
0.0827888
0.0827888
0.0824976
0.0824976
-6.4354e-06
-2.77678e-05
-6.43541e-06
-2.77677e-05
1.39046e-10
-9.17743e-12
6.14744e-11
-7.01421e-11
0
0
0
0
0.0827583
0.0827583
0.0825756
0.0825756
-8.47015e-05
0.000165748
-8.47009e-05
0.000165749
-7.36458e-11
-6.23361e-11
1.78112e-11
-1.42874e-11
0.0829874
0.0829874
0.0821821
0.0821821
-4.54069e-05
-7.92504e-05
-4.54065e-05
-7.92499e-05
-5.90444e-11
1.5582e-11
1.00371e-10
-5.42013e-11
0.0827888
0.0827888
0.0824976
0.0824976
-6.43548e-06
-2.77673e-05
-6.43557e-06
-2.77671e-05
6.71664e-11
-1.04453e-10
1.40986e-10
-1.79694e-10
0.0827583
0.0827583
0.0825756
0.0825756
-8.47006e-05
0.00016575
-8.47003e-05
0.00016575
0
0
0
0
0.0829874
0.0829874
0.0821821
0.0821821
-4.54064e-05
-7.92496e-05
-4.54063e-05
-7.92492e-05
0
0
0
0
0.0827888
0.0827888
0.0824976
0.0824976
-6.43564e-06
-2.77669e-05
-6.43569e-06
-2.77666e-05
0
0
0
0
0.0827583
0.0827583
0.0825756
0.0825756
0.000270057
-0.000409461
0.000270057
-0.000409461
-7.85108e-11
-1.5912e-11
4.22281e-11
5.96804e-11
0
0
0
0
0.0830729
0.0830729
0.0830768
0.0830768
9.95255e-05
0.000167318
9.95255e-05
0.000167318
-7.61239e-11
7.29773e-11
-3.49601e-11
9.95844e-11
0
0
0
0
0.0828467
0.0828467
0.0829158
0.0829158
1.42679e-05
5.94721e-05
1.4268e-05
5.9472e-05
-8.35324e-11
-1.70641e-11
-1.61425e-10
3.21746e-11
0
0
0
0
0.0827971
0.0827971
0.0828691
0.0828691
0.000270057
-0.000409461
0.000270058
-0.00040946
-3.6959e-11
-8.50431e-12
4.7567e-12
1.26604e-10
0.0830729
0.0830729
0.0830768
0.0830768
9.95257e-05
0.000167318
9.95259e-05
0.000167318
-3.31825e-12
5.32499e-12
-1.13387e-10
1.92593e-10
0.0828467
0.0828467
0.0829158
0.0829158
1.42682e-05
5.94716e-05
1.42681e-05
5.94719e-05
6.70727e-11
-9.21438e-11
-1.57794e-10
1.79602e-10
0.0827971
0.0827971
0.0828691
0.0828691
0.000270058
-0.000409459
0.000270058
-0.000409459
0
0
0
0
0.0830729
0.0830729
0.0830768
0.0830768
9.9526e-05
0.000167318
9.9526e-05
0.000167318
0
0
0
0
0.0828467
0.0828467
0.0829158
0.0829158
1.42683e-05
5.94717e-05
1.42683e-05
5.9472e-05
0
0
0
0
0.0827971
0.0827971
0.0828691
0.0828691
-2.87918e-05
-0.000527502
-2.87916e-05
-0.000527501
-1.77655e-11
-4.0574e-11
-3.86987e-11
8.1193e-11
0
0
0
0
0.0814525
0.0814525
0.0829324
0.0829324
-3.99103e-06
-2.64224e-05
-3.99102e-06
-2.64223e-05
-3.13332e-11
2.60421e-11
-1.7213e-10
-3.87112e-11
0
0
0
0
0.0820783
0.0820783
0.0826082
0.0826082
-2.29604e-07
-2.00125e-06
-2.29688e-07
-2.0012e-06
-3.06168e-11
2.65462e-11
1.28286e-11
3.60864e-11
0
0
0
0
0.0822152
0.0822152
0.082559
0.082559
-2.87913e-05
-0.000527501
-2.87909e-05
-0.0005275
-3.35729e-11
-7.35346e-11
-6.68742e-11
1.58165e-10
0.0814525
0.0814525
0.0829324
0.0829324
-3.99093e-06
-2.64221e-05
-3.99082e-06
-2.64218e-05
1.56309e-11
-2.71766e-12
-2.25789e-10
8.2045e-11
0.0820783
0.0820783
0.0826082
0.0826082
-2.29624e-07
-2.00129e-06
-2.29721e-07
-2.00101e-06
3.18045e-12
1.97119e-11
-7.64852e-11
5.96562e-11
0.0822152
0.0822152
0.082559
0.082559
-2.87905e-05
-0.0005275
-2.87902e-05
-0.000527499
0
0
0
0
0.0814525
0.0814525
0.0829324
0.0829324
-3.99067e-06
-2.64217e-05
-3.99061e-06
-2.64214e-05
0
0
0
0
0.0820783
0.0820783
0.0826082
0.0826082
-2.29599e-07
-2.00119e-06
-2.29622e-07
-2.00092e-06
0
0
0
0
0.0822152
0.0822152
0.082559
0.082559
0
0
0
0
0.0822167
0.0822167
0.082557
0.082557
8.69294e-11
-1.87627e-10
4.21258e-11
-5.27717e-11
-0.0820882
-0.0820882
-0.0825999
-0.0825999
-6.1415e-05
-1.47249e-05
-6.1415e-05
-1.4725e-05
0
0
0
0
1.19019e-10
-3.27329e-11
-1.60079e-10
-1.95332e-12
-0.0815697
-0.0815697
-0.0828637
-0.0828637
-0.000179031
-0.000101714
-0.000179031
-0.000101714
0
0
0
0
4.31711e-11
-5.16589e-11
-1.74011e-10
9.0608e-11
0.000108835
-0.000238186
0.000108835
-0.000238186
0.0822167
0.0822167
0.082557
0.082557
1.29383e-10
-1.79575e-10
-2.33772e-11
1.08772e-11
-0.0820882
-0.0820882
-0.0825999
-0.0825999
-6.1415e-05
-1.47249e-05
-6.14151e-05
-1.4725e-05
1.02006e-10
-3.16394e-11
-1.81037e-10
1.11827e-12
-0.0815697
-0.0815697
-0.0828637
-0.0828637
-0.000179031
-0.000101714
-0.000179031
-0.000101714
2.696e-12
-3.94291e-11
-1.42514e-10
7.05809e-11
0.000108834
-0.000238186
0.000108833
-0.000238186
0.0822167
0.0822167
0.082557
0.082557
0
0
0
0
-0.0820882
-0.0820882
-0.0825999
-0.0825999
-6.14151e-05
-1.47249e-05
-6.14151e-05
-1.47249e-05
0
0
0
0
-0.0815697
-0.0815697
-0.0828637
-0.0828637
-0.000179032
-0.000101714
-0.000179032
-0.000101714
0
0
0
0
0.000108833
-0.000238187
0.000108833
-0.000238187
0
0
0
0
0.0828042
0.0828042
0.0829056
0.0829056
-8.2794e-11
-3.73714e-11
1.89355e-11
8.68471e-11
-0.0828439
-0.0828439
-0.0829643
-0.0829643
2.75898e-05
6.43332e-06
2.75898e-05
6.43329e-06
0
0
0
0
-9.43436e-11
-4.41923e-11
8.23296e-11
1.41017e-10
-0.0830235
-0.0830235
-0.08318
-0.08318
7.28296e-05
4.60393e-05
7.28295e-05
4.60393e-05
0
0
0
0
-1.17752e-10
-7.93163e-11
3.72206e-11
1.39139e-10
-0.000430523
0.000120698
-0.000430523
0.000120698
0.0828041
0.0828041
0.0829056
0.0829056
-1.07922e-10
2.1852e-11
2.56078e-11
4.3648e-11
-0.0828439
-0.0828439
-0.0829643
-0.0829643
2.759e-05
6.43325e-06
2.75899e-05
6.43323e-06
-9.1952e-11
-4.45687e-11
-2.04394e-11
1.22159e-10
-0.0830235
-0.0830235
-0.08318
-0.08318
7.28296e-05
4.60392e-05
7.28294e-05
4.60392e-05
3.00214e-11
-2.27549e-11
-6.80419e-12
1.00311e-10
-0.000430523
0.000120698
-0.000430524
0.000120698
0.0828041
0.0828041
0.0829056
0.0829056
0
0
0
0
-0.0828439
-0.0828439
-0.0829643
-0.0829643
2.759e-05
6.43321e-06
2.759e-05
6.43318e-06
0
0
0
0
-0.0830235
-0.0830235
-0.08318
-0.08318
7.28293e-05
4.60392e-05
7.28292e-05
4.60391e-05
0
0
0
0
-0.000430524
0.000120697
-0.000430524
0.000120697
0
0
0
0
0.0827961
0.0827961
0.0825857
0.0825857
-4.51038e-11
2.46716e-10
1.28508e-10
1.76482e-10
-0.082838
-0.082838
-0.0824998
-0.0824998
1.17219e-06
4.98915e-07
1.1721e-06
4.98894e-07
0
0
0
0
1.39676e-10
2.34854e-10
6.46209e-11
2.31968e-10
-0.0831102
-0.0831102
-0.0820923
-0.0820923
-1.34991e-05
1.46642e-06
-1.34993e-05
1.46633e-06
0
0
0
0
7.18625e-11
4.3345e-11
1.20631e-10
1.74651e-10
-0.000435646
-9.74783e-06
-0.000435647
-9.74801e-06
0.0827961
0.0827961
0.0825857
0.0825857
-1.30476e-11
1.21388e-10
-7.68417e-12
2.17757e-10
-0.082838
-0.082838
-0.0824998
-0.0824998
1.172e-06
4.99102e-07
1.17174e-06
4.98927e-07
1.01845e-10
1.30597e-10
-1.68429e-13
2.45243e-10
-0.0831102
-0.0831102
-0.0820923
-0.0820923
-1.34994e-05
1.46632e-06
-1.35e-05
1.46613e-06
9.14975e-11
1.53922e-11
7.54677e-11
1.49631e-10
-0.000435647
-9.74828e-06
-0.000435648
-9.7487e-06
0.0827961
0.0827961
0.0825857
0.0825857
0
0
0
0
-0.082838
-0.082838
-0.0824998
-0.0824998
1.17146e-06
4.99083e-07
1.17116e-06
4.99042e-07
0
0
0
0
-0.0831102
-0.0831102
-0.0820923
-0.0820923
-1.35002e-05
1.46584e-06
-1.35006e-05
1.46576e-06
0
0
0
0
-0.000435648
-9.74914e-06
-0.000435648
-9.74934e-06
-4.98554e-11
-6.54549e-11
-7.90942e-11
-2.10149e-11
0.0821821
0.0821821
0.0829874
0.0829874
0
0
0
0
0.000165751
-8.46996e-05
0.000165751
-8.46995e-05
1.07294e-11
-9.91154e-11
-6.37574e-12
-5.91532e-11
0.0824976
0.0824976
0.0827888
0.0827888
0
0
0
0
-7.92483e-05
-4.54055e-05
-7.92481e-05
-4.54054e-05
1.03751e-10
-1.09102e-10
1.66075e-12
-1.47263e-10
0.0825756
0.0825756
0.0827583
0.0827583
0
0
0
0
-2.77659e-05
-6.4356e-06
-2.77658e-05
-6.43568e-06
-6.39108e-11
-3.12585e-11
-8.42963e-11
-9.42847e-11
0.0821821
0.0821821
0.0829874
0.0829874
0.000165751
-8.46994e-05
0.000165751
-8.46996e-05
-8.3381e-11
1.7066e-12
-1.48208e-11
-2.52211e-11
0.0824976
0.0824976
0.0827888
0.0827888
-7.92485e-05
-4.54055e-05
-7.92485e-05
-4.54055e-05
-1.15327e-10
1.40412e-10
9.96132e-12
-2.8701e-11
0.0825756
0.0825756
0.0827583
0.0827583
-2.77663e-05
-6.43538e-06
-2.77665e-05
-6.43534e-06
0
0
0
0
0.0821821
0.0821821
0.0829874
0.0829874
0.000165751
-8.46992e-05
0.000165751
-8.46993e-05
0
0
0
0
0.0824976
0.0824976
0.0827888
0.0827888
-7.92483e-05
-4.54054e-05
-7.92484e-05
-4.54055e-05
0
0
0
0
0.0825756
0.0825756
0.0827583
0.0827583
-2.77663e-05
-6.43534e-06
-2.77665e-05
-6.4353e-06
-8.43229e-11
-4.96433e-11
-7.17018e-11
-3.42652e-11
0.0830768
0.0830768
0.0830729
0.0830729
0
0
0
0
-0.00040946
0.000270058
-0.00040946
0.000270058
-8.6393e-12
-1.21899e-10
-5.37614e-11
1.03779e-10
0.0829158
0.0829158
0.0828467
0.0828467
0
0
0
0
0.000167318
9.95262e-05
0.000167318
9.95263e-05
9.99326e-11
5.33487e-12
7.84802e-11
-1.10655e-11
0.0828691
0.0828691
0.0827971
0.0827971
0
0
0
0
5.9472e-05
1.42684e-05
5.94719e-05
1.42685e-05
-4.15868e-11
-8.41658e-11
-8.08473e-11
-1.29262e-10
0.0830768
0.0830768
0.0830729
0.0830729
-0.00040946
0.000270057
-0.00040946
0.000270057
9.7522e-11
-2.01109e-10
-1.62346e-10
-5.4698e-11
0.0829158
0.0829158
0.0828467
0.0828467
0.000167318
9.9526e-05
0.000167318
9.9526e-05
8.74857e-11
-1.14568e-10
2.35416e-11
-4.28838e-11
0.0828692
0.0828691
0.0827971
0.0827971
5.94722e-05
1.42682e-05
5.9472e-05
1.42683e-05
0
0
0
0
0.0830768
0.0830768
0.0830729
0.0830729
-0.00040946
0.000270057
-0.00040946
0.000270057
0
0
0
0
0.0829158
0.0829158
0.0828467
0.0828467
0.000167318
9.9526e-05
0.000167318
9.9526e-05
0
0
0
0
0.0828692
0.0828692
0.0827971
0.0827971
5.94719e-05
1.42683e-05
5.94718e-05
1.42683e-05
-2.53412e-11
-5.22141e-11
3.1988e-11
-6.85395e-11
0.0829324
0.0829324
0.0814525
0.0814525
0
0
0
0
-2.35212e-11
-1.42999e-10
-2.83759e-11
-2.0666e-11
0.0826082
0.0826082
0.0820783
0.0820783
0
0
0
0
1.37876e-10
-1.3079e-10
-1.12237e-10
6.68095e-11
0.082559
0.082559
0.0822152
0.0822152
0
0
0
0
-1.39958e-10
-1.01031e-10
-4.47488e-11
-1.73297e-11
0.0829324
0.0829324
0.0814525
0.0814525
-1.12413e-10
-2.56618e-11
-3.56437e-11
-3.85143e-12
0.0826082
0.0826082
0.0820783
0.0820783
3.69929e-12
9.96384e-11
-3.71552e-11
-2.18328e-11
0.082559
0.082559
0.0822152
0.0822152
0
0
0
0
0.0829324
0.0829324
0.0814525
0.0814525
0
0
0
0
0.0826082
0.0826082
0.0820783
0.0820783
0
0
0
0
0.082559
0.082559
0.0822152
0.0822152
0.0061771
0.00539307
0.0061771
0.00539307
-0.00156677
-0.00285621
-0.00156677
-0.00285621
-3.02745e-12
-1.65917e-12
-2.78708e-12
-1.4138e-12
0.0026211
0.00548501
0.0026211
0.00548501
0.000838494
-0.00184215
0.000838494
-0.00184215
-1.39701e-12
-1.70921e-12
-2.17537e-12
-1.87672e-12
-0.0159409
-0.000114083
-0.0159409
-0.000114083
-0.0181481
-0.0159508
-0.0181481
-0.0159508
-2.72541e-12
-2.03726e-12
-4.00975e-12
-3.18428e-12
0.00103728
0.00360767
0.00103728
0.00360767
0.00306523
0.00533852
0.00306523
0.00533852
2.77615e-12
-6.28117e-13
2.98911e-12
5.4712e-13
-0.00148027
-0.000211882
-0.00148027
-0.000211882
-0.0239517
-0.0204415
-0.0239517
-0.0204415
2.76528e-12
-1.1962e-12
2.57728e-12
-1.34302e-12
0.019242
0.00031143
0.019242
0.00031143
-0.0113617
-0.0201491
-0.0113617
-0.0201491
1.05884e-12
4.07707e-12
3.68227e-12
5.11063e-12
-0.00474426
-0.00465624
-0.00474426
-0.00465624
-5.18581e-05
0.000274265
-5.18581e-05
0.000274265
4.93987e-13
2.59591e-12
5.07655e-14
5.23624e-13
-0.00513137
-0.00588663
-0.00513137
-0.00588663
-0.000669269
0.00098526
-0.000669269
0.00098526
1.32627e-12
1.93896e-12
8.62131e-13
2.4115e-12
-0.000996952
-0.00120975
-0.000996952
-0.00120975
-0.000855475
-0.00164007
-0.000855475
-0.00164007
-1.82104e-14
5.40134e-13
2.06785e-13
6.0679e-13
-1.9178e-05
3.60359e-06
-1.9178e-05
3.6036e-06
-0.00300255
-0.00298524
-0.00300255
-0.00298524
-6.87976e-14
-3.91685e-14
-7.5007e-13
-4.09001e-13
0.000625241
0.000811855
0.000625241
0.000811855
-0.000691599
-0.000562836
-0.000691599
-0.000562836
7.45764e-14
7.03494e-14
1.06665e-13
3.21214e-14
0.00320611
0.0033401
0.00320611
0.0033401
-0.000565191
-0.000411349
-0.000565191
-0.000411349
-2.3311e-14
1.1451e-14
-3.60417e-13
8.46982e-15
0.0061771
0.00539307
0.0061771
0.00539307
-0.00156677
-0.00285621
-0.00156677
-0.00285621
-8.67465e-13
9.09373e-14
1.81757e-13
3.54846e-13
0.0026211
0.00548501
0.0026211
0.00548501
0.000838494
-0.00184215
0.000838494
-0.00184215
-8.46872e-13
-8.47124e-13
-1.17078e-12
-6.59102e-13
-0.0159409
-0.000114083
-0.0159409
-0.000114083
-0.0181481
-0.0159508
-0.0181481
-0.0159508
-4.87622e-13
-1.43645e-12
-3.93469e-13
-1.50382e-12
0.00103728
0.00360767
0.00103728
0.00360767
0.00306523
0.00533852
0.00306523
0.00533852
5.7362e-13
1.07301e-13
1.10436e-12
3.85075e-13
-0.00148027
-0.000211882
-0.00148027
-0.000211882
-0.0239517
-0.0204415
-0.0239517
-0.0204415
5.04986e-13
1.98617e-13
5.92475e-13
-4.18516e-14
0.019242
0.00031143
0.019242
0.00031143
-0.0113617
-0.0201491
-0.0113617
-0.0201491
1.77252e-12
1.5136e-12
2.3034e-12
1.7421e-12
-0.00474426
-0.00465624
-0.00474426
-0.00465624
-5.18581e-05
0.000274265
-5.18581e-05
0.000274265
8.74387e-13
1.87423e-12
1.00362e-12
1.26194e-12
-0.00513137
-0.00588663
-0.00513137
-0.00588663
-0.000669269
0.00098526
-0.000669269
0.00098526
1.79486e-12
3.42448e-12
1.10912e-12
2.49685e-12
-0.000996952
-0.00120975
-0.000996952
-0.00120975
-0.000855475
-0.00164007
-0.000855475
-0.00164007
3.57304e-13
4.35233e-13
6.68068e-13
6.57087e-13
-1.9178e-05
3.6036e-06
-1.9178e-05
3.6036e-06
-0.00300255
-0.00298524
-0.00300255
-0.00298524
3.24427e-13
4.73844e-13
3.25171e-13
8.23836e-13
0.000625241
0.000811855
0.000625241
0.000811855
-0.000691599
-0.000562836
-0.000691599
-0.000562836
2.79947e-13
3.93947e-13
3.19417e-13
3.31923e-13
0.00320611
0.0033401
0.00320611
0.0033401
-0.000565191
-0.000411349
-0.000565191
-0.000411349
-4.23691e-13
3.35734e-14
7.01825e-14
2.73561e-13
0.0061771
0.00539307
0.0061771
0.00539307
-0.00156677
-0.00285621
-0.00156677
-0.00285621
-1.49468e-12
-1.5331e-13
2.36729e-13
1.13091e-12
0.0026211
0.00548501
0.0026211
0.00548501
0.000838494
-0.00184215
0.000838494
-0.00184215
-2.09422e-12
-2.1537e-12
-1.61173e-12
-9.96356e-13
-0.0159409
-0.000114083
-0.0159409
-0.000114083
-0.0181481
-0.0159508
-0.0181481
-0.0159508
-1.46944e-12
-1.61744e-12
-1.35306e-12
-2.10293e-12
0.00103728
0.00360767
0.00103728
0.00360767
0.00306523
0.00533852
0.00306523
0.00533852
3.48228e-12
1.48362e-12
3.09835e-12
1.86674e-12
-0.00148027
-0.000211882
-0.00148027
-0.000211882
-0.0239517
-0.0204415
-0.0239517
-0.0204415
1.75654e-12
5.53164e-13
2.91093e-12
9.98525e-13
0.019242
0.00031143
0.019242
0.00031143
-0.0113617
-0.0201491
-0.0113617
-0.0201491
2.96662e-12
2.31851e-12
4.0768e-12
3.78856e-12
-0.00474426
-0.00465624
-0.00474426
-0.00465624
-5.18581e-05
0.000274265
-5.18581e-05
0.000274265
1.55544e-12
3.77941e-12
1.71317e-12
3.74991e-12
-0.00513137
-0.00588663
-0.00513137
-0.00588663
-0.000669269
0.00098526
-0.000669269
0.00098526
2.85968e-12
4.24548e-12
2.45631e-12
4.55896e-12
-0.000996952
-0.00120975
-0.000996952
-0.00120975
-0.000855475
-0.00164007
-0.000855475
-0.00164007
9.5186e-13
1.54019e-12
1.19162e-12
1.4331e-12
-1.9178e-05
3.60359e-06
-1.9178e-05
3.6036e-06
-0.00300255
-0.00298524
-0.00300255
-0.00298524
4.72123e-13
9.53971e-13
3.74578e-13
1.43197e-12
0.000625241
0.000811855
0.000625241
0.000811855
-0.000691599
-0.000562836
-0.000691599
-0.000562836
6.46754e-13
7.00529e-13
4.98229e-13
7.8246e-13
0.00320611
0.0033401
0.00320611
0.0033401
-0.000565191
-0.000411349
-0.000565191
-0.000411349
-9.00845e-13
5.02891e-13
-2.48122e-13
4.16396e-13
-0.00180385
-0.00222785
-0.00180385
-0.00222785
-0.00196193
-0.00232667
-0.00196193
-0.00232667
-3.82277e-13
-3.85191e-13
-1.77451e-14
-7.45359e-13
-0.000617917
-0.000795663
-0.000617917
-0.000795663
-0.000408905
-0.000509389
-0.000408905
-0.000509389
-1.47814e-13
-2.8996e-13
-1.80984e-13
-1.18535e-13
0.000963367
0.0011635
0.000963367
0.0011635
-0.00122216
-0.000651733
-0.00122216
-0.000651733
6.22771e-13
-1.56333e-13
4.20716e-13
-1.04923e-13
0.00615252
0.00512028
0.00615252
0.00512028
-0.001829
-0.00341299
-0.001829
-0.00341299
1.39724e-12
5.07275e-13
-4.62333e-13
-6.6346e-13
0.00513763
0.00564282
0.00513763
0.00564282
0.00103139
-0.00203638
0.00103139
-0.00203638
2.594e-12
1.75424e-12
1.80595e-12
1.0367e-12
-0.0160127
-0.000271819
-0.0160127
-0.000271819
-0.0183606
-0.0159114
-0.0183606
-0.0159114
1.32326e-12
1.32469e-12
7.02328e-13
1.74239e-12
0.00101238
0.00359095
0.00101238
0.00359095
0.00309277
0.00530302
0.00309277
0.00530302
-4.33771e-12
-2.0116e-12
-2.20244e-12
-1.82541e-12
-0.00149247
-0.000225125
-0.00149247
-0.000225125
-0.0239812
-0.0204712
-0.0239812
-0.0204712
-3.90615e-12
-1.29806e-12
-4.5889e-12
-2.17142e-12
0.0191849
0.000159608
0.0191849
0.000159608
-0.0113544
-0.0199728
-0.0113544
-0.0199728
1.6547e-12
-2.74757e-12
-7.77753e-13
-4.43282e-12
-0.00464279
-0.00485193
-0.00464279
-0.00485193
0.00168575
0.00159724
0.00168575
0.00159724
-1.96386e-13
-7.89906e-13
-3.44487e-13
-1.67853e-12
-0.00270605
-0.00611443
-0.00270605
-0.00611443
-0.000479047
0.000456125
-0.000479047
0.000456125
5.24883e-14
6.84497e-13
-5.63521e-14
1.90018e-13
-0.00324773
-0.00343543
-0.00324773
-0.00343543
-0.00105653
-0.00143241
-0.00105653
-0.00143241
-2.41329e-13
1.5724e-15
-1.67462e-13
-5.74755e-14
-0.00180385
-0.00222785
-0.00180385
-0.00222785
-0.00196193
-0.00232666
-0.00196193
-0.00232667
-4.93012e-13
-1.00027e-12
-9.67142e-13
-2.47474e-12
-0.000617917
-0.000795663
-0.000617917
-0.000795663
-0.000408905
-0.000509389
-0.000408905
-0.000509389
3.308e-14
-2.6862e-13
-1.24438e-13
-5.74252e-13
0.000963367
0.0011635
0.000963367
0.0011635
-0.00122216
-0.000651733
-0.00122216
-0.000651733
3.54248e-13
1.6061e-13
-3.30294e-13
-2.05347e-13
0.00615252
0.00512028
0.00615252
0.00512028
-0.001829
-0.00341299
-0.001829
-0.00341299
-5.5757e-13
-1.18487e-12
-3.96396e-12
-3.19029e-12
0.00513763
0.00564282
0.00513763
0.00564282
0.00103139
-0.00203638
0.00103139
-0.00203638
2.95908e-12
1.43043e-12
1.6451e-12
-1.31567e-13
-0.0160127
-0.000271819
-0.0160127
-0.000271819
-0.0183606
-0.0159114
-0.0183606
-0.0159114
-1.7232e-12
1.7619e-12
-3.49999e-12
7.60056e-13
0.00101238
0.00359095
0.00101238
0.00359095
0.00309277
0.00530302
0.00309277
0.00530302
-7.79272e-12
-4.82853e-12
-5.40119e-12
-4.20604e-12
-0.00149247
-0.000225125
-0.00149247
-0.000225125
-0.0239812
-0.0204712
-0.0239812
-0.0204712
-6.1966e-12
-4.61308e-12
-8.01531e-12
-6.15978e-12
0.0191849
0.000159608
0.0191849
0.000159608
-0.0113544
-0.0199728
-0.0113544
-0.0199728
-1.87105e-13
-4.92771e-12
-4.93591e-12
-8.08089e-12
-0.00464279
-0.00485193
-0.00464279
-0.00485193
0.00168575
0.00159724
0.00168575
0.00159724
-1.30264e-12
-3.60841e-12
-1.29505e-12
-4.18457e-12
-0.00270605
-0.00611443
-0.00270605
-0.00611443
-0.000479047
0.000456125
-0.000479047
0.000456125
-2.52158e-12
-1.88872e-12
-2.22641e-12
-2.91088e-12
-0.00324773
-0.00343543
-0.00324773
-0.00343543
-0.00105653
-0.00143241
-0.00105653
-0.00143241
-7.00858e-13
-1.50879e-12
-9.46416e-13
-1.5542e-12
-0.00180385
-0.00222785
-0.00180385
-0.00222785
-0.00196193
-0.00232667
-0.00196193
-0.00232667
1.162e-12
1.17566e-12
1.17279e-12
1.0629e-12
-0.000617917
-0.000795663
-0.000617917
-0.000795663
-0.000408905
-0.000509389
-0.000408905
-0.000509389
4.66021e-13
8.70702e-13
5.913e-13
8.28299e-13
0.000963367
0.0011635
0.000963367
0.0011635
-0.00122216
-0.000651733
-0.00122216
-0.000651733
1.7152e-12
9.39346e-13
1.1497e-12
7.98659e-13
0.00615252
0.00512028
0.00615252
0.00512028
-0.001829
-0.00341299
-0.001829
-0.00341299
-2.75323e-13
9.98346e-13
-2.25018e-13
4.89096e-13
0.00513763
0.00564282
0.00513763
0.00564282
0.00103139
-0.00203638
0.00103139
-0.00203638
1.75245e-12
2.64578e-12
4.18333e-13
1.22061e-12
-0.0160127
-0.000271819
-0.0160127
-0.000271819
-0.0183606
-0.0159114
-0.0183606
-0.0159114
-1.16737e-12
8.10387e-13
-1.24669e-12
-5.29958e-13
0.00101238
0.00359095
0.00101238
0.00359095
0.00309277
0.00530302
0.00309277
0.00530302
-2.37677e-12
-4.25272e-13
-2.30584e-12
-8.31904e-14
-0.00149247
-0.000225125
-0.00149247
-0.000225125
-0.0239812
-0.0204712
-0.0239812
-0.0204712
-2.79024e-12
-1.29134e-12
-2.79482e-12
-1.17939e-12
0.0191849
0.000159608
0.0191849
0.000159608
-0.0113544
-0.0199728
-0.0113544
-0.0199728
-3.9793e-12
-4.78073e-12
-5.23482e-12
-4.86562e-12
-0.00464279
-0.00485193
-0.00464279
-0.00485193
0.00168575
0.00159724
0.00168575
0.00159724
-6.63453e-14
-1.51501e-12
9.80105e-13
5.57847e-13
-0.00270605
-0.00611443
-0.00270605
-0.00611443
-0.000479047
0.000456125
-0.000479047
0.000456125
-1.80425e-12
-3.0081e-12
-1.18944e-12
-2.94749e-12
-0.00324773
-0.00343543
-0.00324773
-0.00343543
-0.00105653
-0.00143241
-0.00105653
-0.00143241
8.90275e-13
-2.8667e-13
8.83144e-13
-1.19257e-13
0.0061771
0.00539307
0.0061771
0.00539307
-0.00156677
-0.00285621
-0.00156677
-0.00285621
-1.99847e-12
-9.46103e-13
-2.16379e-12
-1.01092e-12
0.0026211
0.00548501
0.0026211
0.00548501
0.000838494
-0.00184215
0.000838494
-0.00184215
3.9415e-13
4.95645e-14
-1.04575e-12
-8.35385e-13
-0.0159409
-0.000114083
-0.0159409
-0.000114083
-0.0181481
-0.0159508
-0.0181481
-0.0159508
-2.62861e-12
-9.88896e-13
-3.255e-12
-2.00268e-12
0.00103728
0.00360767
0.00103728
0.00360767
0.00306523
0.00533852
0.00306523
0.00533852
1.95642e-12
-4.43338e-13
2.04476e-12
4.51214e-13
-0.00148027
-0.000211882
-0.00148027
-0.000211882
-0.0239517
-0.0204415
-0.0239517
-0.0204415
2.05665e-12
-1.32177e-12
1.799e-12
-1.18851e-12
0.019242
0.00031143
0.019242
0.00031143
-0.0113617
-0.0201491
-0.0113617
-0.0201491
1.41618e-12
3.34203e-12
2.4873e-12
3.60238e-12
-0.00474426
-0.00465624
-0.00474426
-0.00465624
-5.18581e-05
0.000274265
-5.18581e-05
0.000274265
2.11857e-13
1.43085e-12
-3.18381e-14
1.52504e-13
-0.00513137
-0.00588663
-0.00513137
-0.00588663
-0.000669269
0.00098526
-0.000669269
0.00098526
4.84999e-13
1.17641e-12
2.76555e-13
1.10026e-12
-0.000996952
-0.00120975
-0.000996952
-0.00120975
-0.000855475
-0.00164007
-0.000855475
-0.00164007
-7.20677e-14
1.11673e-13
-1.78505e-14
2.29755e-13
-1.9178e-05
3.6036e-06
-1.9178e-05
3.6036e-06
-0.00300255
-0.00298524
-0.00300255
-0.00298524
-2.54795e-14
-5.40437e-14
-3.24152e-13
-1.62359e-13
0.000625241
0.000811855
0.000625241
0.000811855
-0.000691599
-0.000562836
-0.000691599
-0.000562836
8.65198e-16
7.05401e-14
1.17386e-13
-3.54533e-14
0.00320611
0.0033401
0.00320611
0.0033401
-0.000565191
-0.000411349
-0.000565191
-0.000411349
3.11761e-13
-3.37707e-14
2.79101e-14
5.22665e-14
0.0061771
0.00539307
0.0061771
0.00539307
-0.00156677
-0.00285621
-0.00156677
-0.00285621
-2.69727e-12
-1.59384e-12
-3.1228e-12
-1.90562e-12
0.0026211
0.00548501
0.0026211
0.00548501
0.000838494
-0.00184215
0.000838494
-0.00184215
-1.90528e-12
-2.3569e-12
-1.85141e-12
-1.86737e-12
-0.0159409
-0.000114083
-0.0159409
-0.000114083
-0.0181481
-0.0159508
-0.0181481
-0.0159508
-3.81905e-12
-2.32081e-12
-4.56576e-12
-3.10506e-12
0.00103728
0.00360767
0.00103728
0.00360767
0.00306523
0.00533852
0.00306523
0.00533852
-1.84076e-12
-2.2045e-12
-2.23056e-12
-1.71274e-12
-0.00148027
-0.000211882
-0.00148027
-0.000211882
-0.0239517
-0.0204415
-0.0239517
-0.0204415
-1.07098e-12
-2.58849e-12
-1.43229e-12
-3.01927e-12
0.019242
0.00031143
0.019242
0.00031143
-0.0113617
-0.0201491
-0.0113617
-0.0201491
-3.73415e-12
-1.44829e-12
-4.14249e-12
-1.93266e-12
-0.00474426
-0.00465624
-0.00474426
-0.00465624
-5.18581e-05
0.000274265
-5.18581e-05
0.000274265
-4.80895e-13
-2.40171e-12
-2.28104e-13
-2.55898e-12
-0.00513137
-0.00588663
-0.00513137
-0.00588663
-0.000669269
0.00098526
-0.000669269
0.00098526
-1.04121e-12
-2.83578e-12
-1.118e-12
-3.34142e-12
-0.000996952
-0.00120975
-0.000996952
-0.00120975
-0.000855475
-0.00164007
-0.000855475
-0.00164007
2.70127e-13
-3.44096e-13
1.39605e-13
-4.63269e-13
-1.9178e-05
3.6036e-06
-1.9178e-05
3.6036e-06
-0.00300255
-0.00298524
-0.00300255
-0.00298524
-1.90711e-13
-3.06845e-13
-9.7845e-13
-1.46252e-12
0.000625241
0.000811855
0.000625241
0.000811855
-0.000691599
-0.000562836
-0.000691599
-0.000562836
-1.3185e-13
1.83786e-13
-1.31654e-13
-4.87864e-14
0.00320611
0.0033401
0.00320611
0.0033401
-0.000565191
-0.000411349
-0.000565191
-0.000411349
-1.58479e-12
-5.07554e-13
-1.03157e-12
-3.84338e-13
0.0061771
0.00539307
0.0061771
0.00539307
-0.00156677
-0.00285621
-0.00156677
-0.00285621
3.32332e-13
4.11619e-13
5.79763e-13
7.77382e-13
0.0026211
0.00548501
0.0026211
0.00548501
0.000838494
-0.00184215
0.000838494
-0.00184215
-1.39941e-12
-1.26022e-12
-3.02965e-13
-5.18524e-14
-0.0159409
-0.000114083
-0.0159409
-0.000114083
-0.0181481
-0.0159508
-0.0181481
-0.0159508
-9.00623e-14
-3.44948e-13
2.18946e-13
-1.00735e-13
0.00103728
0.00360767
0.00103728
0.00360767
0.00306523
0.00533852
0.00306523
0.00533852
8.01048e-13
6.01553e-13
-4.51208e-13
1.16408e-13
-0.00148027
-0.000211882
-0.00148027
-0.000211882
-0.0239517
-0.0204415
-0.0239517
-0.0204415
1.12854e-12
1.28113e-12
1.43832e-12
9.19274e-13
0.019242
0.00031143
0.019242
0.00031143
-0.0113617
-0.0201491
-0.0113617
-0.0201491
-1.77576e-12
-3.75524e-13
-1.07373e-12
3.72505e-13
-0.00474426
-0.00465624
-0.00474426
-0.00465624
-5.18581e-05
0.000274265
-5.18581e-05
0.000274265
-2.19665e-13
-6.5679e-13
1.75159e-13
4.517e-14
-0.00513137
-0.00588663
-0.00513137
-0.00588663
-0.000669269
0.00098526
-0.000669269
0.00098526
-8.71062e-13
-1.35157e-12
-5.62843e-13
-8.29598e-13
-0.000996952
-0.00120975
-0.000996952
-0.00120975
-0.000855475
-0.00164007
-0.000855475
-0.00164007
5.03245e-13
1.49075e-14
4.27683e-13
-1.69722e-13
-1.9178e-05
3.6036e-06
-1.9178e-05
3.6036e-06
-0.00300255
-0.00298524
-0.00300255
-0.00298524
3.3697e-13
4.19063e-13
3.20588e-13
4.00898e-13
0.000625241
0.000811855
0.000625241
0.000811855
-0.000691599
-0.000562836
-0.000691599
-0.000562836
5.24265e-13
4.05139e-13
3.4319e-13
4.61422e-13
0.00320611
0.0033401
0.00320611
0.0033401
-0.000565191
-0.000411349
-0.000565191
-0.000411349
-2.57361e-13
5.95455e-13
1.23714e-13
3.75097e-13
-0.00180385
-0.00222785
-0.00180385
-0.00222785
-0.00196193
-0.00232667
-0.00196193
-0.00232667
-1.93386e-13
-2.94895e-13
5.59038e-14
-5.9443e-13
-0.000617917
-0.000795663
-0.000617917
-0.000795663
-0.000408905
-0.000509389
-0.000408905
-0.000509389
9.4826e-15
2.81142e-14
-1.32605e-14
1.82037e-14
0.000963367
0.0011635
0.000963367
0.0011635
-0.00122216
-0.000651733
-0.00122216
-0.000651733
1.83647e-13
-9.18583e-14
3.44641e-13
2.24214e-14
0.00615252
0.00512028
0.00615252
0.00512028
-0.001829
-0.00341299
-0.001829
-0.00341299
5.11308e-13
3.73641e-13
-4.7253e-13
-3.68828e-13
0.00513763
0.00564282
0.00513763
0.00564282
0.00103139
-0.00203638
0.00103139
-0.00203638
1.73749e-12
6.98678e-13
8.58266e-13
4.78884e-13
-0.0160127
-0.000271819
-0.0160127
-0.000271819
-0.0183606
-0.0159114
-0.0183606
-0.0159114
7.80546e-14
8.42026e-13
-2.33196e-13
6.80578e-13
0.00101238
0.00359095
0.00101238
0.00359095
0.00309277
0.00530302
0.00309277
0.00530302
-4.08423e-12
-1.44718e-12
-2.74958e-12
-1.57576e-12
-0.00149247
-0.000225125
-0.00149247
-0.000225125
-0.0239812
-0.0204712
-0.0239812
-0.0204712
-2.914e-12
-8.22582e-13
-3.81216e-12
-1.67523e-12
0.0191849
0.000159608
0.0191849
0.000159608
-0.0113544
-0.0199728
-0.0113544
-0.0199728
1.01417e-13
-2.84655e-12
-2.47307e-12
-4.86051e-12
-0.00464279
-0.00485193
-0.00464279
-0.00485193
0.00168575
0.00159724
0.00168575
0.00159724
-3.29028e-13
-1.31077e-12
-3.14591e-13
-1.70701e-12
-0.00270605
-0.00611443
-0.00270605
-0.00611443
-0.000479047
0.000456125
-0.000479047
0.000456125
-7.7568e-13
-8.59973e-13
-4.6767e-13
-8.68195e-13
-0.00324773
-0.00343543
-0.00324773
-0.00343543
-0.00105653
-0.00143241
-0.00105653
-0.00143241
4.68465e-14
-7.84737e-14
-1.00581e-13
-1.42919e-13
-0.00180385
-0.00222785
-0.00180385
-0.00222785
-0.00196193
-0.00232666
-0.00196193
-0.00232667
-1.94549e-13
-5.50679e-13
-7.41821e-13
-1.25508e-12
-0.000617917
-0.000795663
-0.000617917
-0.000795663
-0.000408905
-0.000509389
-0.000408905
-0.000509389
2.84478e-13
2.66525e-13
1.10124e-13
-2.49242e-13
0.000963367
0.0011635
0.000963367
0.0011635
-0.00122216
-0.000651733
-0.00122216
-0.000651733
-1.31459e-13
4.22132e-13
-3.29372e-13
1.07565e-13
0.00615252
0.00512028
0.00615252
0.00512028
-0.001829
-0.00341299
-0.001829
-0.00341299
2.58101e-13
-3.47897e-13
-1.01162e-12
-1.03122e-12
0.00513763
0.00564282
0.00513763
0.00564282
0.00103139
-0.00203638
0.00103139
-0.00203638
4.1835e-13
-7.5679e-13
8.24728e-13
-3.11951e-13
-0.0160127
-0.000271819
-0.0160127
-0.000271819
-0.0183606
-0.0159114
-0.0183606
-0.0159114
2.95324e-13
1.965e-12
-8.60286e-13
1.09339e-12
0.00101238
0.00359095
0.00101238
0.00359095
0.00309277
0.00530302
0.00309277
0.00530302
-3.24335e-12
-1.60158e-12
-2.2019e-12
-1.68271e-12
-0.00149247
-0.000225125
-0.00149247
-0.000225125
-0.0239812
-0.0204712
-0.0239812
-0.0204712
-2.47445e-12
-1.7253e-12
-3.15294e-12
-2.00568e-12
0.0191849
0.000159608
0.0191849
0.000159608
-0.0113544
-0.0199728
-0.0113544
-0.0199728
2.49953e-12
-1.84971e-12
-1.15561e-12
-3.34204e-12
-0.00464279
-0.00485193
-0.00464279
-0.00485193
0.00168575
0.00159724
0.00168575
0.00159724
-5.23287e-13
-1.36395e-12
-6.34398e-13
-2.04633e-12
-0.00270605
-0.00611443
-0.00270605
-0.00611443
-0.000479047
0.000456125
-0.000479047
0.000456125
-4.33905e-13
2.87735e-13
-6.53465e-13
-2.35121e-13
-0.00324773
-0.00343543
-0.00324773
-0.00343543
-0.00105653
-0.00143241
-0.00105653
-0.00143241
9.88953e-14
-1.4418e-13
-4.02958e-13
-5.04389e-13
-0.00180385
-0.00222785
-0.00180385
-0.00222785
-0.00196193
-0.00232667
-0.00196193
-0.00232667
8.56024e-13
9.08862e-13
5.87209e-13
7.20188e-13
-0.000617917
-0.000795663
-0.000617917
-0.000795663
-0.000408905
-0.000509389
-0.000408905
-0.000509389
4.44973e-13
8.45994e-13
5.13719e-13
7.37973e-13
0.000963367
0.0011635
0.000963367
0.0011635
-0.00122216
-0.000651733
-0.00122216
-0.000651733
4.16958e-13
7.14549e-13
3.40377e-13
5.82261e-13
0.00615252
0.00512028
0.00615252
0.00512028
-0.001829
-0.00341299
-0.001829
-0.00341299
-8.12418e-13
5.09615e-14
-7.83318e-13
-3.99745e-14
0.00513763
0.00564282
0.00513763
0.00564282
0.00103139
-0.00203638
0.00103139
-0.00203638
-1.38636e-12
-4.88414e-13
-5.71598e-13
-1.38178e-13
-0.0160127
-0.000271819
-0.0160127
-0.000271819
-0.0183606
-0.0159114
-0.0183606
-0.0159114
-1.69716e-12
-7.58552e-13
-1.71516e-12
-1.05086e-12
0.00101238
0.00359095
0.00101238
0.00359095
0.00309277
0.00530302
0.00309277
0.00530302
-1.67123e-12
-5.47707e-13
-1.81026e-12
-8.59781e-14
-0.00149247
-0.000225125
-0.00149247
-0.000225125
-0.0239812
-0.0204712
-0.0239812
-0.0204712
-1.7954e-12
-1.27519e-12
-1.93677e-12
-1.18525e-12
0.0191849
0.000159608
0.0191849
0.000159608
-0.0113544
-0.0199728
-0.0113544
-0.0199728
-4.9009e-12
-3.8698e-12
-4.96892e-12
-3.44458e-12
-0.00464279
-0.00485193
-0.00464279
-0.00485193
0.00168575
0.00159724
0.00168575
0.00159724
-5.9019e-14
-1.25396e-12
8.47845e-13
5.31587e-13
-0.00270605
-0.00611443
-0.00270605
-0.00611443
-0.000479047
0.000456125
-0.000479047
0.000456125
-2.09999e-12
-3.45203e-12
-1.12357e-12
-2.93915e-12
-0.00324773
-0.00343543
-0.00324773
-0.00343543
-0.00105653
-0.00143241
-0.00105653
-0.00143241
7.72947e-13
-4.01497e-13
7.98507e-13
-4.95425e-14
-0.0815245
-0.0815245
-0.0835554
-0.0835554
7.43957e-11
3.23391e-11
-4.80589e-11
-6.78736e-11
-0.000394747
-0.00138967
-0.000394746
-0.00138967
-0.082375
-0.082375
-0.0829127
-0.0829127
3.79194e-11
-7.57603e-11
-3.95063e-11
-2.50101e-11
-0.000100736
-0.000247017
-0.000100736
-0.000247017
-0.082566
-0.082566
-0.0828016
-0.0828016
2.46411e-11
-2.36341e-11
-1.53853e-11
1.67713e-11
-1.17193e-05
-6.14292e-05
-1.17194e-05
-6.14293e-05
-0.0815245
-0.0815245
-0.0835554
-0.0835554
2.83719e-11
1.94164e-11
-6.13111e-11
-1.24574e-10
-0.000394747
-0.00138967
-0.000394747
-0.00138967
-0.082375
-0.082375
-0.0829127
-0.0829127
-2.69928e-11
-4.37538e-11
-2.89285e-11
-9.03084e-11
-0.000100736
-0.000247017
-0.000100736
-0.000247017
-0.082566
-0.082566
-0.0828016
-0.0828016
-2.70886e-11
-1.12049e-11
1.80979e-11
-3.31515e-11
-1.17193e-05
-6.14291e-05
-1.17193e-05
-6.14294e-05
-0.0815245
-0.0815245
-0.0835554
-0.0835554
2.51683e-11
2.69739e-11
-2.78562e-11
-3.43464e-11
-0.000394747
-0.00138967
-0.000394747
-0.00138967
-0.082375
-0.082375
-0.0829127
-0.0829127
3.43387e-13
5.43887e-11
-1.47024e-11
-3.39953e-11
-0.000100736
-0.000247017
-0.000100736
-0.000247017
-0.082566
-0.082566
-0.0828016
-0.0828016
-2.62383e-11
3.42827e-11
1.26937e-11
-4.31702e-11
-1.17194e-05
-6.14291e-05
-1.17194e-05
-6.14293e-05
-0.0833576
-0.0833576
-0.0831441
-0.0831441
7.56455e-12
-2.95084e-11
-4.06641e-11
-3.88381e-11
8.69709e-05
0.000135947
8.69709e-05
0.000135947
-0.0830491
-0.0830491
-0.0829112
-0.0829112
-6.31405e-12
-3.62165e-11
-3.81529e-11
-7.37624e-12
3.53683e-05
6.1169e-05
3.53683e-05
6.11691e-05
-0.0829167
-0.0829167
-0.0828119
-0.0828119
-2.6862e-11
-3.79451e-11
-3.25612e-11
-2.10755e-12
5.14089e-06
2.41426e-05
5.14089e-06
2.41426e-05
-0.0833576
-0.0833576
-0.0831441
-0.0831441
-8.02373e-11
-1.41355e-10
-5.12307e-11
-1.17936e-10
8.69708e-05
0.000135947
8.69708e-05
0.000135947
-0.0830491
-0.0830491
-0.0829112
-0.0829112
3.81098e-12
-8.3543e-11
-2.50963e-11
-6.64516e-11
3.53682e-05
6.11689e-05
3.53683e-05
6.1169e-05
-0.0829167
-0.0829167
-0.0828119
-0.0828119
-5.44658e-12
-5.96366e-11
-5.30838e-12
-2.09494e-11
5.14088e-06
2.41426e-05
5.14089e-06
2.41425e-05
-0.0833576
-0.0833576
-0.0831441
-0.0831441
-5.5091e-11
-6.97894e-11
-1.92008e-11
-4.35577e-11
8.69708e-05
0.000135947
8.69707e-05
0.000135947
-0.0830491
-0.0830491
-0.0829112
-0.0829112
-1.38508e-11
-3.7891e-11
2.40356e-11
-4.37746e-11
3.53681e-05
6.11689e-05
3.53682e-05
6.1169e-05
-0.0829167
-0.0829167
-0.0828119
-0.0828119
2.48895e-11
-2.23763e-11
3.67086e-11
-3.37864e-11
5.1409e-06
2.41425e-05
5.14089e-06
2.41425e-05
-0.0833415
-0.0833415
-0.0809386
-0.0809386
-6.70602e-12
1.77511e-12
1.56689e-11
6.42058e-11
0.000556127
0.00149039
0.000556127
0.00149039
-0.0826738
-0.0826738
-0.0819101
-0.0819101
-1.40153e-11
-1.49191e-11
-4.46478e-11
1.06492e-10
0.000152606
0.000341736
0.000152606
0.000341736
-0.0825616
-0.0825616
-0.0821876
-0.0821876
1.41219e-11
-1.85038e-11
-8.46679e-11
9.94741e-11
1.8587e-05
9.48334e-05
1.8587e-05
9.48334e-05
-0.0833415
-0.0833415
-0.0809386
-0.0809386
-5.87143e-11
-6.69608e-11
9.03052e-12
2.90494e-11
0.000556127
0.00149039
0.000556127
0.00149039
-0.0826738
-0.0826738
-0.0819101
-0.0819101
-2.14861e-11
-4.96153e-11
7.76748e-12
1.22477e-11
0.000152606
0.000341736
0.000152606
0.000341736
-0.0825616
-0.0825616
-0.0821876
-0.0821876
1.67195e-11
-2.34269e-11
-4.83847e-12
5.1154e-12
1.8587e-05
9.48333e-05
1.8587e-05
9.48334e-05
-0.0833415
-0.0833415
-0.0809386
-0.0809386
-4.38849e-11
-5.61048e-11
5.21761e-13
2.43612e-12
0.000556127
0.00149039
0.000556127
0.00149039
-0.0826738
-0.0826738
-0.0819101
-0.0819101
5.77624e-12
-1.3752e-12
-1.76978e-12
-2.14916e-11
0.000152606
0.000341736
0.000152606
0.000341736
-0.0825616
-0.0825616
-0.0821876
-0.0821876
8.51689e-12
2.8191e-11
1.45714e-11
-4.08839e-11
1.8587e-05
9.48333e-05
1.8587e-05
9.48334e-05
-0.0833573
-0.0833573
-0.081782
-0.081782
2.9403e-11
2.50673e-11
-9.01908e-11
-1.12696e-10
0.000346449
0.000944454
0.00034645
0.000944454
-0.082846
-0.082846
-0.0823895
-0.0823895
2.16625e-11
-6.22965e-11
-5.09428e-11
-1.55122e-11
8.73695e-05
0.000203579
8.73697e-05
0.000203579
-0.0827616
-0.0827616
-0.0825571
-0.0825571
2.29505e-11
-3.91358e-11
-4.0371e-11
3.93603e-12
1.02103e-05
5.30577e-05
1.02103e-05
5.30577e-05
-0.0833573
-0.0833573
-0.081782
-0.081782
1.05264e-10
1.11622e-10
-8.24573e-11
-5.69783e-11
0.000346449
0.000944453
0.000346449
0.000944453
-0.082846
-0.082846
-0.0823895
-0.0823895
-5.51017e-12
2.44327e-11
-1.05607e-10
2.86643e-11
8.73693e-05
0.000203578
8.73695e-05
0.000203578
-0.0827616
-0.0827616
-0.0825571
-0.0825571
-8.41277e-11
1.68719e-11
-9.59119e-11
3.31294e-11
1.02103e-05
5.30573e-05
1.02104e-05
5.30574e-05
-0.0833573
-0.0833573
-0.081782
-0.081782
4.7261e-11
5.0243e-11
-2.89985e-11
-1.00821e-11
0.000346448
0.000944452
0.000346449
0.000944453
-0.082846
-0.082846
-0.0823895
-0.0823895
1.52797e-11
-1.94827e-11
-7.73461e-11
1.29992e-11
8.73692e-05
0.000203578
8.73693e-05
0.000203578
-0.0827616
-0.0827616
-0.0825571
-0.0825571
-1.02935e-11
1.03947e-11
-9.36129e-11
2.78443e-11
1.02104e-05
5.30571e-05
1.02104e-05
5.30571e-05
-0.0833151
-0.0833151
-0.0831265
-0.0831265
4.74889e-11
6.24237e-11
-6.38143e-11
-8.4597e-11
5.42625e-06
3.30844e-08
5.42654e-06
3.33709e-08
-0.0829312
-0.0829312
-0.0829803
-0.0829803
1.5744e-11
-1.61711e-11
-1.35139e-11
-8.57351e-11
-1.9313e-05
-2.35784e-05
-1.93128e-05
-2.35782e-05
-0.0828068
-0.0828068
-0.0828777
-0.0828777
1.52401e-11
-4.90504e-11
3.98002e-11
-6.72555e-11
-3.44784e-06
-1.50196e-05
-3.4478e-06
-1.50195e-05
-0.0833151
-0.0833151
-0.0831265
-0.0831265
1.3586e-10
4.36926e-11
-1.4013e-10
-1.597e-10
5.42541e-06
3.1817e-08
5.42607e-06
3.27356e-08
-0.0829312
-0.0829312
-0.0829803
-0.0829803
1.25934e-10
-5.32126e-11
-7.74804e-11
-8.58704e-11
-1.93133e-05
-2.35793e-05
-1.9313e-05
-2.35787e-05
-0.0828068
-0.0828068
-0.0828777
-0.0828777
4.44226e-11
2.35475e-11
-6.3891e-12
-4.7256e-11
-3.44776e-06
-1.502e-05
-3.4477e-06
-1.50196e-05
-0.0833151
-0.0833151
-0.0831265
-0.0831265
6.89804e-11
3.44197e-11
-7.01286e-11
-7.80179e-11
5.42494e-06
3.08581e-08
5.42524e-06
3.13827e-08
-0.0829312
-0.0829312
-0.0829803
-0.0829803
3.83153e-11
-4.63705e-11
-4.30681e-11
-6.54191e-11
-1.93133e-05
-2.358e-05
-1.93131e-05
-2.35795e-05
-0.0828068
-0.0828068
-0.0828777
-0.0828777
3.33251e-12
3.3513e-11
-1.33289e-11
-5.50222e-11
-3.44759e-06
-1.50203e-05
-3.44759e-06
-1.502e-05
-0.0806208
-0.0806208
-0.0834768
-0.0834768
8.81872e-11
5.77966e-11
-1.56124e-11
-1.80875e-11
-0.0005857
-0.00194873
-0.0005857
-0.00194873
-0.0818806
-0.0818806
-0.0826937
-0.0826937
3.34854e-11
2.1667e-11
1.32767e-11
1.60917e-11
-0.000157529
-0.000372027
-0.000157529
-0.000372027
-0.0821848
-0.0821848
-0.0825648
-0.0825648
2.90234e-12
1.0158e-10
3.4047e-11
-1.10018e-11
-1.88633e-05
-9.74635e-05
-1.88633e-05
-9.74634e-05
-0.0806208
-0.0806208
-0.0834768
-0.0834768
1.69674e-10
1.04365e-10
-5.8873e-11
-1.91236e-10
-0.0005857
-0.00194873
-0.0005857
-0.00194873
-0.0818806
-0.0818806
-0.0826937
-0.0826937
9.34072e-11
-3.28949e-11
1.40529e-11
-1.36267e-11
-0.000157529
-0.000372027
-0.000157529
-0.000372027
-0.0821848
-0.0821848
-0.0825648
-0.0825648
4.31799e-11
6.28147e-11
-2.86362e-11
7.04501e-12
-1.88633e-05
-9.74638e-05
-1.88633e-05
-9.74632e-05
-0.0806208
-0.0806208
-0.0834768
-0.0834768
7.96657e-11
7.56552e-11
-4.0819e-11
-8.79874e-11
-0.000585701
-0.00194873
-0.000585701
-0.00194873
-0.0818806
-0.0818806
-0.0826937
-0.0826937
3.18639e-11
-2.72573e-11
9.46109e-12
1.77766e-11
-0.000157529
-0.000372028
-0.000157529
-0.000372028
-0.0821848
-0.0821848
-0.0825648
-0.0825648
2.0582e-11
-1.56115e-11
-1.78345e-11
6.48199e-12
-1.88632e-05
-9.7464e-05
-1.88632e-05
-9.74635e-05
0.0821876
0.0821876
0.0825616
0.0825616
-3.8098e-11
-4.2046e-11
-9.50042e-11
5.92298e-11
-9.48321e-05
-1.85871e-05
-9.48321e-05
-1.85871e-05
0.0819101
0.0819101
0.0826738
0.0826738
-6.29583e-12
-8.72782e-11
-6.08689e-11
1.15454e-11
-0.000341733
-0.000152605
-0.000341734
-0.000152605
0.0809386
0.0809386
0.0833415
0.0833415
-7.45773e-11
-1.38915e-10
4.32348e-11
1.45809e-11
-0.00149039
-0.000556124
-0.00149039
-0.000556125
0.0821876
0.0821876
0.0825616
0.0825616
-8.75091e-11
-1.01618e-10
-1.72401e-10
7.80288e-11
-9.48321e-05
-1.85868e-05
-9.48322e-05
-1.85871e-05
0.0819101
0.0819101
0.0826738
0.0826738
-4.74355e-11
-1.54119e-10
-3.50965e-11
-3.42478e-11
-0.000341734
-0.000152605
-0.000341734
-0.000152605
0.0809386
0.0809386
0.0833415
0.0833415
-1.39843e-10
-1.75468e-10
1.20435e-10
-9.30939e-12
-0.00149039
-0.000556125
-0.00149039
-0.000556125
0.0821876
0.0821876
0.0825616
0.0825616
-3.30877e-11
-5.65741e-11
-2.82755e-12
-2.06105e-11
-9.48323e-05
-1.85867e-05
-9.48323e-05
-1.85871e-05
0.0819101
0.0819101
0.0826738
0.0826738
1.4238e-11
-3.5758e-11
2.51321e-11
-2.15608e-11
-0.000341734
-0.000152605
-0.000341735
-0.000152605
0.0809386
0.0809386
0.0833415
0.0833415
-5.28862e-11
-4.27415e-11
6.05791e-11
-7.4521e-12
-0.00149039
-0.000556125
-0.00149039
-0.000556126
0.0828119
0.0828119
0.0829167
0.0829167
7.69737e-12
4.70777e-11
4.43572e-11
1.80788e-11
-2.41413e-05
-5.14094e-06
-2.41412e-05
-5.14096e-06
0.0829112
0.0829112
0.0830491
0.0830491
-5.44886e-12
-2.70762e-11
6.15056e-11
8.49071e-11
-6.11666e-05
-3.53671e-05
-6.11668e-05
-3.53671e-05
0.0831441
0.0831441
0.0833576
0.0833576
-8.94828e-11
-1.12678e-10
6.37197e-11
1.04289e-10
-0.000135944
-8.69684e-05
-0.000135944
-8.69686e-05
0.0828119
0.0828119
0.0829167
0.0829167
-4.47575e-11
6.83358e-12
9.20604e-11
9.8299e-12
-2.41412e-05
-5.1409e-06
-2.41412e-05
-5.14101e-06
0.0829112
0.0829112
0.0830491
0.0830491
-9.99463e-11
-1.31425e-10
1.82375e-10
9.64068e-11
-6.11669e-05
-3.5367e-05
-6.11672e-05
-3.53671e-05
0.0831441
0.0831441
0.0833576
0.0833576
-7.68992e-11
-1.18747e-10
1.76178e-10
1.54251e-10
-0.000135945
-8.69686e-05
-0.000135945
-8.69691e-05
0.0828119
0.0828119
0.0829167
0.0829167
-5.2682e-12
-1.55634e-11
5.14002e-11
-1.08014e-12
-2.41412e-05
-5.14079e-06
-2.41412e-05
-5.14098e-06
0.0829112
0.0829112
0.0830491
0.0830491
-3.21356e-11
-6.68728e-11
7.28828e-11
3.16362e-11
-6.11673e-05
-3.5367e-05
-6.11675e-05
-3.53671e-05
0.0831441
0.0831441
0.0833576
0.0833576
-2.61217e-11
-3.49865e-11
5.60631e-11
4.67612e-11
-0.000135945
-8.69692e-05
-0.000135946
-8.69694e-05
0.0828016
0.0828016
0.082566
0.082566
1.17017e-10
-5.43998e-11
1.18256e-10
-2.01058e-11
6.14309e-05
1.17192e-05
6.14308e-05
1.17192e-05
0.0829127
0.0829127
0.082375
0.082375
1.37847e-10
5.89647e-11
1.28956e-10
8.73255e-11
0.000247019
0.000100737
0.000247019
0.000100737
0.0835554
0.0835554
0.0815245
0.0815245
1.95282e-12
2.47086e-11
7.28899e-11
1.13687e-10
0.00138968
0.000394749
0.00138968
0.000394749
0.0828016
0.0828016
0.082566
0.082566
1.91927e-10
-5.78598e-11
2.14991e-10
-4.78213e-11
6.14308e-05
1.17193e-05
6.14306e-05
1.17192e-05
0.0829127
0.0829127
0.082375
0.082375
1.94538e-10
8.89809e-11
2.46187e-10
9.07051e-11
0.000247019
0.000100737
0.000247018
0.000100737
0.0835554
0.0835554
0.0815245
0.0815245
4.37227e-11
7.0129e-11
2.34956e-10
2.05852e-10
0.00138968
0.000394749
0.00138968
0.000394748
0.0828016
0.0828016
0.082566
0.082566
6.5787e-11
-1.3267e-11
9.92352e-11
-4.67938e-11
6.14304e-05
1.17194e-05
6.14304e-05
1.17193e-05
0.0829127
0.0829127
0.082375
0.082375
4.98601e-11
3.72021e-11
7.83457e-11
3.95972e-12
0.000247018
0.000100737
0.000247018
0.000100737
0.0835554
0.0835554
0.0815245
0.0815245
-1.79603e-11
2.30451e-11
6.48771e-11
3.84711e-11
0.00138968
0.000394748
0.00138968
0.000394748
0.081782
0.081782
0.0833573
0.0833573
-5.19819e-11
-4.60077e-11
-3.13611e-11
9.86788e-12
-0.000944451
-0.000346447
-0.000944452
-0.000346447
0.0823895
0.0823895
0.082846
0.082846
-1.85289e-11
2.52387e-11
-1.1996e-10
8.06529e-11
-0.000203577
-8.73683e-05
-0.000203577
-8.73683e-05
0.0825571
0.0825571
0.0827616
0.0827616
-5.07018e-11
7.83864e-11
-1.5808e-10
1.78743e-10
-5.3056e-05
-1.02104e-05
-5.30561e-05
-1.02104e-05
0.081782
0.081782
0.0833573
0.0833573
4.81089e-11
1.84031e-11
1.22045e-10
5.90581e-11
-0.000944451
-0.000346447
-0.000944451
-0.000346447
0.0823895
0.0823895
0.082846
0.082846
1.21818e-10
6.36584e-11
7.01501e-12
7.71728e-11
-0.000203576
-8.7368e-05
-0.000203576
-8.73683e-05
0.0825571
0.0825571
0.0827616
0.0827616
2.46948e-11
6.14543e-11
-6.85968e-11
1.34582e-10
-5.30557e-05
-1.02105e-05
-5.30561e-05
-1.02106e-05
0.081782
0.081782
0.0833573
0.0833573
7.72614e-12
7.76214e-12
6.75463e-11
2.32192e-11
-0.00094445
-0.000346447
-0.000944451
-0.000346447
0.0823895
0.0823895
0.082846
0.082846
6.81892e-11
3.90848e-11
4.04407e-11
2.0491e-11
-0.000203576
-8.73679e-05
-0.000203576
-8.7368e-05
0.0825571
0.0825571
0.0827616
0.0827616
2.46706e-11
2.55577e-11
-1.40679e-11
2.39134e-11
-5.30554e-05
-1.02106e-05
-5.30558e-05
-1.02107e-05
0.0831265
0.0831265
0.0833151
0.0833151
4.84327e-11
1.86012e-11
5.48156e-11
-2.09758e-11
-3.12906e-08
-5.42478e-06
-3.11592e-08
-5.42461e-06
0.0829803
0.0829803
0.0829312
0.0829312
2.97864e-11
-2.31456e-11
3.64822e-11
-4.45373e-11
2.35802e-05
1.9314e-05
2.35803e-05
1.9314e-05
0.0828777
0.0828777
0.0828068
0.0828068
-5.2207e-11
-8.76511e-12
2.05997e-11
-3.60486e-11
1.50213e-05
3.44749e-06
1.50212e-05
3.44747e-06
0.0831265
0.0831265
0.0833151
0.0833151
6.00738e-11
2.08678e-11
9.84809e-11
5.02734e-11
-3.12231e-08
-5.4248e-06
-3.1262e-08
-5.42476e-06
0.0829804
0.0829803
0.0829312
0.0829312
5.11481e-11
-8.48883e-12
7.30779e-11
4.21252e-12
2.35801e-05
1.93139e-05
2.35802e-05
1.93139e-05
0.0828777
0.0828777
0.0828068
0.0828068
-5.93455e-11
-4.85817e-12
3.63276e-11
-5.8817e-12
1.5021e-05
3.4476e-06
1.50207e-05
3.44756e-06
0.0831265
0.0831265
0.0833151
0.0833151
5.99155e-11
4.94565e-11
8.19757e-11
9.12668e-11
-3.12335e-08
-5.42482e-06
-3.12449e-08
-5.42483e-06
0.0829804
0.0829804
0.0829312
0.0829312
3.11626e-12
-6.16518e-12
8.10915e-11
4.92784e-11
2.358e-05
1.93138e-05
2.35801e-05
1.93138e-05
0.0828777
0.0828777
0.0828068
0.0828068
-4.17541e-11
1.55764e-11
7.38992e-11
-1.77913e-11
1.50207e-05
3.44762e-06
1.50205e-05
3.44759e-06
0.0834768
0.0834768
0.0806208
0.0806208
7.36273e-11
5.78726e-11
5.00388e-12
3.57263e-11
0.00194873
0.0005857
0.00194873
0.0005857
0.0826937
0.0826937
0.0818806
0.0818806
7.53097e-11
7.01021e-11
5.15923e-11
2.19305e-11
0.000372026
0.000157529
0.000372027
0.000157529
0.0825648
0.0825648
0.0821848
0.0821848
-1.98333e-11
3.07033e-11
1.14081e-10
-2.70526e-11
9.74631e-05
1.88634e-05
9.74632e-05
1.88633e-05
0.0834768
0.0834768
0.0806208
0.0806208
9.95561e-11
7.93231e-11
4.19516e-11
3.12015e-11
0.00194873
0.000585699
0.00194873
0.0005857
0.0826937
0.0826937
0.0818806
0.0818806
7.0099e-11
2.27907e-11
6.29662e-11
2.22612e-11
0.000372026
0.000157529
0.000372026
0.000157529
0.0825648
0.0825648
0.0821848
0.0821848
1.81762e-11
2.8957e-12
5.83056e-11
-6.79556e-12
9.74629e-05
1.88634e-05
9.74628e-05
1.88633e-05
0.0834768
0.0834768
0.0806208
0.0806208
9.39644e-11
6.95591e-11
3.57674e-11
6.13839e-12
0.00194873
0.0005857
0.00194873
0.0005857
0.0826937
0.0826937
0.0818806
0.0818806
7.6917e-11
1.81503e-11
2.30443e-11
8.22211e-12
0.000372026
0.000157529
0.000372026
0.000157529
0.0825648
0.0825648
0.0821848
0.0821848
8.67954e-11
-2.86223e-11
-2.70147e-11
3.48136e-11
9.74631e-05
1.88633e-05
9.74628e-05
1.88634e-05
