FiniteElementSpace
FiniteElementCollection: H1_3D_P2
VDim: 1
Ordering: 0

0.331507
0.331507
0.331507
0.331507
0.994522
0.994522
0.994522
0.994522
0.331507
0.331507
0.994522
0.994522
0.331507
0.994522
0.331507
0.331507
0.994522
0.994522
0.331507
0.994522
0.331507
0.994522
0.331507
0.331507
0.994522
0.994522
0.331507
0.994522
0.331507
0.994522
0.331507
0.994522
0.331507
0.994522
-0.331507
-0.331507
-0.331507
-0.331507
-0.331507
-0.331507
-0.331507
-0.331507
-0.331507
-0.331507
-0.331507
-0.331507
-0.331507
-0.331507
-0.331507
-0.331507
-0.331507
-0.994522
-0.994522
-0.994522
-0.994522
-0.994522
-0.994522
-0.994522
-0.994522
-0.994522
-0.994522
-0.994522
-0.994522
-0.994522
-0.994522
-0.994522
-0.994522
-0.994522
0.331507
0.331507
0.331507
0.331507
0.994522
0.994522
0.994522
0.994522
0.331507
0.994522
0.331507
0.331507
0.994522
0.994522
0.331507
0.994522
0.331507
0.331507
0.994522
0.994522
0.331507
0.994522
0.331507
0.994522
0.331507
0.994522
0.331507
0.994522
-0.331507
-0.331507
-0.331507
-0.331507
-0.331507
-0.331507
-0.331507
-0.331507
-0.331507
-0.331507
-0.331507
-0.331507
-0.331507
-0.331507
-0.994522
-0.994522
-0.994522
-0.994522
-0.994522
-0.994522
-0.994522
-0.994522
-0.994522
-0.994522
-0.994522
-0.994522
-0.994522
-0.994522
0.331507
0.331507
0.331507
0.331507
0.994522
0.994522
0.994522
0.994522
0.331507
0.994522
0.331507
0.331507
0.994522
0.994522
0.331507
0.994522
0.331507
0.994522
0.331507
0.331507
0.994522
0.994522
0.331507
0.994522
0.331507
0.994522
-0.331507
-0.331507
-0.331507
-0.331507
-0.331507
-0.331507
-0.331507
-0.331507
-0.331507
-0.331507
-0.331507
-0.331507
-0.331507
-0.994522
-0.994522
-0.994522
-0.994522
-0.994522
-0.994522
-0.994522
-0.994522
-0.994522
-0.994522
-0.994522
-0.994522
-0.994522
0.331507
0.331507
0.331507
0.331507
0.994522
0.994522
0.994522
0.994522
0.331507
0.331507
0.994522
0.994522
0.331507
0.994522
0.331507
0.331507
0.994522
0.994522
0.331507
0.994522
0.331507
0.994522
-0.331507
-0.331507
-0.331507
-0.331507
-0.331507
-0.331507
-0.331507
-0.331507
-0.331507
-0.331507
-0.331507
-0.994522
-0.994522
-0.994522
-0.994522
-0.994522
-0.994522
-0.994522
-0.994522
-0.994522
-0.994522
-0.994522
0.331507
0.994522
0.331507
0.994522
0.331507
0.994522
0.331507
0.994522
0.331507
0.994522
0.331507
0.994522
-0.331507
-0.331507
-0.331507
-0.331507
-0.331507
-0.331507
-0.994522
-0.994522
-0.994522
-0.994522
-0.994522
-0.994522
0.331507
0.994522
0.331507
0.994522
0.331507
0.994522
-0.331507
-0.331507
-0.331507
-0.994522
-0.994522
-0.994522
0.331507
0.994522
0.331507
0.994522
0.331507
0.994522
-0.331507
-0.331507
-0.331507
-0.994522
-0.994522
-0.994522
0.331507
0.994522
0.331507
0.994522
0.331507
0.994522
-0.331507
-0.331507
-0.331507
-0.994522
-0.994522
-0.994522
0.331507
0.994522
0.331507
0.994522
0.331507
0.994522
-0.331507
-0.331507
-0.331507
-0.994522
-0.994522
-0.994522
0.331507
0.994522
0.331507
0.994522
0.331507
0.994522
-0.331507
-0.331507
-0.331507
-0.994522
-0.994522
-0.994522
-0.994522
-0.994522
-0.331507
-0.331507
-0.994522
-0.331507
0.331507
0.331507
0.331507
0.994522
0.994522
0.994522
-0.994522
-0.994522
-0.331507
-0.331507
-0.994522
-0.331507
0.331507
0.331507
0.331507
0.994522
0.994522
0.994522
-0.994522
-0.994522
-0.331507
-0.331507
-0.994522
-0.331507
0.331507
0.331507
0.331507
0.994522
0.994522
0.994522
0.331507
0.994522
0.331507
0.994522
0.331507
0.994522
-0.331507
-0.331507
-0.331507
-0.994522
-0.994522
-0.994522
0.331507
0.994522
0.331507
0.994522
0.331507
0.994522
-0.331507
-0.331507
-0.331507
-0.994522
-0.994522
-0.994522
0.331507
0.331507
0.331507
0.331507
0.994522
0.994522
0.994522
0.994522
0.663015
0.663015
0.663015
0.663015
0.331507
0.331507
0.331507
0.994522
0.994522
0.994522
0.663015
0.663015
0.331507
0.331507
0.994522
0.994522
0.663015
0.331507
0.331507
0.331507
0.994522
0.994522
0.994522
0.663015
0.663015
0.331507
0.331507
0.994522
0.994522
0.663015
0.331507
0.331507
0.994522
0.994522
0.663015
0.331507
0.331507
0.331507
0.994522
0.994522
0.994522
0.663015
0.663015
0.331507
0.331507
0.994522
0.994522
0.663015
0.331507
0.331507
0.994522
0.994522
0.663015
0.331507
0.331507
0.994522
0.994522
0.663015
0.331507
0.331507
0.994522
0.994522
0.663015
0.331507
0.994522
-0.331507
-0.331507
-0.331507
-0.331507
-2.78992e-11
3.06065e-11
7.80389e-11
3.17937e-10
-0.331507
-0.331507
-0.331507
-3.572e-10
-2.24258e-10
-0.331507
-0.331507
3.1757e-10
-0.331507
-0.331507
-0.331507
4.99903e-11
-6.91382e-11
-0.331507
-0.331507
-9.08691e-11
-0.331507
-0.331507
-2.12678e-10
-0.331507
-0.331507
-0.331507
-1.76657e-10
-1.82259e-10
-0.331507
-0.331507
-2.14037e-10
-0.331507
-0.331507
-1.17827e-10
-0.331507
-0.331507
-6.54052e-11
-0.331507
-0.331507
-6.38838e-11
-0.331507
-0.994522
-0.994522
-0.994522
-0.994522
-0.663015
-0.663015
-0.663015
-0.663015
-0.994522
-0.994522
-0.994522
-0.663015
-0.663015
-0.994522
-0.994522
-0.663015
-0.994522
-0.994522
-0.994522
-0.663015
-0.663015
-0.994522
-0.994522
-0.663015
-0.994522
-0.994522
-0.663015
-0.994522
-0.994522
-0.994522
-0.663015
-0.663015
-0.994522
-0.994522
-0.663015
-0.994522
-0.994522
-0.663015
-0.994522
-0.994522
-0.663015
-0.994522
-0.994522
-0.663015
-0.994522
0.331507
0.331507
0.331507
0.331507
0.994522
0.994522
0.994522
0.994522
0.663015
0.663015
0.663015
0.663015
0.331507
0.331507
0.331507
0.994522
0.994522
0.994522
0.663015
0.331507
0.994522
0.331507
0.331507
0.331507
0.994522
0.994522
0.994522
0.663015
0.663015
0.331507
0.994522
0.331507
0.331507
0.994522
0.994522
0.663015
0.331507
0.331507
0.331507
0.994522
0.994522
0.994522
0.663015
0.663015
0.331507
0.331507
0.994522
0.994522
0.663015
0.331507
0.331507
0.994522
0.994522
0.663015
0.331507
0.331507
0.994522
0.994522
0.663015
0.331507
0.331507
0.994522
0.994522
0.663015
0.331507
0.994522
-0.331507
-0.331507
-0.331507
-0.331507
-1.5666e-10
-2.74514e-10
-4.64284e-10
-4.20848e-10
-0.331507
-0.331507
-0.331507
-1.4484e-10
-0.331507
-0.331507
-0.331507
-0.331507
-5.20462e-10
-5.83487e-10
-0.331507
-0.331507
-0.331507
-7.39717e-10
-0.331507
-0.331507
-0.331507
-4.30766e-10
-4.78222e-10
-0.331507
-0.331507
-5.18372e-10
-0.331507
-0.331507
-2.16992e-10
-0.331507
-0.331507
-3.58155e-10
-0.331507
-0.331507
-2.94643e-10
-0.331507
-0.994522
-0.994522
-0.994522
-0.994522
-0.663015
-0.663015
-0.663015
-0.663015
-0.994522
-0.994522
-0.994522
-0.663015
-0.994522
-0.994522
-0.994522
-0.994522
-0.663015
-0.663015
-0.994522
-0.994522
-0.994522
-0.663015
-0.994522
-0.994522
-0.994522
-0.663015
-0.663015
-0.994522
-0.994522
-0.663015
-0.994522
-0.994522
-0.663015
-0.994522
-0.994522
-0.663015
-0.994522
-0.994522
-0.663015
-0.994522
0.331507
0.331507
0.331507
0.331507
0.994522
0.994522
0.994522
0.994522
0.663015
0.663015
0.663015
0.663015
0.331507
0.331507
0.994522
0.994522
0.331507
0.331507
0.994522
0.994522
0.663015
0.331507
0.331507
0.331507
0.994522
0.994522
0.994522
0.663015
0.663015
0.331507
0.331507
0.994522
0.994522
0.663015
0.331507
0.331507
0.994522
0.994522
0.663015
0.331507
0.331507
0.331507
0.994522
0.994522
0.994522
0.663015
0.663015
0.331507
0.331507
0.994522
0.994522
0.663015
0.331507
0.331507
0.994522
0.994522
0.331507
0.331507
0.994522
0.994522
0.663015
0.331507
0.994522
-0.331507
-0.331507
-0.331507
-0.331507
-1.74713e-10
-1.51481e-10
-4.29488e-11
1.81355e-10
-0.331507
-0.331507
-0.331507
-0.331507
8.25634e-11
-0.331507
-0.331507
-0.331507
-1.01196e-10
-6.26017e-11
-0.331507
-0.331507
-2.32304e-10
-0.331507
-0.331507
-1.32274e-10
-0.331507
-0.331507
-0.331507
-4.61964e-11
-1.24479e-10
-0.331507
-0.331507
-4.40475e-11
-0.331507
-0.331507
-0.331507
-0.331507
-9.37565e-11
-0.331507
-0.994522
-0.994522
-0.994522
-0.994522
-0.663015
-0.663015
-0.663015
-0.663015
-0.994522
-0.994522
-0.994522
-0.994522
-0.663015
-0.994522
-0.994522
-0.994522
-0.663015
-0.663015
-0.994522
-0.994522
-0.663015
-0.994522
-0.994522
-0.663015
-0.994522
-0.994522
-0.994522
-0.663015
-0.663015
-0.994522
-0.994522
-0.663015
-0.994522
-0.994522
-0.994522
-0.994522
-0.663015
-0.994522
0.331507
0.331507
0.331507
0.331507
0.994522
0.994522
0.994522
0.994522
0.663015
0.663015
0.663015
0.663015
0.331507
0.331507
0.994522
0.994522
0.331507
0.994522
0.331507
0.331507
0.331507
0.994522
0.994522
0.994522
0.663015
0.663015
0.331507
0.994522
0.331507
0.331507
0.994522
0.994522
0.663015
0.331507
0.331507
0.331507
0.994522
0.994522
0.994522
0.663015
0.663015
0.331507
0.331507
0.994522
0.994522
0.663015
0.331507
0.331507
0.994522
0.994522
0.331507
0.331507
0.994522
0.994522
0.663015
0.331507
0.994522
-0.331507
-0.331507
-0.331507
-0.331507
-4.97153e-11
-2.97358e-10
-4.99189e-10
-2.59321e-10
-0.331507
-0.331507
-0.331507
-0.331507
-0.331507
-0.331507
-1.8113e-10
-4.4724e-10
-0.331507
-0.331507
-0.331507
-4.18951e-10
-0.331507
-0.331507
-0.331507
-5.63739e-10
-4.24505e-10
-0.331507
-0.331507
-6.72085e-10
-0.331507
-0.331507
-0.331507
-0.331507
-3.07042e-10
-0.331507
-0.994522
-0.994522
-0.994522
-0.994522
-0.663015
-0.663015
-0.663015
-0.663015
-0.994522
-0.994522
-0.994522
-0.994522
-0.994522
-0.994522
-0.663015
-0.663015
-0.994522
-0.994522
-0.994522
-0.663015
-0.994522
-0.994522
-0.994522
-0.663015
-0.663015
-0.994522
-0.994522
-0.663015
-0.994522
-0.994522
-0.994522
-0.994522
-0.663015
-0.994522
0.331507
0.994522
0.663015
0.331507
0.994522
0.663015
0.331507
0.994522
0.331507
0.994522
0.663015
0.331507
0.994522
0.663015
0.331507
0.994522
0.331507
0.994522
0.663015
0.331507
0.994522
0.663015
0.331507
0.994522
-0.331507
-1.8621e-10
-0.331507
-1.80838e-11
-0.331507
-0.331507
-1.78137e-10
-0.331507
-1.07204e-10
-0.331507
-0.331507
-1.46862e-10
-0.331507
-1.29067e-10
-0.331507
-0.994522
-0.663015
-0.994522
-0.663015
-0.994522
-0.994522
-0.663015
-0.994522
-0.663015
-0.994522
-0.994522
-0.663015
-0.994522
-0.663015
-0.994522
0.331507
0.994522
0.663015
0.331507
0.994522
0.331507
0.994522
0.663015
0.331507
0.994522
0.331507
0.994522
0.663015
0.331507
0.994522
-0.331507
-1.39575e-10
-0.331507
-0.331507
-6.4435e-11
-0.331507
-0.331507
7.35015e-11
-0.331507
-0.994522
-0.663015
-0.994522
-0.994522
-0.663015
-0.994522
-0.994522
-0.663015
-0.994522
0.331507
0.994522
0.663015
0.331507
0.994522
0.331507
0.994522
0.663015
0.331507
0.994522
0.331507
0.994522
0.663015
0.331507
0.994522
-0.331507
-2.35191e-11
-0.331507
-0.331507
-3.38756e-11
-0.331507
-0.331507
1.16054e-11
-0.331507
-0.994522
-0.663015
-0.994522
-0.994522
-0.663015
-0.994522
-0.994522
-0.663015
-0.994522
0.331507
0.994522
0.663015
0.331507
0.994522
0.331507
0.994522
0.663015
0.331507
0.994522
0.331507
0.994522
0.663015
0.331507
0.994522
-0.331507
1.57793e-10
-0.331507
-0.331507
7.60204e-11
-0.331507
-0.331507
7.14611e-11
-0.331507
-0.994522
-0.663015
-0.994522
-0.994522
-0.663015
-0.994522
-0.994522
-0.663015
-0.994522
0.331507
0.994522
0.663015
0.331507
0.994522
0.331507
0.994522
0.663015
0.331507
0.994522
0.331507
0.994522
0.663015
0.331507
0.994522
-0.331507
-1.84443e-10
-0.331507
-0.331507
-1.55637e-10
-0.331507
-0.331507
-2.87138e-11
-0.331507
-0.994522
-0.663015
-0.994522
-0.994522
-0.663015
-0.994522
-0.994522
-0.663015
-0.994522
0.331507
0.994522
0.663015
0.331507
0.994522
0.331507
0.994522
0.663015
0.331507
0.994522
0.331507
0.994522
0.663015
0.331507
0.994522
-0.331507
-2.72056e-10
-0.331507
-0.331507
-1.65856e-10
-0.331507
-0.331507
8.76796e-11
-0.331507
-0.994522
-0.663015
-0.994522
-0.994522
-0.663015
-0.994522
-0.994522
-0.663015
-0.994522
-0.994522
-0.663015
-0.331507
-0.663015
-0.994522
-0.994522
-0.331507
-0.331507
-0.994522
-0.331507
-0.663015
-0.994522
-0.331507
-0.994522
-0.331507
-1.47127e-10
0.331507
-4.20858e-10
0.331507
0.331507
0.331507
-3.07372e-10
0.331507
0.331507
0.663015
0.994522
0.663015
0.994522
0.994522
0.994522
0.663015
0.994522
0.994522
-0.994522
-0.663015
-0.331507
-0.663015
-0.994522
-0.994522
-0.331507
-0.331507
-0.994522
-0.331507
-0.663015
-0.994522
-0.331507
-0.994522
-0.331507
-4.48731e-10
0.331507
-5.93002e-10
0.331507
0.331507
0.331507
-3.82642e-10
0.331507
0.331507
0.663015
0.994522
0.663015
0.994522
0.994522
0.994522
0.663015
0.994522
0.994522
-0.994522
-0.663015
-0.331507
-0.663015
-0.994522
-0.994522
-0.331507
-0.331507
-0.994522
-0.331507
-0.663015
-0.994522
-0.331507
-0.994522
-0.331507
-3.29136e-10
0.331507
-2.65436e-10
0.331507
0.331507
0.331507
-3.71123e-10
0.331507
0.331507
0.663015
0.994522
0.663015
0.994522
0.994522
0.994522
0.663015
0.994522
0.994522
0.331507
0.663015
0.994522
0.331507
0.994522
0.331507
0.663015
0.994522
0.331507
0.994522
0.331507
0.663015
0.994522
0.331507
0.994522
-0.331507
-4.03982e-11
-0.331507
-0.331507
-4.69218e-11
-0.331507
-0.331507
-1.83659e-10
-0.331507
-0.994522
-0.663015
-0.994522
-0.994522
-0.663015
-0.994522
-0.994522
-0.663015
-0.994522
0.331507
0.663015
0.994522
0.331507
0.994522
0.331507
0.663015
0.994522
0.331507
0.994522
0.331507
0.663015
0.994522
0.331507
0.994522
-0.331507
-1.73542e-10
-0.331507
-0.331507
-2.53495e-11
-0.331507
-0.331507
1.19214e-10
-0.331507
-0.994522
-0.663015
-0.994522
-0.994522
-0.663015
-0.994522
-0.994522
-0.663015
-0.994522
0.331507
0.994522
0.331507
0.994522
0.331507
0.994522
-0.331507
-0.331507
-0.331507
-0.994522
-0.994522
-0.994522
0.331507
0.663015
0.663015
0.663015
0.663015
0.994522
0.331507
0.663015
0.663015
0.663015
0.994522
0.331507
0.663015
0.663015
0.994522
0.331507
0.663015
0.663015
0.663015
0.994522
0.331507
0.663015
0.663015
0.994522
0.331507
0.663015
0.663015
0.994522
0.331507
0.663015
0.663015
0.663015
0.994522
0.331507
0.663015
0.663015
0.994522
0.331507
0.663015
0.663015
0.994522
0.331507
0.663015
0.663015
0.994522
0.331507
0.663015
0.663015
0.994522
0.331507
0.663015
0.994522
-0.331507
3.52333e-11
1.13313e-10
2.32205e-10
1.68602e-10
-0.331507
-2.89978e-10
-1.73813e-10
-2.93768e-10
-0.331507
4.81151e-11
3.44324e-10
-0.331507
2.85976e-10
9.73286e-12
3.85731e-11
-0.331507
3.29202e-10
-6.80983e-11
-0.331507
1.25416e-11
-2.19299e-11
-0.331507
-1.03788e-10
-4.89149e-11
-2.12535e-10
-0.331507
-2.41695e-10
-1.87648e-10
-0.331507
-1.93738e-10
-1.43642e-10
-0.331507
-6.68158e-11
-4.89293e-11
-0.331507
-8.92778e-11
-7.52036e-11
-0.331507
-1.51299e-10
-0.994522
-0.663015
-0.663015
-0.663015
-0.663015
-0.994522
-0.663015
-0.663015
-0.663015
-0.994522
-0.663015
-0.663015
-0.994522
-0.663015
-0.663015
-0.663015
-0.994522
-0.663015
-0.663015
-0.994522
-0.663015
-0.663015
-0.994522
-0.663015
-0.663015
-0.663015
-0.994522
-0.663015
-0.663015
-0.994522
-0.663015
-0.663015
-0.994522
-0.663015
-0.663015
-0.994522
-0.663015
-0.663015
-0.994522
-0.663015
0.331507
0.663015
0.663015
0.663015
0.663015
0.994522
0.331507
0.663015
0.663015
0.663015
0.994522
0.331507
0.663015
0.994522
0.331507
0.663015
0.663015
0.663015
0.994522
0.331507
0.663015
0.994522
0.331507
0.663015
0.663015
0.994522
0.331507
0.663015
0.663015
0.663015
0.994522
0.331507
0.663015
0.663015
0.994522
0.331507
0.663015
0.663015
0.994522
0.331507
0.663015
0.663015
0.994522
0.331507
0.663015
0.663015
0.994522
0.331507
0.663015
0.994522
-0.331507
-2.3273e-10
-3.92213e-10
-5.33572e-10
-3.42529e-10
-0.331507
-2.11728e-10
-2.57696e-10
-1.97067e-10
-0.331507
-3.31758e-10
-0.331507
-4.78194e-10
-5.75302e-10
-6.42321e-10
-0.331507
-3.36359e-10
-0.331507
-5.86223e-10
-7.48293e-10
-0.331507
-3.69258e-10
-4.26822e-10
-5.36199e-10
-0.331507
-3.72736e-10
-4.77431e-10
-0.331507
-3.53393e-10
-3.2786e-10
-0.331507
-4.75416e-10
-3.10522e-10
-0.331507
-2.60826e-10
-3.51503e-10
-0.331507
-1.92492e-10
-0.994522
-0.663015
-0.663015
-0.663015
-0.663015
-0.994522
-0.663015
-0.663015
-0.663015
-0.994522
-0.663015
-0.994522
-0.663015
-0.663015
-0.663015
-0.994522
-0.663015
-0.994522
-0.663015
-0.663015
-0.994522
-0.663015
-0.663015
-0.663015
-0.994522
-0.663015
-0.663015
-0.994522
-0.663015
-0.663015
-0.994522
-0.663015
-0.663015
-0.994522
-0.663015
-0.663015
-0.994522
-0.663015
0.331507
0.663015
0.663015
0.663015
0.663015
0.994522
0.331507
0.663015
0.663015
0.994522
0.331507
0.663015
0.663015
0.994522
0.331507
0.663015
0.663015
0.663015
0.994522
0.331507
0.663015
0.663015
0.994522
0.331507
0.663015
0.663015
0.994522
0.331507
0.663015
0.663015
0.663015
0.994522
0.331507
0.663015
0.663015
0.994522
0.331507
0.663015
0.663015
0.994522
0.331507
0.663015
0.663015
0.994522
0.331507
0.663015
0.994522
0.331507
0.994522
-0.331507
-1.55107e-10
-5.68949e-11
8.60486e-11
-5.23253e-11
-0.331507
-2.48635e-10
-2.06477e-10
-0.331507
-7.54992e-11
1.52607e-10
-0.331507
1.3423e-10
3.43557e-11
2.42609e-12
-0.331507
1.29658e-10
-2.21096e-10
-0.331507
-1.13882e-10
-1.00724e-10
-0.331507
3.90673e-11
-6.33521e-11
-1.13638e-10
-0.331507
-1.1233e-10
-7.98287e-12
-0.331507
-1.34236e-10
-1.36665e-10
-0.331507
-5.32193e-11
-1.36364e-10
-0.331507
-1.70316e-10
-0.331507
-0.994522
-0.663015
-0.663015
-0.663015
-0.663015
-0.994522
-0.663015
-0.663015
-0.994522
-0.663015
-0.663015
-0.994522
-0.663015
-0.663015
-0.663015
-0.994522
-0.663015
-0.663015
-0.994522
-0.663015
-0.663015
-0.994522
-0.663015
-0.663015
-0.663015
-0.994522
-0.663015
-0.663015
-0.994522
-0.663015
-0.663015
-0.994522
-0.663015
-0.663015
-0.994522
-0.663015
-0.994522
0.331507
0.663015
0.663015
0.663015
0.663015
0.994522
0.331507
0.663015
0.663015
0.994522
0.331507
0.663015
0.994522
0.331507
0.663015
0.663015
0.663015
0.994522
0.331507
0.663015
0.994522
0.331507
0.663015
0.663015
0.994522
0.331507
0.663015
0.663015
0.663015
0.994522
0.331507
0.663015
0.663015
0.994522
0.331507
0.663015
0.663015
0.994522
0.331507
0.663015
0.663015
0.994522
0.331507
0.663015
0.994522
0.331507
0.994522
-0.331507
-1.73551e-10
-4.05545e-10
-4.16521e-10
-2.04294e-10
-0.331507
-1.44219e-10
-1.00821e-10
-0.331507
-1.46839e-10
-0.331507
-2.32704e-10
-5.30397e-10
-3.25115e-10
-0.331507
-1.30533e-10
-0.331507
-2.1487e-10
-5.0724e-10
-0.331507
-3.89072e-10
-5.23179e-10
-5.84683e-10
-0.331507
-3.93478e-10
-6.52624e-10
-0.331507
-3.94628e-10
-3.70547e-10
-0.331507
-3.73578e-10
-3.22236e-10
-0.331507
-2.0978e-10
-0.331507
-0.994522
-0.663015
-0.663015
-0.663015
-0.663015
-0.994522
-0.663015
-0.663015
-0.994522
-0.663015
-0.994522
-0.663015
-0.663015
-0.663015
-0.994522
-0.663015
-0.994522
-0.663015
-0.663015
-0.994522
-0.663015
-0.663015
-0.663015
-0.994522
-0.663015
-0.663015
-0.994522
-0.663015
-0.663015
-0.994522
-0.663015
-0.663015
-0.994522
-0.663015
-0.994522
0.663015
0.331507
0.994522
0.663015
0.663015
0.663015
0.331507
0.994522
0.663015
0.663015
0.663015
0.331507
0.994522
0.663015
0.663015
-2.13172e-10
-0.331507
-5.7384e-11
-1.34419e-10
-1.75879e-10
-0.331507
1.5475e-10
4.22542e-11
-2.13454e-10
-0.331507
2.49374e-10
-1.2232e-10
-0.663015
-0.994522
-0.663015
-0.663015
-0.663015
-0.994522
-0.663015
-0.663015
-0.663015
-0.994522
-0.663015
-0.663015
0.331507
0.994522
0.663015
0.663015
0.331507
0.994522
0.663015
0.663015
0.331507
0.994522
0.663015
0.663015
-0.331507
-2.74692e-10
-5.19942e-10
-0.331507
-1.43249e-10
-1.16834e-10
-0.331507
-3.16455e-11
2.99786e-10
-0.994522
-0.663015
-0.663015
-0.994522
-0.663015
-0.663015
-0.994522
-0.663015
-0.663015
0.331507
0.994522
0.663015
0.663015
0.331507
0.994522
0.663015
0.663015
0.331507
0.994522
0.663015
0.663015
-0.331507
-5.41994e-10
4.60888e-11
-0.331507
-4.69889e-10
7.14904e-11
-0.331507
-2.50789e-10
-2.86162e-11
-0.994522
-0.663015
-0.663015
-0.994522
-0.663015
-0.663015
-0.994522
-0.663015
-0.663015
0.663015
0.331507
0.994522
0.663015
0.663015
0.331507
0.994522
0.663015
0.663015
0.331507
0.994522
0.663015
1.42134e-10
-0.331507
-9.16325e-11
1.793e-10
-0.331507
-1.72398e-10
-8.52519e-12
-0.331507
-2.23136e-10
-0.663015
-0.994522
-0.663015
-0.663015
-0.994522
-0.663015
-0.663015
-0.994522
-0.663015
0.663015
0.331507
0.994522
0.663015
0.663015
0.331507
0.994522
0.663015
0.663015
0.331507
0.994522
0.663015
-3.27556e-10
-0.331507
-2.82987e-10
-2.444e-10
-0.331507
-4.04927e-10
-1.99537e-11
-0.331507
-3.33252e-10
-0.663015
-0.994522
-0.663015
-0.663015
-0.994522
-0.663015
-0.663015
-0.994522
-0.663015
0.663015
0.331507
0.994522
0.663015
0.663015
0.331507
0.994522
0.663015
0.663015
0.331507
0.994522
0.663015
-2.26887e-10
-0.331507
-3.74975e-10
-2.41258e-10
-0.331507
-2.16693e-10
9.17687e-11
-0.331507
-7.92028e-11
-0.663015
-0.994522
-0.663015
-0.663015
-0.994522
-0.663015
-0.663015
-0.994522
-0.663015
-0.994522
-0.663015
-0.331507
-0.663015
-0.663015
-0.994522
-0.331507
-0.663015
-0.663015
-0.994522
-0.331507
-0.663015
-2.75006e-10
0.331507
-3.78572e-10
-7.11963e-11
0.331507
-4.82015e-10
-4.7489e-10
0.331507
-3.23836e-10
0.663015
0.994522
0.663015
0.663015
0.994522
0.663015
0.663015
0.994522
0.663015
-0.994522
-0.663015
-0.331507
-0.663015
-0.663015
-0.994522
-0.331507
-0.663015
-0.663015
-0.994522
-0.331507
-0.663015
-3.55452e-10
0.331507
-2.79883e-10
-4.78328e-10
0.331507
-3.14432e-10
-3.36025e-10
0.331507
-4.40726e-10
0.663015
0.994522
0.663015
0.663015
0.994522
0.663015
0.663015
0.994522
0.663015
-0.994522
-0.663015
-0.331507
-0.663015
-0.663015
-0.994522
-0.331507
-0.663015
-0.663015
-0.994522
-0.331507
-0.663015
2.0733e-11
0.331507
-3.56148e-10
-2.32498e-10
0.331507
-5.18314e-10
-2.74582e-10
0.331507
-5.12071e-10
0.663015
0.994522
0.663015
0.663015
0.994522
0.663015
0.663015
0.994522
0.663015
0.331507
0.663015
0.994522
0.663015
0.331507
0.663015
0.994522
0.663015
0.331507
0.663015
0.994522
0.663015
-0.331507
-1.434e-10
1.28899e-10
-0.331507
-9.11777e-11
3.08561e-11
-0.331507
1.3892e-10
-5.03867e-11
-0.994522
-0.663015
-0.663015
-0.994522
-0.663015
-0.663015
-0.994522
-0.663015
-0.663015
0.331507
0.663015
0.994522
0.663015
0.331507
0.663015
0.994522
0.663015
0.331507
0.663015
0.994522
0.663015
-0.331507
-1.91121e-10
-2.42206e-10
-0.331507
-3.08358e-10
-1.73387e-10
-0.331507
-1.9497e-10
1.10282e-10
-0.994522
-0.663015
-0.663015
-0.994522
-0.663015
-0.663015
-0.994522
-0.663015
-0.663015
0.331507
0.663015
0.994522
0.331507
0.663015
0.994522
0.331507
0.663015
0.994522
-0.331507
-1.89198e-10
-0.331507
-6.03642e-11
-0.331507
7.95528e-11
-0.994522
-0.663015
-0.994522
-0.663015
-0.994522
-0.663015
0.663015
0.663015
0.663015
0.663015
0.663015
0.663015
0.663015
0.663015
0.663015
0.663015
0.663015
0.663015
2.34466e-10
-2.05355e-10
2.11883e-10
1.21553e-10
3.39727e-10
-3.4284e-11
-1.19e-10
-1.12427e-10
-2.61012e-10
-3.63707e-11
-6.95061e-11
-1.35704e-10
-0.663015
-0.663015
-0.663015
-0.663015
-0.663015
-0.663015
-0.663015
-0.663015
-0.663015
-0.663015
-0.663015
-0.663015
0.663015
0.663015
0.663015
0.663015
0.663015
0.663015
0.663015
0.663015
0.663015
0.663015
0.663015
0.663015
-3.45768e-10
-1.88983e-10
-2.17575e-10
-5.6481e-10
-4.05979e-10
-6.77721e-10
-3.9457e-10
-3.57403e-10
-4.84637e-10
-4.13079e-10
-3.83782e-10
-2.85819e-10
-0.663015
-0.663015
-0.663015
-0.663015
-0.663015
-0.663015
-0.663015
-0.663015
-0.663015
-0.663015
-0.663015
-0.663015
0.663015
0.663015
0.663015
0.663015
0.663015
0.663015
0.663015
0.663015
0.663015
0.663015
0.663015
0.663015
-9.57706e-12
-2.257e-10
-7.88331e-11
9.69874e-12
1.47334e-10
-1.70366e-10
-1.54875e-11
4.52033e-11
-1.71574e-10
-1.03015e-10
-1.50032e-10
-1.69692e-10
-0.663015
-0.663015
-0.663015
-0.663015
-0.663015
-0.663015
-0.663015
-0.663015
-0.663015
-0.663015
-0.663015
-0.663015
0.663015
0.663015
0.663015
0.663015
0.663015
0.663015
0.663015
0.663015
0.663015
0.663015
0.663015
0.663015
-3.26789e-10
-3.13559e-11
-1.28551e-10
-3.72466e-10
-1.46131e-10
-2.34032e-10
-5.06619e-10
-3.90234e-10
-5.01722e-10
-4.29719e-10
-2.7052e-10
-1.93551e-10
-0.663015
-0.663015
-0.663015
-0.663015
-0.663015
-0.663015
-0.663015
-0.663015
-0.663015
-0.663015
-0.663015
-0.663015
0.663015
0.663015
0.663015
-1.22938e-10
1.87933e-10
3.0524e-10
-0.663015
-0.663015
-0.663015
0.663015
0.663015
0.663015
-2.39892e-10
-8.3398e-11
-1.25219e-10
-0.663015
-0.663015
-0.663015
0.663015
0.663015
0.663015
-4.66503e-10
-4.95819e-10
-4.23731e-10
-0.663015
-0.663015
-0.663015
0.663015
0.663015
0.663015
5.96184e-11
-1.79062e-11
-2.21013e-10
-0.663015
-0.663015
-0.663015
0.663015
0.663015
0.663015
-5.9638e-11
-3.56712e-10
-3.25629e-10
-0.663015
-0.663015
-0.663015
0.663015
0.663015
0.663015
-3.82366e-10
-2.88816e-10
-3.64736e-11
-0.663015
-0.663015
-0.663015
-0.663015
-0.663015
-0.663015
-4.20698e-10
-4.71145e-10
-2.70365e-10
0.663015
0.663015
0.663015
-0.663015
-0.663015
-0.663015
-5.71982e-10
-2.16583e-10
-2.59064e-10
0.663015
0.663015
0.663015
-0.663015
-0.663015
-0.663015
-2.10679e-10
-5.38321e-10
-5.79467e-10
0.663015
0.663015
0.663015
0.663015
0.663015
0.663015
-1.33053e-10
-6.21869e-11
8.22006e-12
-0.663015
-0.663015
-0.663015
0.663015
0.663015
0.663015
-1.82325e-11
-3.00095e-10
-2.93103e-10
-0.663015
-0.663015
-0.663015
0.663015
0.663015
0.663015
-1.29164e-10
-5.79027e-11
2.11163e-10
-0.663015
-0.663015
-0.663015
