FiniteElementSpace
FiniteElementCollection: L2_3D_P1
VDim: 1
Ordering: 0

2.68313
2.06444
2.75484
2.28516
2.68313
2.06444
2.75484
2.28516
2.58756
2.4551
2.92423
2.10147
2.58756
2.4551
2.92423
2.10147
1.43404
1.60224
2.86742
2.90875
1.43404
1.60224
2.86742
2.90875
2.83772
2.77488
2.65146
2.41803
2.83772
2.77488
2.65146
2.41803
1.16858
1.29402
2.69484
2.78913
1.16858
1.29402
2.69484
2.78913
1.76296
1.29988
2.95239
2.75944
1.76296
1.29988
2.95239
2.75944
1.32276
2.24118
0.87952
1.81874
1.32276
2.24118
0.87952
1.81874
1.78731
2.73209
1.57255
2.76077
1.78731
2.73209
1.57255
2.76077
0.292132
0.688823
0.507258
0.908661
0.292132
0.688823
0.507258
0.908661
0.937784
0.815357
1.53938
1.66406
0.937784
0.815357
1.53938
1.66406
0.45556
0.277663
0.659953
0.480573
0.45556
0.277663
0.659953
0.480573
1.48923
0.74295
1.4903
0.907806
1.48923
0.74295
1.4903
0.907806
2.68313
2.06444
2.75484
2.28516
2.68313
2.06444
2.75484
2.28516
2.58756
2.4551
2.92423
2.10147
2.58756
2.4551
2.92423
2.10147
1.43404
1.60224
2.86742
2.90875
1.43404
1.60224
2.86742
2.90875
2.83772
2.77488
2.65146
2.41803
2.83772
2.77488
2.65146
2.41803
1.16858
1.29402
2.69484
2.78913
1.16858
1.29402
2.69484
2.78913
1.76296
1.29988
2.95239
2.75944
1.76296
1.29988
2.95239
2.75944
1.32276
2.24118
0.87952
1.81874
1.32276
2.24118
0.87952
1.81874
1.78731
2.73209
1.57255
2.76077
1.78731
2.73209
1.57255
2.76077
0.292132
0.688823
0.507258
0.908661
0.292132
0.688823
0.507258
0.908661
0.937784
0.815357
1.53938
1.66406
0.937784
0.815357
1.53938
1.66406
0.45556
0.277663
0.659953
0.480573
0.45556
0.277663
0.659953
0.480573
1.48923
0.74295
1.4903
0.907806
1.48923
0.74295
1.4903
0.907806
2.68313
2.06444
2.75484
2.28516
2.68313
2.06444
2.75484
2.28516
2.58756
2.4551
2.92423
2.10147
2.58756
2.4551
2.92423
2.10147
1.43404
1.60224
2.86742
2.90875
1.43404
1.60224
2.86742
2.90875
2.83772
2.77488
2.65146
2.41803
2.83772
2.77488
2.65146
2.41803
1.16858
1.29402
2.69484
2.78913
1.16858
1.29402
2.69484
2.78913
1.76296
1.29988
2.95239
2.75944
1.76296
1.29988
2.95239
2.75944
1.32276
2.24118
0.87952
1.81874
1.32276
2.24118
0.87952
1.81874
1.78731
2.73209
1.57255
2.76077
1.78731
2.73209
1.57255
2.76077
0.292132
0.688823
0.507258
0.908661
0.292132
0.688823
0.507258
0.908661
0.937784
0.815357
1.53938
1.66406
0.937784
0.815357
1.53938
1.66406
0.45556
0.277663
0.659953
0.480573
0.45556
0.277663
0.659953
0.480573
1.48923
0.74295
1.4903
0.907806
1.48923
0.74295
1.4903
0.907806
0.623219
0.999171
1.16789
1.67264
0.623219
0.999171
1.16789
1.67264
0.273862
0.45709
0.418065
0.691481
0.273862
0.45709
0.418065
0.691481
0.687486
0.283649
0.908941
0.435826
0.687486
0.283649
0.908941
0.435826
2.65103
1.78979
2.75082
2.22504
2.65103
1.78979
2.75082
2.22504
2.69876
1.80712
2.86621
1.65361
2.69876
1.80712
2.86621
1.65361
1.4376
1.60068
2.87317
2.93303
1.4376
1.60068
2.87317
2.93303
2.83814
2.78142
2.64496
2.42268
2.83814
2.78142
2.64496
2.42268
1.1698
1.29372
2.69661
2.79232
1.1698
1.29372
2.69661
2.79232
1.76564
1.29983
2.93218
2.75899
1.76564
1.29983
2.93218
2.75899
1.78566
2.36781
1.31273
1.97837
1.78566
2.36781
1.31273
1.97837
2.45678
2.64144
2.09023
2.8559
2.45678
2.64144
2.09023
2.8559
0.756293
1.50619
0.986001
1.52784
0.756293
1.50619
0.986001
1.52784
0.623219
0.999171
1.16789
1.67264
0.623219
0.999171
1.16789
1.67264
0.273862
0.45709
0.418065
0.691481
0.273862
0.45709
0.418065
0.691481
0.687486
0.283649
0.908941
0.435826
0.687486
0.283649
0.908941
0.435826
2.65103
1.78979
2.75082
2.22504
2.65103
1.78979
2.75082
2.22504
2.69876
1.80712
2.86621
1.65361
2.69876
1.80712
2.86621
1.65361
1.4376
1.60068
2.87317
2.93303
1.4376
1.60068
2.87317
2.93303
2.83814
2.78142
2.64496
2.42268
2.83814
2.78142
2.64496
2.42268
1.1698
1.29372
2.69661
2.79232
1.1698
1.29372
2.69661
2.79232
1.76564
1.29983
2.93218
2.75899
1.76564
1.29983
2.93218
2.75899
1.78566
2.36781
1.31273
1.97837
1.78566
2.36781
1.31273
1.97837
2.45678
2.64144
2.09023
2.8559
2.45678
2.64144
2.09023
2.8559
0.756293
1.50619
0.986001
1.52784
0.756293
1.50619
0.986001
1.52784
0.623219
0.999171
1.16789
1.67264
0.623219
0.999171
1.16789
1.67264
0.273862
0.45709
0.418065
0.691481
0.273862
0.45709
0.418065
0.691481
0.687486
0.283649
0.908941
0.435826
0.687486
0.283649
0.908941
0.435826
2.65103
1.78979
2.75082
2.22504
2.65103
1.78979
2.75082
2.22504
2.69876
1.80712
2.86621
1.65361
2.69876
1.80712
2.86621
1.65361
1.4376
1.60068
2.87317
2.93303
1.4376
1.60068
2.87317
2.93303
2.83814
2.78142
2.64496
2.42268
2.83814
2.78142
2.64496
2.42268
1.1698
1.29372
2.69661
2.79232
1.1698
1.29372
2.69661
2.79232
1.76564
1.29983
2.93218
2.75899
1.76564
1.29983
2.93218
2.75899
1.78566
2.36781
1.31273
1.97837
1.78566
2.36781
1.31273
1.97837
2.45678
2.64144
2.09023
2.8559
2.45678
2.64144
2.09023
2.8559
0.756293
1.50619
0.986001
1.52784
0.756293
1.50619
0.986001
1.52784
2.68313
2.06444
2.75484
2.28516
2.68313
2.06444
2.75484
2.28516
2.58756
2.4551
2.92423
2.10147
2.58756
2.4551
2.92423
2.10147
1.43404
1.60224
2.86742
2.90875
1.43404
1.60224
2.86742
2.90875
2.83772
2.77488
2.65146
2.41803
2.83772
2.77488
2.65146
2.41803
1.16858
1.29402
2.69484
2.78913
1.16858
1.29402
2.69484
2.78913
1.76296
1.29988
2.95239
2.75944
1.76296
1.29988
2.95239
2.75944
1.32276
2.24118
0.87952
1.81874
1.32276
2.24118
0.87952
1.81874
1.78731
2.73209
1.57255
2.76077
1.78731
2.73209
1.57255
2.76077
0.292132
0.688823
0.507258
0.908661
0.292132
0.688823
0.507258
0.908661
0.937784
0.815357
1.53938
1.66406
0.937784
0.815357
1.53938
1.66406
0.45556
0.277663
0.659953
0.480573
0.45556
0.277663
0.659953
0.480573
1.48923
0.74295
1.4903
0.907806
1.48923
0.74295
1.4903
0.907806
2.68313
2.06444
2.75484
2.28516
2.68313
2.06444
2.75484
2.28516
2.58756
2.4551
2.92423
2.10147
2.58756
2.4551
2.92423
2.10147
1.43404
1.60224
2.86742
2.90875
1.43404
1.60224
2.86742
2.90875
2.83772
2.77488
2.65146
2.41803
2.83772
2.77488
2.65146
2.41803
1.16858
1.29402
2.69484
2.78913
1.16858
1.29402
2.69484
2.78913
1.76296
1.29988
2.95239
2.75944
1.76296
1.29988
2.95239
2.75944
1.32276
2.24118
0.87952
1.81874
1.32276
2.24118
0.87952
1.81874
1.78731
2.73209
1.57255
2.76077
1.78731
2.73209
1.57255
2.76077
0.292132
0.688823
0.507258
0.908661
0.292132
0.688823
0.507258
0.908661
0.937784
0.815357
1.53938
1.66406
0.937784
0.815357
1.53938
1.66406
0.45556
0.277663
0.659953
0.480573
0.45556
0.277663
0.659953
0.480573
1.48923
0.74295
1.4903
0.907806
1.48923
0.74295
1.4903
0.907806
2.68313
2.06444
2.75484
2.28516
2.68313
2.06444
2.75484
2.28516
2.58756
2.4551
2.92423
2.10147
2.58756
2.4551
2.92423
2.10147
1.43404
1.60224
2.86742
2.90875
1.43404
1.60224
2.86742
2.90875
2.83772
2.77488
2.65146
2.41803
2.83772
2.77488
2.65146
2.41803
1.16858
1.29402
2.69484
2.78913
1.16858
1.29402
2.69484
2.78913
1.76296
1.29988
2.95239
2.75944
1.76296
1.29988
2.95239
2.75944
1.32276
2.24118
0.87952
1.81874
1.32276
2.24118
0.87952
1.81874
1.78731
2.73209
1.57255
2.76077
1.78731
2.73209
1.57255
2.76077
0.292132
0.688823
0.507258
0.908661
0.292132
0.688823
0.507258
0.908661
0.937784
0.815357
1.53938
1.66406
0.937784
0.815357
1.53938
1.66406
0.45556
0.277663
0.659953
0.480573
0.45556
0.277663
0.659953
0.480573
1.48923
0.74295
1.4903
0.907806
1.48923
0.74295
1.4903
0.907806
0.623219
0.999171
1.16789
1.67264
0.623219
0.999171
1.16789
1.67264
0.273862
0.45709
0.418065
0.691481
0.273862
0.45709
0.418065
0.691481
0.687486
0.283649
0.908941
0.435826
0.687486
0.283649
0.908941
0.435826
2.65103
1.78979
2.75082
2.22504
2.65103
1.78979
2.75082
2.22504
2.69876
1.80712
2.86621
1.65361
2.69876
1.80712
2.86621
1.65361
1.4376
1.60068
2.87317
2.93303
1.4376
1.60068
2.87317
2.93303
2.83814
2.78142
2.64496
2.42268
2.83814
2.78142
2.64496
2.42268
1.1698
1.29372
2.69661
2.79232
1.1698
1.29372
2.69661
2.79232
1.76564
1.29983
2.93218
2.75899
1.76564
1.29983
2.93218
2.75899
1.78566
2.36781
1.31273
1.97837
1.78566
2.36781
1.31273
1.97837
2.45678
2.64144
2.09023
2.8559
2.45678
2.64144
2.09023
2.8559
0.756293
1.50619
0.986001
1.52784
0.756293
1.50619
0.986001
1.52784
0.623219
0.999171
1.16789
1.67264
0.623219
0.999171
1.16789
1.67264
0.273862
0.45709
0.418065
0.691481
0.273862
0.45709
0.418065
0.691481
0.687486
0.283649
0.908941
0.435826
0.687486
0.283649
0.908941
0.435826
2.65103
1.78979
2.75082
2.22504
2.65103
1.78979
2.75082
2.22504
2.69876
1.80712
2.86621
1.65361
2.69876
1.80712
2.86621
1.65361
1.4376
1.60068
2.87317
2.93303
1.4376
1.60068
2.87317
2.93303
2.83814
2.78142
2.64496
2.42268
2.83814
2.78142
2.64496
2.42268
1.1698
1.29372
2.69661
2.79232
1.1698
1.29372
2.69661
2.79232
1.76564
1.29983
2.93218
2.75899
1.76564
1.29983
2.93218
2.75899
1.78566
2.36781
1.31273
1.97837
1.78566
2.36781
1.31273
1.97837
2.45678
2.64144
2.09023
2.8559
2.45678
2.64144
2.09023
2.8559
0.756293
1.50619
0.986001
1.52784
0.756293
1.50619
0.986001
1.52784
0.623219
0.999171
1.16789
1.67264
0.623219
0.999171
1.16789
1.67264
0.273862
0.45709
0.418065
0.691481
0.273862
0.45709
0.418065
0.691481
0.687486
0.283649
0.908941
0.435826
0.687486
0.283649
0.908941
0.435826
2.65103
1.78979
2.75082
2.22504
2.65103
1.78979
2.75082
2.22504
2.69876
1.80712
2.86621
1.65361
2.69876
1.80712
2.86621
1.65361
1.4376
1.60068
2.87317
2.93303
1.4376
1.60068
2.87317
2.93303
2.83814
2.78142
2.64496
2.42268
2.83814
2.78142
2.64496
2.42268
1.1698
1.29372
2.69661
2.79232
1.1698
1.29372
2.69661
2.79232
1.76564
1.29983
2.93218
2.75899
1.76564
1.29983
2.93218
2.75899
1.78566
2.36781
1.31273
1.97837
1.78566
2.36781
1.31273
1.97837
2.45678
2.64144
2.09023
2.8559
2.45678
2.64144
2.09023
2.8559
0.756293
1.50619
0.986001
1.52784
0.756293
1.50619
0.986001
1.52784
2.26089e-05
2.97268e-05
2.26089e-05
2.97269e-05
2.27246e-05
3.00482e-05
2.27245e-05
3.00482e-05
1.17387e-05
1.78118e-05
1.17387e-05
1.78117e-05
1.17734e-05
1.78849e-05
1.17734e-05
1.78848e-05
1.89045e-06
7.48298e-06
1.89045e-06
7.48295e-06
1.89497e-06
7.50293e-06
1.89497e-06
7.5029e-06
2.26089e-05
2.97269e-05
2.26089e-05
2.97268e-05
2.27246e-05
3.00485e-05
2.27246e-05
3.00483e-05
1.17387e-05
1.78118e-05
1.17387e-05
1.78118e-05
1.17734e-05
1.7885e-05
1.17734e-05
1.78849e-05
1.89045e-06
7.48303e-06
1.89045e-06
7.48291e-06
1.89497e-06
7.50296e-06
1.89497e-06
7.50291e-06
2.26088e-05
2.97269e-05
2.26089e-05
2.9727e-05
2.27246e-05
3.00484e-05
2.27246e-05
3.00486e-05
1.17387e-05
1.78118e-05
1.17387e-05
1.78119e-05
1.17734e-05
1.78849e-05
1.17734e-05
1.7885e-05
1.89045e-06
7.48296e-06
1.89045e-06
7.48291e-06
1.89497e-06
7.50292e-06
1.89497e-06
7.50291e-06
2.27717e-05
3.00589e-05
2.27717e-05
3.00589e-05
2.2742e-05
3.00143e-05
2.2742e-05
3.00142e-05
1.17922e-05
1.7916e-05
1.17922e-05
1.79159e-05
1.1778e-05
1.78936e-05
1.1778e-05
1.78936e-05
1.89755e-06
7.51377e-06
1.89755e-06
7.51376e-06
1.89527e-06
7.50473e-06
1.89527e-06
7.50473e-06
2.27718e-05
3.00589e-05
2.27718e-05
3.00589e-05
2.27419e-05
3.00142e-05
2.2742e-05
3.00143e-05
1.17923e-05
1.7916e-05
1.17923e-05
1.7916e-05
1.17779e-05
1.78935e-05
1.1778e-05
1.78936e-05
1.89758e-06
7.51379e-06
1.89758e-06
7.51379e-06
1.89527e-06
7.50471e-06
1.89527e-06
7.50473e-06
2.27718e-05
3.0059e-05
2.27718e-05
3.00591e-05
2.27419e-05
3.00141e-05
2.27419e-05
3.00142e-05
1.17922e-05
1.7916e-05
1.17922e-05
1.7916e-05
1.17779e-05
1.78935e-05
1.17779e-05
1.78935e-05
1.89756e-06
7.51376e-06
1.89756e-06
7.51377e-06
1.89527e-06
7.5047e-06
1.89527e-06
7.50471e-06
2.26542e-05
2.99535e-05
2.26542e-05
2.99534e-05
2.24866e-05
2.95667e-05
2.24866e-05
2.95667e-05
1.17379e-05
1.78297e-05
1.17379e-05
1.78297e-05
1.16836e-05
1.7723e-05
1.16836e-05
1.7723e-05
1.88944e-06
7.48063e-06
1.88944e-06
7.48064e-06
1.88208e-06
7.44862e-06
1.88208e-06
7.44864e-06
2.26542e-05
2.99533e-05
2.26543e-05
2.99535e-05
2.24864e-05
2.95664e-05
2.24865e-05
2.95667e-05
1.17379e-05
1.78296e-05
1.17379e-05
1.78297e-05
1.16836e-05
1.77229e-05
1.16836e-05
1.7723e-05
1.88944e-06
7.48062e-06
1.88944e-06
7.48065e-06
1.88208e-06
7.44859e-06
1.88208e-06
7.44864e-06
2.26541e-05
2.99532e-05
2.26541e-05
2.99531e-05
2.24863e-05
2.95664e-05
2.24864e-05
2.95663e-05
1.17379e-05
1.78296e-05
1.17379e-05
1.78296e-05
1.16835e-05
1.77228e-05
1.16836e-05
1.77229e-05
1.88944e-06
7.48061e-06
1.88944e-06
7.48063e-06
1.88208e-06
7.44857e-06
1.88208e-06
7.44861e-06
2.27102e-05
3.00094e-05
2.27104e-05
3.00095e-05
2.26088e-05
2.97644e-05
2.26088e-05
2.97642e-05
1.17675e-05
1.78741e-05
1.17676e-05
1.78741e-05
1.17374e-05
1.7812e-05
1.17374e-05
1.7812e-05
1.89412e-06
7.49948e-06
1.89412e-06
7.49947e-06
1.8902e-06
7.48206e-06
1.8902e-06
7.482e-06
2.27101e-05
3.00089e-05
2.27103e-05
3.00094e-05
2.26087e-05
2.97641e-05
2.26088e-05
2.97642e-05
1.17675e-05
1.78739e-05
1.17676e-05
1.78741e-05
1.17374e-05
1.7812e-05
1.17374e-05
1.7812e-05
1.89412e-06
7.49945e-06
1.89412e-06
7.49941e-06
1.8902e-06
7.48205e-06
1.89021e-06
7.482e-06
2.27101e-05
3.0009e-05
2.27102e-05
3.00091e-05
2.26087e-05
2.9764e-05
2.26087e-05
2.97643e-05
1.17675e-05
1.78738e-05
1.17675e-05
1.7874e-05
1.17373e-05
1.78119e-05
1.17374e-05
1.7812e-05
1.89412e-06
7.49937e-06
1.89412e-06
7.49937e-06
1.8902e-06
7.48196e-06
1.8902e-06
7.48196e-06
2.27473e-05
3.00308e-05
2.27473e-05
3.00307e-05
2.27534e-05
3.00237e-05
2.27535e-05
3.00238e-05
1.17775e-05
1.78944e-05
1.17775e-05
1.78944e-05
1.17863e-05
1.79052e-05
1.17864e-05
1.79053e-05
1.8951e-06
7.50426e-06
1.89509e-06
7.50426e-06
1.8967e-06
7.51038e-06
1.89671e-06
7.51036e-06
2.27472e-05
3.00306e-05
2.27473e-05
3.00307e-05
2.27532e-05
3.00232e-05
2.27534e-05
3.00236e-05
1.17775e-05
1.78943e-05
1.17775e-05
1.78944e-05
1.17863e-05
1.79051e-05
1.17864e-05
1.79052e-05
1.8951e-06
7.50424e-06
1.8951e-06
7.50423e-06
1.8967e-06
7.51034e-06
1.89671e-06
7.51035e-06
2.27472e-05
3.00305e-05
2.27472e-05
3.00306e-05
2.27532e-05
3.00234e-05
2.27532e-05
3.00232e-05
1.17775e-05
1.78942e-05
1.17775e-05
1.78943e-05
1.17863e-05
1.79051e-05
1.17863e-05
1.79051e-05
1.89509e-06
7.5042e-06
1.8951e-06
7.50422e-06
1.8967e-06
7.51031e-06
1.89671e-06
7.51031e-06
2.24819e-05
2.9517e-05
2.24818e-05
2.95168e-05
2.26568e-05
2.99763e-05
2.26567e-05
2.9976e-05
1.16831e-05
1.77194e-05
1.16831e-05
1.77194e-05
1.17386e-05
1.78321e-05
1.17386e-05
1.78322e-05
1.88206e-06
7.44843e-06
1.88206e-06
7.44842e-06
1.88948e-06
7.48096e-06
1.88948e-06
7.48095e-06
2.24819e-05
2.95173e-05
2.24819e-05
2.95172e-05
2.26567e-05
2.99764e-05
2.26567e-05
2.99764e-05
1.16831e-05
1.77195e-05
1.16831e-05
1.77195e-05
1.17386e-05
1.78321e-05
1.17386e-05
1.78322e-05
1.88205e-06
7.44849e-06
1.88206e-06
7.44846e-06
1.88948e-06
7.48098e-06
1.88948e-06
7.48097e-06
2.24819e-05
2.9517e-05
2.24819e-05
2.95173e-05
2.26567e-05
2.99759e-05
2.26567e-05
2.99762e-05
1.16831e-05
1.77194e-05
1.16831e-05
1.77195e-05
1.17385e-05
1.78321e-05
1.17386e-05
1.78322e-05
1.88206e-06
7.44843e-06
1.88206e-06
7.44846e-06
1.88948e-06
7.48094e-06
1.88948e-06
7.48095e-06
7.44868e-06
1.88208e-06
7.44869e-06
1.88208e-06
7.4807e-06
1.88944e-06
7.4807e-06
1.88945e-06
1.77232e-05
1.16837e-05
1.77232e-05
1.16837e-05
1.78297e-05
1.1738e-05
1.78298e-05
1.1738e-05
2.95669e-05
2.24866e-05
2.95671e-05
2.24867e-05
2.99535e-05
2.26543e-05
2.99536e-05
2.26544e-05
7.44871e-06
1.88207e-06
7.44871e-06
1.88208e-06
7.4807e-06
1.88943e-06
7.48068e-06
1.88944e-06
1.77232e-05
1.16837e-05
1.77232e-05
1.16837e-05
1.78298e-05
1.1738e-05
1.78297e-05
1.1738e-05
2.95669e-05
2.24866e-05
2.95669e-05
2.24867e-05
2.99536e-05
2.26543e-05
2.99535e-05
2.26544e-05
7.44869e-06
1.88208e-06
7.44867e-06
1.88208e-06
7.48068e-06
1.88944e-06
7.48066e-06
1.88944e-06
1.77231e-05
1.16837e-05
1.77231e-05
1.16836e-05
1.78297e-05
1.1738e-05
1.78297e-05
1.17379e-05
2.95668e-05
2.24866e-05
2.95668e-05
2.24866e-05
2.99535e-05
2.26543e-05
2.99534e-05
2.26543e-05
7.5048e-06
1.89526e-06
7.50479e-06
1.89526e-06
7.51386e-06
1.89752e-06
7.51388e-06
1.89753e-06
1.78937e-05
1.1778e-05
1.78938e-05
1.1778e-05
1.7916e-05
1.17922e-05
1.79161e-05
1.17922e-05
3.00143e-05
2.2742e-05
3.00142e-05
2.2742e-05
3.00589e-05
2.27718e-05
3.0059e-05
2.27719e-05
7.50481e-06
1.89528e-06
7.50479e-06
1.89528e-06
7.51388e-06
1.89753e-06
7.51386e-06
1.89752e-06
1.78938e-05
1.17781e-05
1.78937e-05
1.1778e-05
1.79161e-05
1.17922e-05
1.79161e-05
1.17922e-05
3.00142e-05
2.2742e-05
3.00143e-05
2.27421e-05
3.00589e-05
2.27718e-05
3.0059e-05
2.27719e-05
7.50476e-06
1.89525e-06
7.50475e-06
1.89525e-06
7.51386e-06
1.89753e-06
7.51382e-06
1.89752e-06
1.78937e-05
1.1778e-05
1.78937e-05
1.1778e-05
1.7916e-05
1.17922e-05
1.7916e-05
1.17922e-05
3.00143e-05
2.2742e-05
3.00143e-05
2.27419e-05
3.00591e-05
2.27719e-05
3.00589e-05
2.27718e-05
7.50293e-06
1.89498e-06
7.50296e-06
1.89498e-06
7.48294e-06
1.89047e-06
7.483e-06
1.89047e-06
1.7885e-05
1.17734e-05
1.7885e-05
1.17734e-05
1.78118e-05
1.17387e-05
1.78119e-05
1.17387e-05
3.00482e-05
2.27245e-05
3.00484e-05
2.27245e-05
2.97269e-05
2.26089e-05
2.97271e-05
2.26089e-05
7.50295e-06
1.895e-06
7.50294e-06
1.89498e-06
7.483e-06
1.89048e-06
7.483e-06
1.89047e-06
1.7885e-05
1.17735e-05
1.7885e-05
1.17735e-05
1.78119e-05
1.17388e-05
1.78119e-05
1.17387e-05
3.00485e-05
2.27246e-05
3.00485e-05
2.27247e-05
2.9727e-05
2.26089e-05
2.97269e-05
2.2609e-05
7.50292e-06
1.895e-06
7.50291e-06
1.89496e-06
7.48298e-06
1.89051e-06
7.48295e-06
1.89047e-06
1.7885e-05
1.17735e-05
1.78849e-05
1.17734e-05
1.78119e-05
1.17388e-05
1.78118e-05
1.17387e-05
3.00484e-05
2.27246e-05
3.00483e-05
2.27245e-05
2.97269e-05
2.2609e-05
2.9727e-05
2.26089e-05
2.97643e-05
2.26088e-05
2.97642e-05
2.26088e-05
3.00095e-05
2.27104e-05
3.00095e-05
2.27104e-05
1.7812e-05
1.17375e-05
1.7812e-05
1.17374e-05
1.78741e-05
1.17676e-05
1.78741e-05
1.17676e-05
7.48203e-06
1.89024e-06
7.48201e-06
1.89024e-06
7.49947e-06
1.89413e-06
7.49943e-06
1.89412e-06
2.97641e-05
2.26089e-05
2.9764e-05
2.26089e-05
3.00091e-05
2.27104e-05
3.00092e-05
2.27104e-05
1.7812e-05
1.17375e-05
1.78121e-05
1.17375e-05
1.7874e-05
1.17676e-05
1.78741e-05
1.17676e-05
7.4821e-06
1.89028e-06
7.48205e-06
1.89028e-06
7.49948e-06
1.89412e-06
7.49943e-06
1.89412e-06
2.9764e-05
2.26088e-05
2.97641e-05
2.26088e-05
3.00092e-05
2.27103e-05
3.00092e-05
2.27104e-05
1.7812e-05
1.17374e-05
1.7812e-05
1.17374e-05
1.7874e-05
1.17676e-05
1.78741e-05
1.17676e-05
7.48199e-06
1.89024e-06
7.48199e-06
1.89024e-06
7.4994e-06
1.89412e-06
7.49941e-06
1.89413e-06
3.00239e-05
2.27536e-05
3.00239e-05
2.27535e-05
3.0031e-05
2.27474e-05
3.00308e-05
2.27473e-05
1.79053e-05
1.17865e-05
1.79053e-05
1.17865e-05
1.78944e-05
1.17775e-05
1.78944e-05
1.17775e-05
7.5104e-06
1.89677e-06
7.51039e-06
1.89677e-06
7.50424e-06
1.89509e-06
7.50423e-06
1.89509e-06
3.00237e-05
2.27535e-05
3.00236e-05
2.27535e-05
3.00308e-05
2.27473e-05
3.00309e-05
2.27474e-05
1.79054e-05
1.17865e-05
1.79054e-05
1.17865e-05
1.78944e-05
1.17775e-05
1.78944e-05
1.17775e-05
7.51043e-06
1.89679e-06
7.51041e-06
1.89679e-06
7.50424e-06
1.89509e-06
7.50423e-06
1.89509e-06
3.00237e-05
2.27534e-05
3.00237e-05
2.27534e-05
3.00306e-05
2.27472e-05
3.00309e-05
2.27472e-05
1.79052e-05
1.17864e-05
1.79053e-05
1.17865e-05
1.78943e-05
1.17774e-05
1.78944e-05
1.17775e-05
7.51035e-06
1.89675e-06
7.51035e-06
1.89675e-06
7.50419e-06
1.89509e-06
7.5042e-06
1.89509e-06
2.99761e-05
2.26568e-05
2.9976e-05
2.26568e-05
2.95168e-05
2.24818e-05
2.95168e-05
2.24818e-05
1.78321e-05
1.17386e-05
1.78321e-05
1.17386e-05
1.77194e-05
1.1683e-05
1.77194e-05
1.1683e-05
7.48094e-06
1.8895e-06
7.48095e-06
1.8895e-06
7.44842e-06
1.88205e-06
7.44842e-06
1.88205e-06
2.99762e-05
2.26568e-05
2.99763e-05
2.26568e-05
2.95168e-05
2.24817e-05
2.95169e-05
2.24817e-05
1.78322e-05
1.17386e-05
1.78322e-05
1.17386e-05
1.77194e-05
1.1683e-05
1.77194e-05
1.1683e-05
7.48093e-06
1.8895e-06
7.48095e-06
1.8895e-06
7.44839e-06
1.88203e-06
7.44841e-06
1.88203e-06
2.99759e-05
2.26566e-05
2.9976e-05
2.26566e-05
2.95166e-05
2.24815e-05
2.95165e-05
2.24816e-05
1.7832e-05
1.17385e-05
1.78321e-05
1.17385e-05
1.77193e-05
1.16829e-05
1.77193e-05
1.1683e-05
7.48091e-06
1.88949e-06
7.48093e-06
1.88949e-06
7.44838e-06
1.88204e-06
7.4484e-06
1.88203e-06
