FiniteElementSpace
FiniteElementCollection: L2_3D_P1
VDim: 1
Ordering: 0

5.74492
2.74199
6.56136
3.56656
5.74492
2.74199
6.56136
3.56656
12.6543
3.58367
6.99356
2.75427
12.6543
3.58367
6.99356
2.75427
19.8516
19.2869
10.3735
9.51616
19.8516
19.2869
10.3735
9.51616
8.4909
7.27587
5.61378
4.17799
8.4909
7.27587
5.61378
4.17799
20.8264
20.3301
12.3431
11.2172
20.8264
20.3301
12.3431
11.2172
18.6969
20.4275
8.59274
11.6173
18.6969
20.4275
8.59274
11.6173
1.09658
3.37854
0.556904
2.16288
1.09658
3.37854
0.556904
2.16288
1.43514
9.85662
1.40028
5.0829
1.43514
9.85662
1.40028
5.0829
0.10928
0.451014
0.255044
0.636914
0.10928
0.451014
0.255044
0.636914
0.632353
0.495641
1.5461
1.82719
0.632353
0.495641
1.5461
1.82719
0.211328
0.104501
0.367926
0.228978
0.211328
0.104501
0.367926
0.228978
1.47632
0.430331
1.4503
0.602147
1.47632
0.430331
1.4503
0.602147
5.74492
2.74199
6.56136
3.56656
5.74492
2.74199
6.56136
3.56656
12.6543
3.58367
6.99356
2.75427
12.6543
3.58367
6.99356
2.75427
19.8516
19.2869
10.3735
9.51616
19.8516
19.2869
10.3735
9.51616
8.4909
7.27587
5.61378
4.17799
8.4909
7.27587
5.61378
4.17799
20.8264
20.3301
12.3431
11.2172
20.8264
20.3301
12.3431
11.2172
18.6969
20.4275
8.59274
11.6173
18.6969
20.4275
8.59274
11.6173
1.09658
3.37854
0.556904
2.16288
1.09658
3.37854
0.556904
2.16288
1.43514
9.85662
1.40028
5.0829
1.43514
9.85662
1.40028
5.0829
0.10928
0.451014
0.255044
0.636914
0.10928
0.451014
0.255044
0.636914
0.632353
0.495641
1.5461
1.82719
0.632353
0.495641
1.5461
1.82719
0.211328
0.104501
0.367926
0.228978
0.211328
0.104501
0.367926
0.228978
1.47632
0.430331
1.4503
0.602147
1.47632
0.430331
1.4503
0.602147
5.74492
2.74199
6.56136
3.56656
5.74492
2.74199
6.56136
3.56656
12.6543
3.58367
6.99356
2.75427
12.6543
3.58367
6.99356
2.75427
19.8516
19.2869
10.3735
9.51616
19.8516
19.2869
10.3735
9.51616
8.4909
7.27587
5.61378
4.17799
8.4909
7.27587
5.61378
4.17799
20.8264
20.3301
12.3431
11.2172
20.8264
20.3301
12.3431
11.2172
18.6969
20.4275
8.59274
11.6173
18.6969
20.4275
8.59274
11.6173
1.09658
3.37854
0.556904
2.16288
1.09658
3.37854
0.556904
2.16288
1.43514
9.85662
1.40028
5.0829
1.43514
9.85662
1.40028
5.0829
0.10928
0.451014
0.255044
0.636914
0.10928
0.451014
0.255044
0.636914
0.632353
0.495641
1.5461
1.82719
0.632353
0.495641
1.5461
1.82719
0.211328
0.104501
0.367926
0.228978
0.211328
0.104501
0.367926
0.228978
1.47632
0.430331
1.4503
0.602147
1.47632
0.430331
1.4503
0.602147
0.336781
0.709658
0.948681
1.8451
0.336781
0.709658
0.948681
1.8451
0.102346
0.212192
0.1861
0.401774
0.102346
0.212192
0.1861
0.401774
0.446393
0.105859
0.646261
0.201055
0.446393
0.105859
0.646261
0.201055
5.2582
1.9373
6.4247
3.29941
5.2582
1.9373
6.4247
3.29941
10.4074
1.46195
6.12069
1.55785
10.4074
1.46195
6.12069
1.55785
19.8737
19.315
10.3761
9.54474
19.8737
19.315
10.3761
9.54474
8.49178
7.2777
5.61446
4.18203
8.49178
7.2777
5.61446
4.18203
20.8362
20.3248
12.3418
11.2236
20.8362
20.3248
12.3418
11.2236
18.6638
20.4091
8.56678
11.6183
18.6638
20.4091
8.56678
11.6183
2.00839
3.9337
1.13111
2.57184
2.00839
3.9337
1.13111
2.57184
3.58964
12.061
2.67683
5.93019
3.58964
12.061
2.67683
5.93019
0.442062
1.50698
0.698926
1.51007
0.442062
1.50698
0.698926
1.51007
0.336781
0.709658
0.948681
1.8451
0.336781
0.709658
0.948681
1.8451
0.102346
0.212192
0.1861
0.401774
0.102346
0.212192
0.1861
0.401774
0.446393
0.105859
0.646261
0.201055
0.446393
0.105859
0.646261
0.201055
5.2582
1.9373
6.4247
3.29941
5.2582
1.9373
6.4247
3.29941
10.4074
1.46195
6.12069
1.55785
10.4074
1.46195
6.12069
1.55785
19.8737
19.315
10.3761
9.54474
19.8737
19.315
10.3761
9.54474
8.49178
7.2777
5.61446
4.18203
8.49178
7.2777
5.61446
4.18203
20.8362
20.3248
12.3418
11.2236
20.8362
20.3248
12.3418
11.2236
18.6638
20.4091
8.56678
11.6183
18.6638
20.4091
8.56678
11.6183
2.00839
3.9337
1.13111
2.57184
2.00839
3.9337
1.13111
2.57184
3.58964
12.061
2.67683
5.93019
3.58964
12.061
2.67683
5.93019
0.442062
1.50698
0.698926
1.51007
0.442062
1.50698
0.698926
1.51007
0.336781
0.709658
0.948681
1.8451
0.336781
0.709658
0.948681
1.8451
0.102346
0.212192
0.1861
0.401774
0.102346
0.212192
0.1861
0.401774
0.446393
0.105859
0.646261
0.201055
0.446393
0.105859
0.646261
0.201055
5.2582
1.9373
6.4247
3.29941
5.2582
1.9373
6.4247
3.29941
10.4074
1.46195
6.12069
1.55785
10.4074
1.46195
6.12069
1.55785
19.8737
19.315
10.3761
9.54474
19.8737
19.315
10.3761
9.54474
8.49178
7.2777
5.61446
4.18203
8.49178
7.2777
5.61446
4.18203
20.8362
20.3248
12.3418
11.2236
20.8362
20.3248
12.3418
11.2236
18.6638
20.4091
8.56678
11.6183
18.6638
20.4091
8.56678
11.6183
2.00839
3.9337
1.13111
2.57184
2.00839
3.9337
1.13111
2.57184
3.58964
12.061
2.67683
5.93019
3.58964
12.061
2.67683
5.93019
0.442062
1.50698
0.698926
1.51007
0.442062
1.50698
0.698926
1.51007
5.74492
2.74199
6.56136
3.56656
5.74492
2.74199
6.56136
3.56656
12.6543
3.58367
6.99356
2.75427
12.6543
3.58367
6.99356
2.75427
19.8516
19.2869
10.3735
9.51616
19.8516
19.2869
10.3735
9.51616
8.4909
7.27587
5.61378
4.17799
8.4909
7.27587
5.61378
4.17799
20.8264
20.3301
12.3431
11.2172
20.8264
20.3301
12.3431
11.2172
18.6969
20.4275
8.59274
11.6173
18.6969
20.4275
8.59274
11.6173
1.09658
3.37854
0.556904
2.16288
1.09658
3.37854
0.556904
2.16288
1.43514
9.85662
1.40028
5.0829
1.43514
9.85662
1.40028
5.0829
0.10928
0.451014
0.255044
0.636914
0.10928
0.451014
0.255044
0.636914
0.632353
0.495641
1.5461
1.82719
0.632353
0.495641
1.5461
1.82719
0.211328
0.104501
0.367926
0.228978
0.211328
0.104501
0.367926
0.228978
1.47632
0.430331
1.4503
0.602147
1.47632
0.430331
1.4503
0.602147
5.74492
2.74199
6.56136
3.56656
5.74492
2.74199
6.56136
3.56656
12.6543
3.58367
6.99356
2.75427
12.6543
3.58367
6.99356
2.75427
19.8516
19.2869
10.3735
9.51616
19.8516
19.2869
10.3735
9.51616
8.4909
7.27587
5.61378
4.17799
8.4909
7.27587
5.61378
4.17799
20.8264
20.3301
12.3431
11.2172
20.8264
20.3301
12.3431
11.2172
18.6969
20.4275
8.59274
11.6173
18.6969
20.4275
8.59274
11.6173
1.09658
3.37854
0.556904
2.16288
1.09658
3.37854
0.556904
2.16288
1.43514
9.85662
1.40028
5.0829
1.43514
9.85662
1.40028
5.0829
0.10928
0.451014
0.255044
0.636914
0.10928
0.451014
0.255044
0.636914
0.632353
0.495641
1.5461
1.82719
0.632353
0.495641
1.5461
1.82719
0.211328
0.104501
0.367926
0.228978
0.211328
0.104501
0.367926
0.228978
1.47632
0.430331
1.4503
0.602147
1.47632
0.430331
1.4503
0.602147
5.74492
2.74199
6.56136
3.56656
5.74492
2.74199
6.56136
3.56656
12.6543
3.58367
6.99356
2.75427
12.6543
3.58367
6.99356
2.75427
19.8516
19.2869
10.3735
9.51616
19.8516
19.2869
10.3735
9.51616
8.4909
7.27587
5.61378
4.17799
8.4909
7.27587
5.61378
4.17799
20.8264
20.3301
12.3431
11.2172
20.8264
20.3301
12.3431
11.2172
18.6969
20.4275
8.59274
11.6173
18.6969
20.4275
8.59274
11.6173
1.09658
3.37854
0.556904
2.16288
1.09658
3.37854
0.556904
2.16288
1.43514
9.85662
1.40028
5.0829
1.43514
9.85662
1.40028
5.0829
0.10928
0.451014
0.255044
0.636914
0.10928
0.451014
0.255044
0.636914
0.632353
0.495641
1.5461
1.82719
0.632353
0.495641
1.5461
1.82719
0.211328
0.104501
0.367926
0.228978
0.211328
0.104501
0.367926
0.228978
1.47632
0.430331
1.4503
0.602147
1.47632
0.430331
1.4503
0.602147
0.336781
0.709658
0.948681
1.8451
0.336781
0.709658
0.948681
1.8451
0.102346
0.212192
0.1861
0.401774
0.102346
0.212192
0.1861
0.401774
0.446393
0.105859
0.646261
0.201055
0.446393
0.105859
0.646261
0.201055
5.2582
1.9373
6.4247
3.29941
5.2582
1.9373
6.4247
3.29941
10.4074
1.46195
6.12069
1.55785
10.4074
1.46195
6.12069
1.55785
19.8737
19.315
10.3761
9.54474
19.8737
19.315
10.3761
9.54474
8.49178
7.2777
5.61446
4.18203
8.49178
7.2777
5.61446
4.18203
20.8362
20.3248
12.3418
11.2236
20.8362
20.3248
12.3418
11.2236
18.6638
20.4091
8.56678
11.6183
18.6638
20.4091
8.56678
11.6183
2.00839
3.9337
1.13111
2.57184
2.00839
3.9337
1.13111
2.57184
3.58964
12.061
2.67683
5.93019
3.58964
12.061
2.67683
5.93019
0.442062
1.50698
0.698926
1.51007
0.442062
1.50698
0.698926
1.51007
0.336781
0.709658
0.948681
1.8451
0.336781
0.709658
0.948681
1.8451
0.102346
0.212192
0.1861
0.401774
0.102346
0.212192
0.1861
0.401774
0.446393
0.105859
0.646261
0.201055
0.446393
0.105859
0.646261
0.201055
5.2582
1.9373
6.4247
3.29941
5.2582
1.9373
6.4247
3.29941
10.4074
1.46195
6.12069
1.55785
10.4074
1.46195
6.12069
1.55785
19.8737
19.315
10.3761
9.54474
19.8737
19.315
10.3761
9.54474
8.49178
7.2777
5.61446
4.18203
8.49178
7.2777
5.61446
4.18203
20.8362
20.3248
12.3418
11.2236
20.8362
20.3248
12.3418
11.2236
18.6638
20.4091
8.56678
11.6183
18.6638
20.4091
8.56678
11.6183
2.00839
3.9337
1.13111
2.57184
2.00839
3.9337
1.13111
2.57184
3.58964
12.061
2.67683
5.93019
3.58964
12.061
2.67683
5.93019
0.442062
1.50698
0.698926
1.51007
0.442062
1.50698
0.698926
1.51007
0.336781
0.709658
0.948681
1.8451
0.336781
0.709658
0.948681
1.8451
0.102346
0.212192
0.1861
0.401774
0.102346
0.212192
0.1861
0.401774
0.446393
0.105859
0.646261
0.201055
0.446393
0.105859
0.646261
0.201055
5.2582
1.9373
6.4247
3.29941
5.2582
1.9373
6.4247
3.29941
10.4074
1.46195
6.12069
1.55785
10.4074
1.46195
6.12069
1.55785
19.8737
19.315
10.3761
9.54474
19.8737
19.315
10.3761
9.54474
8.49178
7.2777
5.61446
4.18203
8.49178
7.2777
5.61446
4.18203
20.8362
20.3248
12.3418
11.2236
20.8362
20.3248
12.3418
11.2236
18.6638
20.4091
8.56678
11.6183
18.6638
20.4091
8.56678
11.6183
2.00839
3.9337
1.13111
2.57184
2.00839
3.9337
1.13111
2.57184
3.58964
12.061
2.67683
5.93019
3.58964
12.061
2.67683
5.93019
0.442062
1.50698
0.698926
1.51007
0.442062
1.50698
0.698926
1.51007
6.96184e-05
3.56211e-05
6.96184e-05
3.56211e-05
6.96007e-05
3.55902e-05
6.96007e-05
3.55902e-05
0.000142092
9.84159e-05
0.000142092
9.84159e-05
0.000142085
9.8404e-05
0.000142085
9.8404e-05
0.000229486
0.000177246
0.000229486
0.000177246
0.000229485
0.000177242
0.000229485
0.000177242
6.96184e-05
3.56211e-05
6.96184e-05
3.56211e-05
6.96007e-05
3.55902e-05
6.96007e-05
3.55902e-05
0.000142092
9.84159e-05
0.000142092
9.84159e-05
0.000142085
9.8404e-05
0.000142085
9.8404e-05
0.000229486
0.000177246
0.000229486
0.000177246
0.000229485
0.000177242
0.000229485
0.000177242
6.96184e-05
3.56211e-05
6.96184e-05
3.56211e-05
6.96007e-05
3.55902e-05
6.96007e-05
3.55902e-05
0.000142092
9.84159e-05
0.000142092
9.84159e-05
0.000142085
9.8404e-05
0.000142085
9.8404e-05
0.000229486
0.000177246
0.000229486
0.000177246
0.000229485
0.000177242
0.000229485
0.000177242
6.95933e-05
3.55708e-05
6.95933e-05
3.55708e-05
6.96103e-05
3.55784e-05
6.96103e-05
3.55784e-05
0.000142083
9.83992e-05
0.000142083
9.83992e-05
0.000142087
9.84054e-05
0.000142087
9.84054e-05
0.000229484
0.00017724
0.000229484
0.00017724
0.000229485
0.000177243
0.000229485
0.000177243
6.95933e-05
3.55708e-05
6.95933e-05
3.55708e-05
6.96103e-05
3.55784e-05
6.96103e-05
3.55784e-05
0.000142083
9.83992e-05
0.000142083
9.83992e-05
0.000142087
9.84054e-05
0.000142087
9.84054e-05
0.000229484
0.00017724
0.000229484
0.00017724
0.000229485
0.000177243
0.000229485
0.000177243
6.95933e-05
3.55708e-05
6.95933e-05
3.55708e-05
6.96103e-05
3.55784e-05
6.96103e-05
3.55784e-05
0.000142083
9.83992e-05
0.000142083
9.83992e-05
0.000142087
9.84054e-05
0.000142087
9.84054e-05
0.000229484
0.00017724
0.000229484
0.00017724
0.000229485
0.000177243
0.000229485
0.000177243
6.96048e-05
3.56175e-05
6.96048e-05
3.56175e-05
6.96269e-05
3.56151e-05
6.96269e-05
3.56151e-05
0.000142092
9.84153e-05
0.000142092
9.84153e-05
0.000142098
9.84221e-05
0.000142098
9.84221e-05
0.000229486
0.000177247
0.000229486
0.000177247
0.000229487
0.00017725
0.000229487
0.00017725
6.96048e-05
3.56175e-05
6.96048e-05
3.56175e-05
6.96269e-05
3.56151e-05
6.96269e-05
3.56151e-05
0.000142092
9.84153e-05
0.000142092
9.84153e-05
0.000142098
9.84221e-05
0.000142098
9.84221e-05
0.000229486
0.000177247
0.000229486
0.000177247
0.000229487
0.00017725
0.000229487
0.00017725
6.96048e-05
3.56175e-05
6.96048e-05
3.56175e-05
6.96269e-05
3.56151e-05
6.96269e-05
3.56151e-05
0.000142092
9.84153e-05
0.000142092
9.84153e-05
0.000142098
9.84221e-05
0.000142098
9.84221e-05
0.000229486
0.000177247
0.000229486
0.000177247
0.000229487
0.00017725
0.000229487
0.00017725
6.96011e-05
3.55907e-05
6.96011e-05
3.55907e-05
6.96172e-05
3.56113e-05
6.96172e-05
3.56113e-05
0.000142085
9.84042e-05
0.000142085
9.84042e-05
0.000142092
9.84147e-05
0.000142092
9.84147e-05
0.000229485
0.000177242
0.000229485
0.000177242
0.000229486
0.000177246
0.000229486
0.000177246
6.96011e-05
3.55907e-05
6.96011e-05
3.55907e-05
6.96172e-05
3.56113e-05
6.96172e-05
3.56113e-05
0.000142085
9.84042e-05
0.000142085
9.84042e-05
0.000142092
9.84147e-05
0.000142092
9.84147e-05
0.000229485
0.000177242
0.000229485
0.000177242
0.000229486
0.000177246
0.000229486
0.000177246
6.96011e-05
3.55907e-05
6.96011e-05
3.55907e-05
6.96172e-05
3.56113e-05
6.96172e-05
3.56113e-05
0.000142085
9.84042e-05
0.000142085
9.84042e-05
0.000142092
9.84147e-05
0.000142092
9.84147e-05
0.000229485
0.000177242
0.000229485
0.000177242
0.000229486
0.000177246
0.000229486
0.000177246
6.96062e-05
3.55645e-05
6.96062e-05
3.55645e-05
6.95937e-05
3.55809e-05
6.95937e-05
3.55809e-05
0.000142085
9.84017e-05
0.000142085
9.84017e-05
0.000142082
9.83998e-05
0.000142082
9.83998e-05
0.000229484
0.000177241
0.000229484
0.000177241
0.000229484
0.00017724
0.000229484
0.00017724
6.96062e-05
3.55645e-05
6.96062e-05
3.55645e-05
6.95937e-05
3.55809e-05
6.95937e-05
3.55809e-05
0.000142085
9.84017e-05
0.000142085
9.84017e-05
0.000142082
9.83998e-05
0.000142082
9.83998e-05
0.000229484
0.000177241
0.000229484
0.000177241
0.000229484
0.00017724
0.000229484
0.00017724
6.96062e-05
3.55645e-05
6.96062e-05
3.55645e-05
6.95937e-05
3.55809e-05
6.95937e-05
3.55809e-05
0.000142085
9.84017e-05
0.000142085
9.84017e-05
0.000142082
9.83998e-05
0.000142082
9.83998e-05
0.000229484
0.000177241
0.000229484
0.000177241
0.000229484
0.00017724
0.000229484
0.00017724
6.96276e-05
3.56258e-05
6.96276e-05
3.56258e-05
6.96027e-05
3.56145e-05
6.96027e-05
3.56145e-05
0.000142098
9.84229e-05
0.000142098
9.84229e-05
0.000142091
9.84133e-05
0.000142091
9.84133e-05
0.000229487
0.00017725
0.000229487
0.00017725
0.000229486
0.000177246
0.000229486
0.000177246
6.96276e-05
3.56258e-05
6.96276e-05
3.56258e-05
6.96027e-05
3.56145e-05
6.96027e-05
3.56145e-05
0.000142098
9.84229e-05
0.000142098
9.84229e-05
0.000142091
9.84133e-05
0.000142091
9.84133e-05
0.000229487
0.00017725
0.000229487
0.00017725
0.000229486
0.000177246
0.000229486
0.000177246
6.96276e-05
3.56258e-05
6.96276e-05
3.56258e-05
6.96027e-05
3.56145e-05
6.96027e-05
3.56145e-05
0.000142098
9.84229e-05
0.000142098
9.84229e-05
0.000142091
9.84133e-05
0.000142091
9.84133e-05
0.000229487
0.00017725
0.000229487
0.00017725
0.000229486
0.000177246
0.000229486
0.000177246
0.00017725
0.000229487
0.00017725
0.000229487
0.000177247
0.000229486
0.000177247
0.000229486
9.84221e-05
0.000142098
9.84221e-05
0.000142098
9.84153e-05
0.000142092
9.84153e-05
0.000142092
3.56151e-05
6.96269e-05
3.56151e-05
6.96269e-05
3.56175e-05
6.96048e-05
3.56175e-05
6.96048e-05
0.00017725
0.000229487
0.00017725
0.000229487
0.000177247
0.000229486
0.000177247
0.000229486
9.84221e-05
0.000142098
9.84221e-05
0.000142098
9.84153e-05
0.000142092
9.84153e-05
0.000142092
3.56151e-05
6.96269e-05
3.56151e-05
6.96269e-05
3.56175e-05
6.96048e-05
3.56175e-05
6.96048e-05
0.00017725
0.000229487
0.00017725
0.000229487
0.000177247
0.000229486
0.000177247
0.000229486
9.84221e-05
0.000142098
9.84221e-05
0.000142098
9.84153e-05
0.000142092
9.84153e-05
0.000142092
3.56151e-05
6.96269e-05
3.56151e-05
6.96269e-05
3.56175e-05
6.96048e-05
3.56175e-05
6.96048e-05
0.000177243
0.000229485
0.000177243
0.000229485
0.00017724
0.000229484
0.00017724
0.000229484
9.84054e-05
0.000142087
9.84054e-05
0.000142087
9.83992e-05
0.000142083
9.83992e-05
0.000142083
3.55784e-05
6.96103e-05
3.55784e-05
6.96103e-05
3.55708e-05
6.95933e-05
3.55708e-05
6.95933e-05
0.000177243
0.000229485
0.000177243
0.000229485
0.00017724
0.000229484
0.00017724
0.000229484
9.84054e-05
0.000142087
9.84054e-05
0.000142087
9.83992e-05
0.000142083
9.83992e-05
0.000142083
3.55784e-05
6.96103e-05
3.55784e-05
6.96103e-05
3.55708e-05
6.95933e-05
3.55708e-05
6.95933e-05
0.000177243
0.000229485
0.000177243
0.000229485
0.00017724
0.000229484
0.00017724
0.000229484
9.84054e-05
0.000142087
9.84054e-05
0.000142087
9.83992e-05
0.000142083
9.83992e-05
0.000142083
3.55784e-05
6.96103e-05
3.55784e-05
6.96103e-05
3.55708e-05
6.95933e-05
3.55708e-05
6.95933e-05
0.000177242
0.000229485
0.000177242
0.000229485
0.000177246
0.000229486
0.000177246
0.000229486
9.8404e-05
0.000142085
9.8404e-05
0.000142085
9.84159e-05
0.000142092
9.84159e-05
0.000142092
3.55902e-05
6.96007e-05
3.55902e-05
6.96007e-05
3.56211e-05
6.96184e-05
3.56211e-05
6.96184e-05
0.000177242
0.000229485
0.000177242
0.000229485
0.000177246
0.000229486
0.000177246
0.000229486
9.8404e-05
0.000142085
9.8404e-05
0.000142085
9.84159e-05
0.000142092
9.84159e-05
0.000142092
3.55902e-05
6.96007e-05
3.55902e-05
6.96007e-05
3.56211e-05
6.96184e-05
3.56211e-05
6.96184e-05
0.000177242
0.000229485
0.000177242
0.000229485
0.000177246
0.000229486
0.000177246
0.000229486
9.8404e-05
0.000142085
9.8404e-05
0.000142085
9.84159e-05
0.000142092
9.84159e-05
0.000142092
3.55902e-05
6.96007e-05
3.55902e-05
6.96007e-05
3.56211e-05
6.96184e-05
3.56211e-05
6.96184e-05
3.56113e-05
6.96172e-05
3.56113e-05
6.96172e-05
3.55907e-05
6.96011e-05
3.55907e-05
6.96011e-05
9.84147e-05
0.000142092
9.84147e-05
0.000142092
9.84042e-05
0.000142085
9.84042e-05
0.000142085
0.000177246
0.000229486
0.000177246
0.000229486
0.000177242
0.000229485
0.000177242
0.000229485
3.56113e-05
6.96172e-05
3.56113e-05
6.96172e-05
3.55907e-05
6.96011e-05
3.55907e-05
6.96011e-05
9.84147e-05
0.000142092
9.84147e-05
0.000142092
9.84042e-05
0.000142085
9.84042e-05
0.000142085
0.000177246
0.000229486
0.000177246
0.000229486
0.000177242
0.000229485
0.000177242
0.000229485
3.56113e-05
6.96172e-05
3.56113e-05
6.96172e-05
3.55907e-05
6.96011e-05
3.55907e-05
6.96011e-05
9.84147e-05
0.000142092
9.84147e-05
0.000142092
9.84042e-05
0.000142085
9.84042e-05
0.000142085
0.000177246
0.000229486
0.000177246
0.000229486
0.000177242
0.000229485
0.000177242
0.000229485
3.55809e-05
6.95937e-05
3.55809e-05
6.95937e-05
3.55645e-05
6.96062e-05
3.55645e-05
6.96062e-05
9.83998e-05
0.000142082
9.83998e-05
0.000142082
9.84017e-05
0.000142085
9.84017e-05
0.000142085
0.00017724
0.000229484
0.00017724
0.000229484
0.000177241
0.000229484
0.000177241
0.000229484
3.55809e-05
6.95937e-05
3.55809e-05
6.95937e-05
3.55645e-05
6.96062e-05
3.55645e-05
6.96062e-05
9.83998e-05
0.000142082
9.83998e-05
0.000142082
9.84017e-05
0.000142085
9.84017e-05
0.000142085
0.00017724
0.000229484
0.00017724
0.000229484
0.000177241
0.000229484
0.000177241
0.000229484
3.55809e-05
6.95937e-05
3.55809e-05
6.95937e-05
3.55645e-05
6.96062e-05
3.55645e-05
6.96062e-05
9.83998e-05
0.000142082
9.83998e-05
0.000142082
9.84017e-05
0.000142085
9.84017e-05
0.000142085
0.00017724
0.000229484
0.00017724
0.000229484
0.000177241
0.000229484
0.000177241
0.000229484
3.56145e-05
6.96027e-05
3.56145e-05
6.96027e-05
3.56258e-05
6.96276e-05
3.56258e-05
6.96276e-05
9.84133e-05
0.000142091
9.84133e-05
0.000142091
9.84229e-05
0.000142098
9.84229e-05
0.000142098
0.000177246
0.000229486
0.000177246
0.000229486
0.00017725
0.000229487
0.00017725
0.000229487
3.56145e-05
6.96027e-05
3.56145e-05
6.96027e-05
3.56258e-05
6.96276e-05
3.56258e-05
6.96276e-05
9.84133e-05
0.000142091
9.84133e-05
0.000142091
9.84229e-05
0.000142098
9.84229e-05
0.000142098
0.000177246
0.000229486
0.000177246
0.000229486
0.00017725
0.000229487
0.00017725
0.000229487
3.56145e-05
6.96027e-05
3.56145e-05
6.96027e-05
3.56258e-05
6.96276e-05
3.56258e-05
6.96276e-05
9.84133e-05
0.000142091
9.84133e-05
0.000142091
9.84229e-05
0.000142098
9.84229e-05
0.000142098
0.000177246
0.000229486
0.000177246
0.000229486
0.00017725
0.000229487
0.00017725
0.000229487
